475,71,629,435,620,35,767,696,797,206,415,607,536,466,379,478,921,612,469,96
885,597,134,558,118,323,198,564,226,126,980,103,141,436,100,663,271,402,437,264
227,821,884,187,327,911,887,501,90,606,943,278,485,53,670,166,148,444,242,117
128,827,496,153,19,638,530,691,76,186,988,517,723,498,739,894,533,735,424,493
136,57,751,421,996,98,488,828,601,852,635,203,353,259,146,154,824,165,847,231
329,830,266,188,689,438,637,600,122,992,833,820,815,624,280,3,123,961,932,89
107,345,454,500,392,228,396,579,157,155,633,761,950,915,960,809,105,675,325,492
285,892,549,130,874,169,310,580,313,93,112,210,290,555,463,384,818,998,846,657
173,851,596,349,459,755,738,899,299,91,380,528,869,482,377,641,330,582,167,527
449,914,643,336,140,825,77,864,978,344,36,200,673,772,472,631,94,209,690,930
309,491,567,460,548,844,318,279,423,807,487,409,408,177,432,236,989,382,834,617
639,254,44,604,544,453,893,164,672,446,27,812,34,722,680,614,181,731,135,489
70,688,255,170,116,765,667,857,725,442,85,51,957,52,862,400,306,192,238,300
545,276,546,848,890,288,41,312,880,903,425,340,405,397,171,881,494,938,497,997
594,574,343,32,668,792,532,859,877,781,393,994,388,316,769,314,749,413,263,829
883,86,235,102,702,315,272,461,250,808,149,968,232,50,508,142,274,359,207,568
54,593,45,156,332,964,150,293,730,622,790,73,817,302,556,524,660,284,356,277
776,443,636,523,321,923,843,304,551,33,418,14,954,317,664,385,416,82,411,984
447,4,419,394,740,554,247,360,967,562,67,389,598,595,949,860,22,84,428,655
56,867,273,163,929,194,509,43,60,801,798,770,927,919,361,858,625,291,565,695
199,495,999,220,358,219,619,856,433,763,760,918,786,381,239,339,145,713,1000,947
294,5,244,727,516,63,445,800,753,557,383,841,726,945,861,535,75,575,784,338
297,477,762,127,374,243,176,584,651,211,621,842,587,682,106,608,109,717,654,522
387,223,976,591,718,987,886,578,229,69,616,151,685,694,507,958,367,814,121,351
909,378,541,837,502,990,956,193,744,521,152,161,283,484,221,29,295,448,480,486
774,697,465,282,265,889,81,512,732,115,143,537,289,897,572,933,995,17,626,458
366,898,941,585,363,906,531,879,910,305,11,490,646,138,838,395,474,311,845,975
182,787,878,966,172,806,615,441,257,734,12,948,467,692,401,190,464,677,267,347
973,471,782,913,132,455,926,983,547,301,375,977,573,805,935,888,559,234,971,982
745,647,99,430,110,951,119,434,217,839,505,303,120,191,965,721,908,87,426,552
539,581,46,320,129,525,796,720,905,835,365,215,795,775,589,25,561,499,703,931
16,802,974,212,627,773,707,891,137,684,403,328,613,483,410,742,785,681,131,139
451,55,793,704,269,605,180,348,47,836,213,872,124,777,649,788,260,902,570,225
875,398,48,275,61,470,810,8,158,920,534,671,538,925,728,683,590,233,794,705
15,904,241,97,197,934,743,758,699,202,476,706,623,804,24,331,714,324,40,479
473,849,840,31,174,783,855,944,406,803,125,307,296,13,252,952,355,895,429,20
611,759,752,865,357,201,543,364,553,602,746,962,26,993,101,823,768,399,390,678
185,346,645,708,341,88,104,756,662,281,729,506,583,452,249,30,819,661,262,18
592,853,780,618,369,7,21,754,991,679,693,2,39,251,901,712,979,560,159,160
230,337,866,969,111,871,195,789,248,427,985,450,748,736,168,440,900,711,175,766
610,370,518,586,576,737,23,431,563,981,907,144,710,133,504,896,757,863,628,92
108,113,741,342,826,876,65,942,371,162,609,850,513,940,205,953,666,335,147,240
550,439,686,253,946,665,526,924,66,912,955,799,917,630,588,417,709,571,715,520
298,83,831,716,822,511,237,750,58,37,114,659,468,391,292,372,6,566,653,457
95,456,970,642,178,270,376,832,333,287,747,577,632,258,326,214,246,937,724,603
404,319,510,811,256,644,224,422,286,936,72,204,963,420,854,368,62,354,733,656
386,868,599,216,816,1,873,870,189,515,922,49,352,196,771,78,322,10,218,634
362,701,882,407,268,183,939,764,658,80,184,698,986,972,928,245,42,514,68,28
261,700,569,676,9,719,462,414,208,650,648,687,79,778,64,373,481,308,669,652
519,813,222,640,540,334,959,779,674,350,38,59,74,529,542,503,791,412,179,916
