1992,7061,217,1778,5803,1666,90,2043,4240,2437,1499,3129,3384,8193,8787,9355,1942,6905,4026,2036
9943,4298,7793,8772,1161,974,8704,9037,4768,9059,5410,2200,3533,9249,9470,504,6418,5364,2960,227
2486,4708,2378,1357,1164,4896,4586,8245,5917,4941,9823,3845,9181,3471,4783,6694,4325,7574,4080,4755
4042,4692,8460,875,5271,5524,4615,4314,7336,463,2718,292,4683,7192,4359,8910,5139,2689,6015,1189
4776,6250,6294,7305,3502,4321,5535,863,474,1604,7485,59,6006,1345,5000,7391,8261,2767,5357,619
1318,3779,6765,915,1854,8440,1958,3979,894,4127,5908,2879,6173,9855,482,4423,9136,1804,5826,4697
7844,9849,1366,7429,1855,700,6073,6571,5692,6371,3408,9452,2930,2686,9103,2345,1866,4898,1221,9545
2062,2442,1308,6943,2476,7676,5723,26,8076,6116,6381,8679,4545,3588,6902,2964,5567,844,6910,1451
6014,2549,9832,6601,5130,848,3995,7154,1438,2755,3844,1425,2030,6369,8867,2168,731,9048,7283,6575
8980,5529,4434,7591,2580,2001,1892,4906,4440,4382,2562,6056,3382,3200,7467,5393,4495,3956,352,4430
1843,1655,6170,1618,3755,7604,5019,1225,7931,665,7769,9904,9864,7986,8943,1486,5920,3828,56,4798
6683,9305,8914,2370,1349,1829,1693,5565,6316,9273,795,3,533,342,4913,10,4827,2749,1518,1838
5872,6417,2077,4596,8251,5735,1370,1341,3447,2054,4046,5706,4017,2803,1644,3641,1673,5287,7022,3972
4130,1402,9030,7473,6623,847,7774,8784,4534,2534,8805,5980,5038,1670,8289,4699,2677,2922,7157,3132
5112,2316,3563,9587,4394,3820,158,3025,2181,4757,7123,9632,7230,9323,8468,1947,3321,7524,3501,8255
2344,6759,6890,4664,4979,8606,7900,4910,9720,8633,7299,7871,3406,3436,3280,46,6023,1201,9188,258
1413,1902,9154,4035,6475,9705,2074,78,4507,6167,7551,914,9934,5097,3589,1001,8333,7617,3529,5236
5659,1795,9148,61,7263,7920,5748,324,580,9076,7545,9298,4967,5256,4907,7678,4283,2856,366,6798
3222,6611,4557,2399,8972,3014,4919,3511,7000,7925,5368,996,5451,1206,8862,8462,3629,6681,2435,1752
1776,5170,1662,9807,6581,2713,3360,4453,2411,3817,1690,637,7334,7436,5295,6104,4073,3610,9522,5936
2107,8367,378,2823,9128,8236,3615,451,1578,6794,8970,7371,3269,1369,8369,2182,3792,2671,728,943
3080,856,6017,7112,1239,8265,4685,2384,9853,368,9478,1313,9124,3254,7997,7915,6246,9970,3347,8801
6732,8559,7516,6103,7381,8263,8201,5804,2567,6021,3852,2351,2961,9558,3411,8926,4807,1099,7785,1433
5017,9294,3453,565,2338,3291,6226,1368,6141,1081,4131,5396,8516,2828,3556,9307,4526,695,8061,881
4726,3831,3614,6459,1398,8763,5177,3067,441,2609,3359,8117,4336,2889,1512,14,1481,1086,3949,714
8948,8947,2430,4745,4648,7309,6626,6746,7128,2020,5733,2938,1896,3128,759,6904,1439,1426,250,1172
6122,4917,4805,9429,5384,7667,6620,2816,2762,8560,1856,3825,803,630,5998,4938,8896,3261,7821,128
221,2172,4257,9467,9397,6824,6458,3721,6063,472,7265,8116,5369,2245,8549,6354,3729,2258,4569,5828
6107,4061,8059,411,3400,9592,3293,1053,3730,3187,8316,5747,878,6074,4289,8137,1730,9316,5418,8894
5979,4566,219,2785,1014,5875,7549,2007,7137,2461,4335,1199,7152,5472,9219,4616,3081,7438,9166,682
4550,9553,6533,8836,3785,7312,6511,1176,6380,6095,4729,2570,4275,6196,2059,4548,3063,5088,1477,6570
3780,1419,6163,5264,1330,6081,6065,4220,3628,4093,9046,419,6266,426,4215,3177,5870,3722,4700,7175
6856,2093,7666,4301,45,765,5233,2115,8913,761,7476,385,8310,6618,1743,2571,3351,5076,4333,4845
6350,5753,2232,7696,7854,3026,4074,9485,8937,3933,1710,7111,1949,3771,7078,992,2819,2136,7184,1274
1908,382,2300,110,988,1273,6456,8066,8306,7531,2724,2658,2851,207,439,1809,3709,6320,8812,701
5307,91,8450,2846,9783,6446,5991,8754,185,5819,6956,6949,1594,9662,4375,2156,7830,8861,6115,134
7048,4095,8869,2312,4396,4206,2712,2213,2035,5531,3229,4612,9666,4578,7201,3189,3467,6843,3424,9894
9419,1047,2424,6127,506,6323,4957,3805,6258,9635,4442,2496,2238,8217,6734,9481,1852,8409,3895,4762
1177,4662,4751,5045,4246,6327,6090,2289,8358,4589,2732,6975,1641,509,6302,2880,4351,3599,1409,1751
6701,3416,2340,1261,7917,984,3732,1817,831,4836,1607,7460,3175,3218,5132,7685,7399,9120,3586,109
1128,3738,2441,2644,5949,853,1955,8517,9258,4001,9139,9235,618,5155,9310,6684,2582,6608,7751,513
8971,8074,9488,1083,7121,1983,4562,1032,3682,2768,6573,4782,9724,1054,7964,2979,4752,2991,1354,5788
4170,8457,927,246,4136,740,7923,4129,9404,5420,6892,6644,4760,8476,9306,4478,192,7241,1428,4374
9454,919,525,3770,9096,6548,5454,7160,4355,8094,4330,2904,2589,7290,5351,5688,2349,3748,4114,8799
5863,9653,2218,4467,1966,4718,1113,2359,9925,3224,4280,4724,2950,5259,1549,1635,5676,3037,5619,1884
1979,1096,5206,2917,3272,6308,6078,3598,5246,3154,7798,7011,7505,4863,1605,5276,5745,8768,6696,6148
5020,2095,976,5667,4168,9916,3832,9900,4514,3789,1232,7804,8902,5677,2655,7587,1969,3448,1914,44
2841,4540,6083,8919,7690,3696,6646,5743,9177,3838,9972,1828,6351,2302,1383,9633,610,205,7634,9550
6404,3657,2227,6773,5646,6779,5626,7183,6914,8293,2515,3840,3710,6342,6989,6077,1256,2292,3450,4362
6202,2858,7053,5336,9865,4092,4767,3661,4236,3796,8260,6938,1405,9742,3659,9243,2521,6271,2661,4282
4094,2893,786,7901,1480,1056,5536,1344,6326,5625,3042,7194,3325,7790,4687,7110,2319,4363,3225,6244
7555,6786,7980,4392,8545,3252,2049,1297,3213,7102,5564,2199,4742,6105,4629,5405,4228,1400,1471,5267
8406,8682,6112,9346,6628,4352,5508,4641,4066,3847,9541,537,1444,5650,2416,3602,9808,4744,954,7518
5182,2977,481,8233,2551,3532,2075,7341,3934,1711,5171,4632,2187,1547,2194,3079,7024,9032,798,8760
8745,8374,9340,4665,2621,4167,3164,397,6143,884,5891,8752,1464,8079,100,2322,6052,9272,5063,7057
5265,4977,8001,4112,8429,2298,1289,4723,1454,331,1906,4033,4878,4736,5066,7259,7411,6303,7775,1163
4463,5362,6474,5563,1684,7289,4489,5422,6960,2860,5857,895,9321,8404,6614,1187,7056,6205,1559,5486
9502,8584,6782,7630,1548,2854,3392,6253,2235,5782,8154,28,8241,7749,6409,8178,8676,5684,2419,9897
6983,390,3834,8764,9780,1928,3935,6106,5242,4353,3070,3258,4407,600,5250,6841,2327,1202,4456,7165
4303,1328,9034,3616,3101,126,7139,2329,1596,79,2027,2132,2947,2396,2771,2301,392,6839,2347,1125
3162,2721,671,3176,8138,3274,7416,360,1646,4763,3513,1630,9214,1980,612,3480,3421,4948,9932,1797
3023,9512,7459,3551,2320,8431,4360,447,9903,7760,6842,9747,3268,6589,7470,6716,3366,9162,6744,7840
8463,8957,2211,8119,3724,8304,7188,5120,7649,3685,6755,7621,1482,3975,2207,4254,9268,379,6593,1995
8033,3112,8015,517,9817,3403,7763,747,7947,2324,1030,9634,2393,6582,2191,3144,2546,3419,3193,7817
7105,9474,9301,4292,3910,1156,743,6079,9945,6799,9056,230,1700,2653,3159,909,3669,1736,4881,5868
1238,8720,7335,758,11,9594,323,4609,7196,873,2583,1853,9973,1029,7529,4182,1162,8081,5791,5516
2916,444,237,3751,5414,6805,8148,8891,9226,9554,3801,4639,3344,5103,7482,9495,2397,9942,2341,9740
9621,8678,8258,8170,3787,3460,8934,8786,2256,1862,8626,7542,5963,8613,2808,5142,3109,5266,8844,3762
8115,5729,8254,2499,5216,900,8737,9260,1554,5786,289,2081,2766,6495,1406,1333,7469,7848,8191,1375
6053,6343,1824,717,9129,2963,8642,7579,4727,5032,2335,3174,7533,934,3996,8109,2537,1612,299,5534
8707,1251,782,9992,9962,8796,4955,2902,1335,3304,7654,6793,632,417,8354,8525,6666,3486,1741,7180
5217,8823,4038,6245,4124,3993,496,9680,6833,5027,6072,2988,2955,3684,2082,1999,1450,2101,3373,8882
9532,7787,6339,5611,6616,5722,9198,6492,6884,3806,9483,6168,7560,6766,7093,2843,3157,174,4592,7935
7967,398,5779,9993,2553,6876,7852,3568,2696,2283,2675,5952,2720,3405,7874,628,7499,1889,8978,2667
9009,6648,194,3028,5910,6725,3872,4925,815,6276,3358,2126,3891,3601,1048,2212,9937,4448,9245,2125
4876,4027,2402,1260,2706,2071,2108,9114,6185,8605,1787,1219,36,8487,546,3790,833,6790,1342,6922
8656,3962,4268,498,6971,1591,7458,1988,9367,2307,142,9802,719,6829,3282,4570,5098,2994,694,1488
9879,6405,4873,3151,7101,6509,5096,3544,890,1805,1303,8422,3036,2603,7600,7780,3909,2008,5837,6636
3161,622,5751,7898,2842,5582,9543,784,8534,2577,3285,9135,1010,8659,4422,2613,9989,4541,4988,1760
7740,5685,8520,7422,4969,2032,9157,4266,1000,3932,2153,1718,6,1701,7215,1435,4819,2504,8017,1307
5161,4399,3375,3889,9801,693,8385,8877,4796,5643,5620,4485,7220,3504,3412,1944,4366,5853,5214,6037
8771,9155,2688,8769,4072,9356,4575,2949,5989,964,2270,8372,9401,1585,66,3495,1017,7060,763,2883
1121,9547,6134,559,3107,7385,6008,6668,9395,4232,9757,3395,1619,2360,3765,7087,3986,9431,2624,1373
8075,5663,6419,646,2149,6591,9051,1973,6743,526,4237,2927,5836,5033,1957,1338,7736,6043,6603,6423
7788,383,4868,2898,9964,6265,8483,4930,9241,2299,4628,3613,2987,6364,1440,3689,6269,5239,2554,8577
2481,3098,3182,2265,2529,9234,4650,4460,1913,4057,3522,4085,4493,511,5571,1904,5312,2526,5616,5389
6191,2593,188,5440,7260,4581,7716,5173,6673,2356,9754,3674,7527,3713,9873,1872,8273,3836,9473,9941
3818,9291,1712,7668,5861,8464,8829,4176,5975,8803,4147,6119,6700,7205,9428,6822,8393,3441,2048,99
8434,7567,9151,7284,8872,3123,8176,8286,8350,8709,7998,9165,7564,1737,4171,2089,2687,5073,4501,3525
6621,6924,2817,3096,2210,3013,6932,9791,3553,3912,778,1576,255,7652,8981,5487,7120,1192,3060,8708
5887,5797,6365,2792,6248,4161,8443,3401,574,7107,9570,2040,5035,7575,4746,2446,3183,3991,4959,4512
6769,5923,1132,7614,9703,8863,3220,376,3356,3433,5538,8587,2561,3068,2676,3735,9212,2684,6377,4269
8998,5050,712,3514,5163,6937,271,8728,6468,572,7963,8466,6478,5725,6690,4113,9661,2855,4154,7812
5372,8143,2447,8048,2308,1301,9580,4544,4076,5612,7742,5488,4469,8875,6304,5815,6211,8809,8349,7589
4601,4620,9926,2652,7782,9047,623,7452,1857,4737,3824,2585,1643,4015,1151,3929,2198,8941,9908,6144
173,9283,7623,2418,8780,824,4701,7074,922,9762,4686,320,8439,2163,564,4082,4602,8985,7983,1654
6760,5507,2061,6727,9665,7776,725,955,3874,5260,3884,8437,3462,5802,3297,3328,568,3299,7297,178
2547,2254,3802,7971,2672,6280,8588,6062,1785,6264,6667,1300,5630,5720,9153,9491,1332,713,9376,8618
699,4882,3444,1982,5543,1627,3959,3883,7809,9582,970,3052,5379,3776,5095,53,1626,2070,7245,2388
6477,7656,9311,2164,5635,3920,4419,9833,7515,4527,8029,3437,760,1364,2625,3648,2249,6990,3087,741
5322,8727,3668,4743,7287,2333,6635,1859,2051,4561,442,9456,4003,2325,5467,4307,6346,3924,1179,346
7238,8657,2695,3720,5281,690,2976,1351,4897,2975,2506,7295,9566,9180,7629,6637,2633,7350,8187,5948
4408,5921,1552,6920,4063,7298,7013,3264,4089,9858,8610,7064,3597,9215,4813,2836,3647,4809,5988,9359
2417,1708,9685,2497,2796,9882,7805,1395,2450,2412,7992,386,9529,6830,3969,3734,855,7867,9722,7948
7472,3665,2337,8038,2518,1294,1329,3078,9508,6979,2234,891,7404,8195,6048,6098,7162,9857,3716,7388
4799,6277,6940,6997,3018,1885,4573,1470,460,3794,8749,6445,3977,6467,5051,4192,5995,8131,9923,6177
180,6530,1725,3084,4387,3391,2957,1715,4991,1964,2206,2209,3907,1530,3848,8524,3368,7772,8056,7824
6896,2805,1954,6720,6059,5192,7376,1510,2464,3612,2830,6865,238,1039,9978,3538,2591,5598,399,7296
8876,581,8868,3543,362,6444,5752,4515,2693,7193,2736,3509,1971,859,6120,1249,7062,8916,4824,2105
7837,80,2954,1623,333,3049,9563,3539,1698,2025,8683,972,7330,9500,6452,8175,3143,5280,2505,1713
3418,6033,2208,2995,201,7323,1774,9339,7208,9871,5484,3517,1501,6137,96,7282,962,7365,7565,7699
2654,8581,1011,5708,3737,4669,2945,3473,58,133,897,2908,4349,65,6347,3583,4251,6464,4617,1140
9921,5591,7619,5493,2536,7552,6337,5495,3231,7721,7444,7033,3468,4279,3605,4696,9171,7581,2948,9370
4622,8601,4668,2495,3030,8818,810,6181,906,5603,1097,4894,2422,4891,5572,8012,3485,8840,8835,7803
4681,5143,1119,9557,8253,4793,2940,4286,5074,4597,171,7683,8469,6311,5554,749,3906,7339,9828,5022
4163,23,8267,1505,854,4400,3342,5590,8155,1186,5258,1628,9770,8594,5178,9671,5010,7939,1887,1772
9451,2776,3728,2000,2064,5058,5126,2060,5332,918,5090,3320,9458,5624,9269,5631,7784,8558,7609,5566
8246,5003,316,3819,6847,5812,5314,2629,6670,9687,1577,7409,9638,3249,9572,2642,1527,7449,1998,7366
4040,7646,4815,8718,789,4271,7843,4409,3119,507,672,4426,6035,8355,5370,7025,4529,9775,1517,3232
6630,2003,9331,7329,1746,6030,2936,4625,3606,3113,5278,7251,2155,985,4024,448,5838,7557,4936,204
2579,5480,1937,8528,3039,6109,1796,4887,4083,8387,6420,5135,6751,6526,2758,3227,523,6378,2382,7786
7133,746,2623,3892,3915,4714,2640,4806,1564,6473,2079,6777,598,7419,8277,1037,1962,4378,3559,4376
9080,4985,639,6279,1929,3099,5043,6505,9599,4165,3499,8758,6981,947,3094,1930,3305,874,3678,8162
7929,4250,2764,4750,2824,375,2282,3807,8625,5941,8181,8509,8687,3363,5119,1474,3073,7356,5049,1815
8022,5238,3041,6572,3650,7016,8375,8451,2850,4587,9229,594,7640,704,6850,4535,6715,3208,4075,1073
2568,9700,5229,3697,2598,5100,7477,6852,4037,5127,7442,4235,2839,7535,677,8124,1220,1246,7572,5884
2106,5689,244,2742,5244,3521,8405,685,3594,4219,7395,5992,4647,8103,2323,3946,431,1963,1694,2131
5767,4517,9984,5089,7961,6485,499,9983,982,2691,3311,1390,5288,9663,2715,1561,8475,8413,9081,5446
5671,5755,6256,6711,3302,9087,2972,4437,993,1226,57,5713,9784,2751,3047,8983,5829,8907,1280,4032
3275,5881,4539,7478,8589,1560,4857,5005,3394,294,2236,3053,1985,243,634,1372,8000,6868,1579,2807
5556,3487,9020,5716,8667,1042,7730,987,9533,3048,4502,7288,5911,2657,3493,5273,7320,1462,2067,5586
8804,9265,8051,756,1810,7029,5183,5117,5160,9590,5793,5030,1967,4735,3186,9437,6577,8302,1910,6597
2702,5664,1241,4633,9905,6147,9981,4143,4916,967,6580,4012,1276,5757,4963,4398,1836,1431,9788,5432
8312,611,4356,8225,2076,7991,2831,7605,8024,8847,4688,4011,6114,5034,2140,4305,2540,9402,5517,7930
8555,6776,4811,4554,1060,5929,3211,3783,6737,4747,4800,893,4932,7791,9427,2753,9781,4431,7249,212
6352,4571,1485,849,4773,718,5821,5711,3346,1469,8453,813,253,9649,6543,4104,8252,384,6153,7675
8573,356,921,3396,2465,2894,9250,7820,9836,8942,7233,5435,5012,4884,5927,9168,4630,9443,3091,3575
2401,2859,7514,4157,1286,7045,4480,2109,7255,3365,5449,391,5575,5107,5801,8886,2788,7163,186,4065
3624,6963,2226,7707,7027,4191,7226,4213,8571,3726,3316,9098,6908,4942,1551,4185,2122,4090,3531,7919
4367,6356,6763,1491,3207,6312,920,1922,3092,5899,464,7005,8082,3965,5856,5647,3775,5469,776,1399
6977,8031,6293,7954,2159,4509,4680,1040,4921,6281,9845,1044,6911,1498,898,7694,2941,4971,7692,2169
663,8701,9054,2806,4914,7561,2981,6036,7933,3988,6607,896,3761,4226,593,4263,1921,5099,8860,3029
1557,1166,814,2752,904,259,4595,8465,3506,2744,6027,5705,8505,6240,361,6588,9555,9513,9280,2895
7079,1101,9922,7280,3011,1230,7781,9026,8702,4291,3090,2517,6888,8672,1100,6933,2041,7569,8371,6527
1916,5465,5383,1321,3260,3022,3535,5825,2680,5477,9629,5585,5335,6439,6022,3854,5482,5346,7940,7512
7434,6050,5776,3057,1494,6762,8290,9391,5457,54,4306,2530,6484,8965,1195,1649,2137,8821,2643,9374
1830,4682,5618,6088,8062,6257,4788,5115,2909,3849,4050,809,3916,773,640,6234,9739,2668,3626,4004
796,1839,4893,15,3125,5867,4880,7392,5577,6662,3875,5847,4725,7159,6815,1165,9067,7853,4108,836
5892,8395,902,2477,9734,3219,7783,5328,2610,8846,3537,8196,3217,4088,7077,9974,8648,7842,8839,887
5951,2494,9350,4438,5237,8501,834,6778,8034,4212,5996,5194,1925,3590,5652,3085,1410,6935,9262,1360
3357,7018,229,4888,6222,274,7054,2375,4393,5655,8920,2728,8619,868,179,2297,1252,122,3961,7846
267,6158,8628,206,8345,9257,4923,7802,4660,3425,1606,3656,3498,6398,317,8378,2738,8641,6677,6522
6927,8073,6113,6992,1762,6089,232,3481,1377,6382,3237,7450,6407,8343,1071,8859,4030,5784,5569,8458
1293,1296,6166,4945,3939,4721,4738,5373,3367,2253,9528,1155,3263,8690,5474,8341,5165,3631,5219,9369
9701,4420,8670,1633,7199,9738,4777,3998,7626,6299,4810,3860,1020,163,9001,4317,3116,766,4758,148
32,6009,6151,7432,1509,1356,1147,8838,6966,7996,1920,3954,5823,3179,7627,4579,4555,3603,7361,1079
6055,119,2120,5734,1631,6978,6124,6774,4122,5528,7191,8037,8666,4020,215,1602,3337,2364,8435,5348
9530,9228,6260,3203,7902,5091,2039,4284,3482,105,8052,5078,9410,8139,4276,3507,8770,3209,3354,933
4584,5345,6457,1441,2294,4014,1153,7248,449,9225,7195,5136,7927,4062,9050,8473,6386,2166,5617,5525
6705,2010,1651,1927,5724,3180,1139,2778,5148,3093,1250,9125,1681,3809,5955,9152,1411,9829,2852,6714
6469,7092,9652,3971,7726,7354,8722,479,4739,7993,5279,7080,6187,6650,8185,1127,3608,4844,8278,429
8373,3353,1514,4368,1563,6097,6058,8448,4498,8951,3574,8386,5578,5718,6135,3733,4933,8603,2770,3241
9287,9944,4828,5792,5113,6939,6394,8776,9675,793,3212,6362,7216,3131,248,6049,1923,3331,7091,3102
1587,8347,3494,6834,9578,434,4621,8364,7089,883,923,5880,7383,1875,7530,9988,8510,6813,822,626
6040,7703,8104,5209,3632,8504,1907,1379,6538,6324,5036,6203,5914,9907,5717,5922,5772,9866,5240,3869
2456,1228,3314,5235,357,8495,1939,9088,3528,3127,2318,5041,8396,6183,2982,9825,6227,9182,3420,3622
2627,3815,4741,8044,6273,1614,5595,9699,8417,5860,5255,5876,1,3843,4834,5399,7999,3147,1035,9898
4935,4474,1636,1891,5455,1653,3318,332,1323,1769,3816,8088,5124,9835,2339,6249,4128,9679,6528,4645
1258,9933,3903,7773,5365,7403,6487,8830,2374,715,7129,269,9184,6019,7988,4429,7417,1175,8151,3105
3677,4021,443,5146,4649,1233,9147,120,6745,4078,5758,4473,5059,5378,9028,6559,86,6518,3649,409
3758,8090,8106,8753,6410,1173,3386,4002,7677,8791,4107,880,3178,8361,8269,2498,1801,832,5703,4532
7242,3323,4421,1359,7501,5939,7058,9560,1432,1434,7256,2750,41,5600,8357,4624,9818,9123,556,6802
4379,8384,7122,8183,6393,7538,9445,3782,4958,3284,2522,270,9042,9798,9174,5740,8274,9022,2507,2890
4405,729,1245,1768,6747,9709,6787,7037,2369,4804,4365,3928,6672,7645,1533,5742,7913,4511,3118,9516
7345,6071,351,7389,8032,9846,2754,9593,8296,3627,5489,978,3653,6449,6047,5943,3880,7428,8529,9611
977,4980,8359,136,7076,5071,3643,1732,9167,2097,2905,9199,2114,1933,5290,2171,2242,5728,327,7221
3743,3432,4337,5765,1671,2276,2772,8814,4370,5954,9314,6424,3833,4166,4531,5231,2413,3309,6490,5006
4462,1738,2291,4623,8068,3830,3292,5967,200,3033,5371,1688,652,4858,440,7331,9614,2838,1023,9448
8301,6309,8127,4,1070,527,5138,1168,491,7286,4580,2460,7223,3604,5151,2560,1536,2240,4444,3866
583,5329,3853,4733,6435,3345,3303,2057,4523,6228,2111,8474,1543,8324,5907,7546,141,2647,2141,2037
432,4998,4231,2719,3927,9965,2154,7616,8945,2016,95,3850,4950,1986,5871,9210,9227,2628,8335,4841
6045,9315,9023,445,6286,585,4471,7862,1823,2901,9357,5897,5845,9327,7856,8762,3798,9875,4892,9116
604,7239,2760,1953,1407,6358,1952,3905,7520,2920,6255,7219,7174,7956,3378,1420,7031,6233,7253,8140
8173,8239,6947,9336,8759,8740,4357,2452,8935,4720,9163,8855,531,4005,450,7556,7845,369,5294,5172
7493,2748,949,6433,7795,6516,8553,8530,696,9840,1825,5004,2293,4221,9178,18,959,8729,1589,2330
5864,218,9267,6875,1234,9237,3341,1961,8668,260,5974,8303,4823,5407,7833,454,7125,3019,9759,8556
6685,9776,7866,2259,2353,6878,3281,4132,8586,7559,127,5940,971,5832,9841,412,7887,9919,5094,9223
6918,6375,4879,7387,1015,8866,5376,6549,7020,410,8669,2224,8547,9484,453,968,3362,3449,6729,5983
6069,7151,1911,7134,387,929,8841,9453,359,6525,2189,4583,2219,2774,487,5002,4814,1090,8223,9506
2170,1026,4670,6529,4778,3012,4274,4831,3349,2237,5739,457,1049,5009,9364,5697,4795,1827,4137,6291
2865,2438,554,4364,6100,1497,7725,7209,552,7517,5623,2433,6210,4227,8096,3083,3968,7030,5533,2386
5122,3500,1657,33,5102,7244,6819,290,1826,3633,4452,5744,6102,480,6757,3967,490,3152,416,6930
121,5324,9176,843,1871,739,642,3496,9466,2759,2993,8819,9398,1580,6680,7827,9811,5390,1270,6349
313,8189,6550,9735,668,377,6136,9778,5783,2116,5542,6171,7164,2614,8441,4551,5081,8494,1072,2047
7893,7384,502,7544,1279,176,5497,7315,1831,9232,4348,7622,1266,9667,4538,9559,5434,5061,3431,6267
5104,5494,1143,6340,35,184,4224,2884,6840,365,4885,6836,153,27,2992,8892,939,3921,4041,6442
3894,660,4214,6889,4871,5466,3835,3465,5987,6864,4433,1542,5959,3198,5852,3286,9527,3423,6126,9275
5313,3541,1844,495,6086,7897,4636,3749,9252,2734,8242,8480,7944,5878,8206,7601,3723,8014,8630,4661
7602,8664,1087,4817,1526,1212,6010,5176,6659,9996,8675,5521,7049,7756,7109,5513,4658,4850,4674,6709
9477,7539,3300,1115,19,4920,9646,7850,4412,3133,159,7086,3148,7949,1135,6671,7889,4152,7566,2660
6229,6772,4820,7951,291,550,3312,8125,116,302,8800,483,3376,620,7073,7276,7349,5928,1397,8699
3936,7994,3888,4053,7455,164,1569,1870,5610,8010,6565,3210,8936,9118,1231,49,5087,1539,4272,6660
1780,1888,8946,8459,8551,3579,4327,5381,9786,3283,1617,5406,7043,7169,5981,4138,4886,4101,3202,4702
2602,2459,6880,1388,8428,5759,9737,5154,1376,3851,5438,1767,7701,2284,7462,1282,2912,93,8717,5062
3753,8848,702,4288,8270,8949,9987,5444,5562,3265,8039,1062,3670,4536,4703,293,2650,8101,2903,8624
3251,7660,7541,5453,6859,5354,308,7938,6954,8098,3005,5377,6042,774,4731,1027,3343,5606,1761,7636
1956,9733,7977,1598,9678,6500,4775,942,2376,2557,4576,9643,2716,1936,8645,8454,1781,5023,8323,4591
8430,4149,3455,7344,1682,4500,2414,140,4711,3168,5309,8574,1720,5593,7981,1676,6132,6867,6259,4508
306,1116,8684,8747,2632,3930,5877,1089,314,4377,8257,8719,4036,3236,4424,5200,6129,4425,5343,2564
8997,4618,9464,9064,8283,4644,1861,9170,2365,9729,9286,4218,2342,5749,1442,732,5083,1948,5424,9385
1222,8693,276,9546,1430,5999,7281,5869,1678,2022,7768,2099,7364,8276,268,7272,6000,9927,7095,1593
5737,4044,8311,3567,7543,6539,1334,1421,9211,6499,7663,1703,4911,2193,3173,2204,6068,2512,2104,9806
860,7819,3634,6002,9200,2454,7899,6199,3071,8339,1984,2055,4060,3812,707,2559,3474,5430,5813,4816
5375,1903,7088,1355,6986,3534,2304,9375,8377,8716,3440,3859,8379,6958,991,4487,7136,6214,476,9885
7081,2371,4995,7641,7397,6272,953,8036,4975,3777,8851,6770,3663,4849,5794,5499,1170,6703,5976,5421
5386,6923,8531,7987,7829,108,7009,791,29,7863,5301,9519,5849,284,9328,1085,3244,1134,8182,348
9126,5302,12,9600,6669,3072,7687,656,3206,6046,4715,1959,2203,1461,2639,980,4918,4671,6032,160
3942,9655,1656,2787,3086,5898,5263,423,8536,8652,3051,5510,4765,8444,1750,9596,2694,5344,8899,5341
7834,4904,3009,7237,7777,5756,9861,7448,3374,4603,7271,9259,1812,7943,4403,4707,1582,1002,9779,6823
9097,664,2798,755,2727,7437,2784,5947,187,6011,8179,7794,5715,2934,577,1386,7426,8932,4103,1033
4678,2287,8527,9673,6999,4121,7367,4872,4264,5461,4415,3404,9924,9708,5234,6610,6730,1813,104,7115
8366,6717,1045,2173,5546,8215,5894,3016,1727,456,2469,7203,7149,8050,5056,9954,7562,9876,9119,3288
1534,3059,1215,8967,6953,6994,428,4635,6462,8563,9052,2789,1660,9017,4459,4518,1254,7178,8027,6018
676,2989,8244,7536,5040,8120,154,5305,4679,8280,8968,3350,808,3587,750,5641,2192,6461,851,7402
4418,1348,7724,7746,30,4345,3355,7353,9038,4196,1566,6215,2596,5654,1306,563,7408,2604,8314,6402
1007,8067,9929,7801,262,2201,7891,8692,1299,1748,1391,7712,1744,5109,3136,5532,7653,1648,6026,8485
7231,3246,9274,4781,7985,9930,2710,6300,9196,2421,2167,400,4656,6811,5248,3679,285,3483,5523,7979
5300,689,9063,4506,5942,7007,5306,4372,2701,3169,683,754,638,2044,1051,3902,9090,769,5447,1759
7648,8673,9995,5504,6736,9569,7479,9880,5352,175,8122,2425,4310,1524,9073,3803,3032,6860,2336,5385
6849,9617,433,7001,6901,7966,1204,8507,3978,551,4466,4631,4312,2606,8111,8705,6243,1080,251,679
6532,8498,8539,2595,6164,7577,6789,5519,6955,4247,3635,9642,9912,5576,3429,633,8,4905,6853,1941
7700,8663,1932,2587,4102,5400,8046,1404,1302,7808,3188,9065,688,3024,6301,9144,4324,724,5985,9325
3702,8513,5320,2257,4008,2087,6885,8411,5741,9312,4007,7924,3074,7067,3333,8523,5224,8832,3140,2124
8639,9084,6583,3572,5337,549,7941,97,4341,2524,7810,6726,4172,7445,9940,3926,4194,2812,2493,7069
2361,8583,5463,8307,7471,1185,7343,9202,5382,5021,8890,8569,7744,9914,2578,6753,8918,9278,735,9968
5666,2673,9719,9150,6820,5896,5964,1513,3550,7892,9664,9284,5483,5953,5067,4180,9183,2980,9279,8974
2252,6224,5670,2463,8363,2674,952,1950,181,6093,7068,344,1107,8456,7147,413,6385,9094,8408,8912
6688,7342,3250,9006,6809,4198,6970,3158,8318,6501,1864,6544,5433,3823,1601,1716,6821,684,5615,2483
3987,8016,5761,5553,8279,5511,6483,8477,2398,4346,7446,5162,8802,5905,7870,8789,9246,2410,8806,8924
4565,2408,4347,1846,4427,7140,4249,5997,9066,2373,5719,9435,7451,6740,2363,7911,4764,7860,216,6897
7969,8845,9698,4847,4273,2144,5437,850,2800,350,3952,3989,6749,1757,4818,6430,6406,7275,2809,586
6661,2220,818,8389,2130,4414,4614,2978,8334,6781,1013,2825,4966,5008,8564,655,6761,3540,6451,6085
8879,3542,339,5675,5680,1629,9194,4195,9755,9713,4091,2769,3503,9446,770,6952,2669,9837,648,9812
1541,7396,5105,8238,1352,2269,3518,2847,20,2617,908,8614,530,617,363,5152,8390,4281,2626,6609
1665,3445,7950,8298,8455,1531,6310,4458,7153,7489,7267,9851,3725,8102,4946,6578,4990,1867,3397,7498
3256,7644,8612,1188,3497,9844,107,7681,8077,6463,9920,4931,4106,5333,9465,7693,5262,2739,6001,2870
6421,8209,8426,372,1443,2777,9683,870,168,9521,9078,7928,1555,9692,5710,2907,4383,5075,2011,8092
3389,3545,2822,8884,2844,9913,21,1740,315,3149,2285,349,783,7332,938,781,4162,1387,6313,6792
466,5683,7608,1705,8602,3336,7671,2073,1615,1583,8955,6554,7598,3739,2286,1640,876,4490,6869,5608
9450,329,2971,9650,3100,8858,5669,85,8582,7405,341,4259,1755,5394,3122,8620,6748,7225,5226,5189
3982,5678,3490,5693,6290,8644,6157,1118,7363,4513,8486,3714,989,4411,2326,8489,4316,6471,7099,7679
2663,2586,5055,6212,8346,4241,2239,6044,9016,2704,8264,2475,1613,8579,4769,5350,6742,6370,6846,1008
8177,8295,252,9589,5993,2272,9158,2443,4096,1452,6982,4159,2485,2611,2152,3740,3463,4135,6443,9044
6962,2280,4326,5367,5890,8174,5187,5207,9270,6425,9468,2597,7903,3138,488,2615,4081,5500,7633,9796
6216,5353,1259,4010,6075,7912,538,371,2584,5850,1050,4870,9620,1735,6967,6845,5220,3326,7723,862
6486,9333,4582,6117,1905,2985,3811,5916,3992,6193,3756,7876,5326,8156,7189,5318,1674,913,424,3658
541,607,8041,9266,8632,1721,1790,2098,6225,935,2514,6851,3690,6557,1211,8703,9366,5291,4520,1689
2309,9027,9766,6155,2346,6534,7816,8213,9440,51,8326,2117,9827,6060,9955,9422,7689,9024,3372,4293
8878,7250,7907,838,4924,9672,6783,1592,9870,1446,3330,8262,1814,1092,7714,6506,1758,4354,6682,5215
8773,1208,7811,8320,9695,3334,5651,7638,7176,5388,9826,2143,8537,4706,2317,1586,3896,2228,7588,3457
3266,9959,5180,7686,7050,8954,8356,2679,8019,1873,1722,9950,3694,7015,1253,1353,1487,4846,7360,8811
8743,8400,9869,1777,9935,2926,475,8118,1981,2474,6262,9068,1129,872,2781,2533,9439,2033,3402,9918
1427,6968,6951,9005,7179,520,2698,5082,7222,7254,8544,5286,2699,7851,5764,5016,5202,88,3660,9753
6476,7942,6383,7224,4470,9345,5732,6025,6797,9636,1457,5581,6877,393,8340,4358,7952,7382,3034,941
7953,4120,2924,4802,1133,6321,2910,4494,5334,4079,1122,8445,4058,8134,8200,7510,8895,9767,6510,6414
7310,1197,8686,1240,7108,6883,7959,1476,5820,7423,592,4186,2612,2572,5218,4141,7172,6480,5614,343
7415,9447,2069,2004,1504,5632,8870,8097,1475,1324,1699,9624,7990,3338,5661,6263,5633,4110,8300,1537
196,3238,3719,9115,2599,5886,3911,2868,7970,5862,4843,4277,9341,7132,7578,3557,3439,9763,6656,8328
436,6034,5858,9156,3364,9012,2888,1288,5404,8576,6332,3031,722,4572,6699,3639,8820,287,1667,7232
6964,7084,3289,710,1800,5795,3195,3964,4449,983,8700,9204,1137,2756,3554,6359,2503,2263,421,5053
9100,2123,5806,5257,4175,2531,3651,2878,3717,1763,2733,2274,4216,7766,4401,2379,5149,4822,9413,4574
2103,8427,542,6663,5052,6236,9860,7185,402,7759,5452,5505,4859,726,7593,5702,5110,3273,47,5330
3192,5704,5080,8785,437,2862,470,6887,865,9322,3242,9486,1717,8402,1820,9608,5662,7583,8128,1384
8319,4835,6289,2165,3043,6195,6408,4853,1943,5232,138,8491,7955,295,899,9403,4774,7532,4830,2631
9668,654,1879,1041,7828,9542,8766,7886,8731,5830,8691,2594,6460,9746,5609,6174,6555,8660,6491,602
8658,1567,1458,752,6070,9819,3007,8779,7706,4848,2966,5584,4694,9207,5824,8166,5709,5093,167,6395
8903,1311,9134,5701,3075,1120,4748,87,7655,907,8647,7386,9843,9534,8471,4296,1403,858,4598,6837
1229,2703,9998,5627,300,197,6218,826,1669,8889,7483,994,1726,4242,6624,4199,7393,3607,7847,7580
3636,6724,3371,4833,5077,9146,4202,9192,9597,5479,9423,3255,4791,4332,3089,9901,2479,6545,9093,4160
6768,7046,1659,9854,265,8739,8837,3810,2184,8157,2659,1672,92,2343,7453,9630,3472,4262,3184,7504
9694,5640,9730,8908,9057,7491,5448,6605,6223,4187,1818,7873,6651,3708,975,9013,3700,1808,2021,9334
9887,7083,8546,4193,8165,2290,8825,6411,6810,5698,7974,3020,8421,7704,3008,9329,1295,2492,5559,3994
9561,2765,3938,6013,2303,6186,5042,5175,347,3523,2863,8171,8637,5347,7926,9809,8331,4690,8636,6756
7484,7316,3766,3459,7186,1207,1597,4299,2600,3259,9220,2886,1575,235,6504,7548,6434,7142,5481,2162
4211,9556,1675,6857,1506,8533,1193,7832,1704,8734,1637,536,1572,3137,8084,5158,4787,5945,5168,9967
925,6988,3839,1291,9191,1493,6592,4229,8272,5835,4278,1436,4384,6432,6882,2214,3791,8028,6494,111
7096,5227,364,9117,6392,7492,8874,6254,3062,5780,3443,1057,2112,5429,6110,1771,2511,3619,1803,6357
7825,7307,3167,5681,7390,6664,4492,7168,9332,9872,3862,636,6931,3745,234,6297,1869,9799,5918,6854
8042,6838,4109,3893,3295,6855,8416,199,1319,3478,625,1538,6139,2779,1562,6606,4563,6376,9565,5986
7012,3699,1978,7213,9489,1076,9319,7454,1851,4567,8550,3667,6631,1394,7004,9752,1068,9352,8888,6788
2999,2783,8332,6804,9421,945,6594,7262,9567,7292,6894,1822,4119,7167,2183,6919,772,8593,8883,7135
6542,189,9004,3788,2810,2147,5402,2804,1098,545,8313,6198,9552,8071,6465,6600,9029,6617,692,5134
5133,420,3458,2161,4397,7117,2267,571,3863,7357,2489,3056,2448,9952,6204,7008,5588,5436,6706,1968
7380,458,3595,2790,686,6319,8070,6373,614,8611,6251,8370,48,5874,6472,4239,9132,254,6412,9884
5527,6152,1034,43,5580,7573,8135,721,1340,6275,6828,841,7502,5909,9320,1865,839,2969,1242,1739
1899,3470,3120,210,1935,1819,497,5277,8275,6284,1136,9014,9271,7486,459,462,2544,2566,4454,1263
7207,9706,1148,2820,2488,4496,7065,4877,9142,9377,1500,2119,1285,1371,2565,2015,208,7813,9756,1067
3827,4552,1502,72,7936,5515,5900,7247,2573,508,69,5514,6654,1894,9975,9351,5865,7227,101,555
6024,5831,1448,8210,5805,960,40,819,5682,687,5243,5321,9644,6713,6775,427,1553,5496,8145,6519
242,3191,8114,8449,7401,6642,4756,2321,147,9353,6870,5851,5648,6384,1664,2383,6182,8900,5644,8054
7806,8287,8567,3114,1901,1389,8433,6274,9019,2794,9511,3609,4048,7155,5978,7374,5253,8995,8795,3466
2279,7035,7875,8292,4105,9564,9498,3646,3867,8623,6200,1773,6448,1314,1150,4043,8065,528,2078,5153
4205,6886,2555,5212,4926,2053,4331,9688,1880,7158,4150,9025,1516,5773,9842,5530,7480,1786,2086,4542
7414,6057,2352,8414,1412,9426,5960,8153,6172,3476,9244,7028,1946,1131,9612,2175,2196,9691,1320,145
9814,3388,1702,6190,2230,9420,9007,2649,2761,8007,733,415,5796,4993,6335,4019,1909,4947,5607,7427
1123,3687,3310,4413,3547,1645,89,5977,6125,6795,553,1546,3620,730,6341,6767,6733,3508,2354,2834
2368,9658,6206,1652,6389,2334,5893,6067,5935,7,1262,8950,6906,9045,9193,9893,7181,245,1084,7908
703,8497,2046,3750,9595,8490,535,1066,7210,6678,7494,2420,8129,3855,3822,334,5548,7124,2331,6712
2217,7880,501,1337,2664,1141,8432,7831,4484,8790,25,8317,2906,4710,3950,9991,516,7300,723,3160
6899,5228,6295,7264,8190,7234,1616,8026,9874,601,9765,3510,624,8172,787,4188,4287,98,8020,5846
2984,2266,2519,9222,9951,4145,1198,9852,780,5501,1714,7771,5211,5649,830,7855,9122,3645,4054,75
6041,4883,7741,6397,9425,4978,981,2056,1312,8706,3017,3757,5727,172,6426,7468,477,2998,558,202
9077,6586,8834,8227,8906,8575,7767,9526,5079,1529,7285,3857,4640,2795,5790,7126,8002,6416,7474,3900
94,861,5392,8365,6372,2403,6546,8674,4373,6188,6622,3984,9008,1919,9790,5164,5159,2502,1114,3185
5672,2487,7488,9538,7362,309,7750,8360,3600,3548,4655,9574,7594,7625,2205,112,1496,8224,1064,9303
5691,5241,7229,3741,1918,6283,9523,5622,3414,1489,236,9387,2791,8975,2348,936,6915,7916,4564,5205
3270,5492,6154,9899,7738,2195,6061,9896,1459,129,6785,3767,3369,4417,3104,1945,1393,7202,7464,9548
1144,1508,4300,8337,4895,3235,5690,2646,3692,1832,5129,8748,8447,627,8250,1003,5665,4560,7582,6235
678,3111,6084,9471,1728,6848,5707,9302,370,1545,7106,9654,2127,8108,2892,8197,2018,6031,1317,3564
5730,6344,8214,3931,6764,298,6959,1806,5387,6827,7273,8110,4986,6558,8833,3512,2002,8506,8792,9018
8499,7858,2484,3704,3878,7558,5938,8013,6517,9622,2990,7737,7304,9902,2332,7603,8243,1019,1453,3253
1734,7743,4999,5639,1385,5645,8342,3006,7674,6221,8288,944,5319,275,7643,430,7034,7537,6718,3963
8590,5859,2513,3772,7104,2773,1350,3332,6503,2427,4577,8774,802,1095,8083,9628,4553,282,8681,616
7066,5550,6710,8565,669,5883,6156,5842,81,5946,1304,3666,9216,63,1639,5225,7161,5213,8057,7094
3082,4663,8401,7921,842,9137,6676,812,6360,408,5361,7932,9977,3797,1182,8713,7116,1877,9704,8248
4461,7521,9400,7325,4599,3768,9131,8893,1277,5816,2793,8399,2651,2915,7599,6639,2711,7797,6568,8095
6374,9674,3121,1422,132,7311,2891,9021,7333,8755,514,6379,1429,1396,1465,5970,518,6976,4118,8105
3335,38,3150,4803,6101,4190,937,8987,613,8285,5141,4381,8992,3887,8199,2063,6179,9645,6431,3981
9684,3990,8208,744,7762,2400,3108,820,4964,2958,4270,6563,5065,961,8205,2313,3707,882,4184,7799
5573,956,4203,1223,8962,1893,7576,2028,6602,3262,9175,4940,6496,7688,5031,1523,8938,591,6741,9660
1792,2305,7500,8149,2545,3065,4952,6806,1609,6514,6674,7792,6881,5425,3230,9195,7513,9623,9362,5304
6928,7528,8662,4243,8911,1196,8723,8711,6812,9769,7733,6750,8548,1898,8351,7497,6175,7144,1106,3970
7717,3484,8299,2045,1418,6641,3718,9430,2151,6390,9394,2845,2458,2946,9584,7865,9639,3044,7839,8503
4385,3980,6523,7447,6721,3800,1492,5125,1811,6576,5047,2306,2692,8714,3715,3943,4328,8381,6707,4899
3156,9408,5340,8761,1149,4556,7435,1993,7639,6985,6900,3882,8136,6401,7973,3705,7722,135,5800,4388
2023,213,681,8072,8281,4070,1472,946,5736,263,2665,1146,8063,9238,2605,3139,340,3580,2157,7145
8147,748,6728,367,9205,9416,7328,7610,7291,2763,7659,5070,9482,1365,6708,1960,2085,1382,5111,5349
4716,2538,5754,3226,7705,1424,7277,2974,1267,8259,4115,1522,7606,7268,8352,1599,8604,7412,6771,1059
6178,2569,5596,950,9295,6879,5251,6807,7849,7003,2185,1346,3215,8344,9960,8514,9499,5442,6693,2735
9213,9731,4558,7138,5541,6552,2558,2277,1990,2520,3621,7702,7613,7976,305,7039,9710,9575,8484,1416
5456,5490,7684,2407,1915,8554,7658,7718,62,4713,8235,9492,4961,8353,3279,503,1680,5327,5526,9133
7327,228,9479,5014,3413,6387,7019,6942,8133,2068,256,1624,2705,3957,4181,5037,8842,6647,2088,8898
7570,2782,3245,6754,5363,9242,6665,281,8058,7662,8810,5374,4643,3698,2552,1036,7590,1310,4481,9824
9441,3675,9711,9725,4766,5359,9716,5854,9179,1200,4610,3103,5123,2747,7914,1248,4047,4533,8733,534
1237,1989,8990,8237,1687,3923,1511,768,6934,4693,6315,7540,1463,9438,9239,4709,4018,2697,9102,4309
4238,4111,9648,8535,8963,7836,1532,4673,864,8202,2362,8391,2394,68,9503,9562,198,5695,8595,8735
8011,8184,9976,9510,4428,486,3781,9741,485,2439,1467,5843,3625,7818,4123,7754,5919,2837,7523,5311
2096,5962,4391,6898,8750,3146,8436,407,5522,2882,9990,6479,1490,7212,3069,8991,5687,4404,8993,8087
9726,1882,5888,1850,9931,9221,5818,6619,5459,8336,322,566,1991,8266,7314,1733,6231,7372,7324,114
3617,5915,998,885,3795,7252,3937,7885,3181,5060,6957,1679,5961,5656,2861,283,3744,2470,6038,1460
4031,8538,2786,4792,8467,7378,2802,5721,1996,5331,587,226,6146,777,4627,3693,8726,3216,9218,9917
4973,785,2801,1061,9822,7082,1520,7200,1807,5413,6564,6936,1610,8211,465,5930,7143,425,8781,6470
9821,903,1683,2392,5114,4406,9906,3763,9159,2113,6437,6111,9782,706,8905,6051,4380,4056,4960,584
9033,5839,8629,422,6689,7103,2019,6926,1268,7425,1965,4028,3530,8742,8005,5971,2264,5798,8952,5011
8488,9424,9651,7211,2084,8901,1315,5417,7100,3489,5197,6584,8651,9308,8710,2857,9382,1075,5731,5866
7410,3764,5660,9647,3135,4698,8247,8060,7807,6551,5464,6440,7511,3477,469,2,3571,8850,8793,901
5895,1158,2233,4504,8665,5190,9417,2700,7347,6489,9386,4865,3774,5223,8732,3066,9127,9109,4600,6826
9463,2918,4965,6242,1709,7430,3196,9493,273,9490,8960,1124,50,8927,1975,8091,8130,4334,6796,5972
6831,4445,4652,1235,711,5283,1789,4659,4909,9537,6066,2473,1788,1783,4983,4864,7302,7240,4146,8294
7377,7637,9681,8522,5873,4939,9160,8922,6413,1584,8568,1540,9718,9462,2925,6189,7965,4436,7859,8815
3239,4479,8649,1159,455,6498,7358,4200,8380,9049,7982,241,7635,2251,8953,4637,3773,3642,8640,9997
4067,1082,9947,575,9189,4416,2818,7753,60,4464,5458,3786,9520,9985,1102,264,7748,3701,103,1022
7835,2967,9524,3172,7779,4451,6973,7130,2525,590,2897,5355,8221,7507,8308,9732,1483,3951,374,182
3515,6704,7664,77,7461,7872,8661,835,2821,7642,3461,3813,8192,4116,396,9602,3301,5167,5188,9969
4866,4402,7127,926,734,7052,8492,3760,5956,5247,4900,24,4728,2542,6142,5015,7611,4244,886,22
4006,6675,117,1742,9831,106,7719,1247,7937,5145,570,9496,4676,775,4779,3637,4210,8744,4497,325
2273,2080,2881,1878,1109,1218,2128,6298,2451,1574,1181,8055,3913,6615,7187,5001,7745,9980,1130,8222
932,675,2434,9365,2462,9579,7063,5476,8420,4705,6219,7017,1055,5150,6004,7306,6333,3054,9436,7236
5007,5395,6012,1706,2556,4855,4954,8982,4099,7732,2799,4984,3145,7857,2942,1154,2072,4944,2260,6149
8226,7023,6096,3446,4547,1863,8376,7975,6165,146,9867,473,4761,7463,9209,203,1858,6512,2091,3711
4126,8348,799,2110,7433,7800,5696,8909,5478,539,2466,1025,5621,5509,5360,5799,940,8885,1408,4086
5298,3925,5116,4749,7421,5462,2491,9010,1160,9002,4315,1573,2527,801,8297,3055,137,6207,5902,10000
599,2550,4134,916,1749,4722,6287,697,5403,5520,4164,2482,6658,4000,3348,3769,4908,4311,9787,1216
8826,5762,1108,596,6567,9690,6987,3199,9618,7090,5441,9771,5086,8599,2723,7279,2678,6784,6560,8329
8321,394,7680,3061,2296,7313,9313,7338,124,4174,3841,3871,8928,4068,866,3170,3456,9761,9432,9082
9326,6209,414,2745,9615,5169,2066,8207,6719,7439,6403,8080,4996,1325,8218,446,7337,2707,5699,7647
6368,8064,9514,6629,9774,1275,9060,1309,1327,8150,7710,3329,2601,3046,8915,3243,7757,7457,115,2121
1281,2840,3814,7243,8194,9480,9390,4521,3324,5068,973,3015,8403,1620,2757,1924,951,7735,1009,9039
4901,930,2449,8724,4860,807,5763,7878,1290,3142,3077,1005,4717,7550,9588,9946,493,7370,1210,879
4179,1972,2575,5269,2871,7739,666,9263,4023,1600,2490,403,817,3955,280,4989,6348,1473,9820,816
5560,9598,3727,3379,2188,6261,1018,2937,9847,5316,8478,6862,4233,2829,6007,4646,7882,8452,8234,4740
4732,9169,2178,9043,1495,8622,869,6991,4329,2138,5547,2092,157,1900,9627,1214,9110,8984,7761,6355
8688,5317,5147,7628,3561,8216,7989,5950,1926,102,8229,6123,1063,6278,2145,8561,5084,6305,9373,4204
6825,3322,4934,319,8220,2381,9760,2012,7348,3592,326,8794,7375,8969,8284,8541,9379,9172,9380,6893
438,6929,5653,5108,8018,8923,9792,6535,1004,9895,1934,5416,5144,794,4689,5196,9656,8979,6336,9190
3754,6108,330,6016,489,8141,9505,3422,6128,9803,1271,233,5292,6184,603,6980,9086,4009,6520,3746
7896,8515,484,2426,8204,7355,5270,8325,9457,9607,2797,7506,7650,7509,966,8069,6686,548,6569,6133
1841,8419,2539,4695,4974,9072,4604,7526,4432,389,467,8212,7368,8049,8831,3623,7346,9758,5308,155
1519,8566,2815,7984,3549,2278,3731,8635,5471,4522,4568,4139,9504,8479,9804,4929,7615,8461,4784,1775
3826,4197,9830,2453,8023,3110,3630,8598,2310,7962,2090,1484,3569,3296,7235,7051,6633,9576,7778,2134
4435,8502,3516,3240,272,653,8996,573,1012,8767,4772,2135,9772,8388,8782,195,4852,8807,9577,7868
7612,2355,2415,9507,3918,6595,1881,7407,8004,4832,7670,3821,5391,4590,9347,9883,9378,1171,4797,4867
7796,6861,2740,9255,355,5904,452,3475,680,7274,4140,1695,8518,2295,5181,380,6159,757,9309,8939
2528,6493,4549,151,9878,4607,9669,8093,1842,1503,9,9517,2445,6099,4972,1283,9518,8956,1380,5558
7075,657,4546,2065,8472,2965,1525,9187,2367,2541,7071,7752,297,9011,3536,753,5195,8146,418,6625
3644,5694,579,9085,9603,9982,8410,2148,631,9360,2869,5539,9089,144,9293,214,2911,1845,1791,720
5156,8627,9911,6329,9003,2428,7709,4051,278,5766,837,8775,1028,3784,4064,3638,2248,9138,7141,5491
8843,9619,9285,7691,659,8219,2968,6722,567,37,3488,3428,6903,957,3804,6738,6562,5506,889,7651
742,3247,5642,7508,190,5994,8540,6436,6638,8142,3524,846,5574,6429,7418,8904,6328,569,4491,2225
7171,2177,6895,9953,7869,629,9304,3706,2648,2100,9723,519,9261,9743,4838,9956,540,852,7554,4754
7359,9785,8493,9475,8030,4371,7815,4862,515,9877,709,6547,2389,310,6917,1647,335,7301,1145,4808
2900,4133,2457,1729,8697,1190,4730,5984,7326,4253,4258,6537,8123,8783,3908,2656,6092,8163,354,2775
1358,6723,673,9079,5498,5121,4260,1117,9444,1006,6353,1507,9143,5252,3117,5768,788,4389,1970,8638
8526,4304,1417,9409,7293,5982,9399,9348,3298,1112,1696,1339,2139,3577,3130,8100,8203,6322,435,5965
1016,6925,4524,9749,3267,9800,6739,9810,3038,662,9415,5568,986,7214,8112,9388,1625,8418,4055,9794
468,2683,6450,9460,9201,8741,6632,7258,7934,1723,353,505,2616,9777,4666,1264,6282,2281,9075,1091
9773,5901,1595,6941,3560,84,2409,5613,4447,595,247,6803,249,4654,3973,2931,3945,670,1058,9601
8634,7465,5679,9793,6553,4049,8973,4786,621,3808,5587,8798,4559,5450,3451,6427,6612,71,5427,3846
3398,9318,8873,3248,8025,1840,8424,7495,4840,7322,2548,606,4468,8442,2608,9335,9863,5338,8496,4677
7918,6752,9839,6076,6634,3492,4261,9979,1126,9641,529,9434,4045,5325,3683,5423,4486,5297,6574,5969
9971,8822,2202,8715,4488,6657,823,6907,3873,4537,2179,751,2682,2929,8730,2190,8425,5913,8089,6912
9606,9958,3976,8198,3662,6816,8609,1835,9686,7584,9354,3899,4734,1322,9433,6874,4953,4902,562,9256
3877,4943,7894,9659,6307,9058,8608,1305,9928,7021,2638,3944,7424,2129,5285,3027,6121,8999,9411,1236
5599,4039,7631,3742,2510,8542,471,6950,4753,3686,6438,6587,2866,4156,1556,2832,6130,4208,9368,328
2385,9091,2366,3922,5039,3442,8615,401,8738,8607,7170,5882,8746,4245,5512,3759,7040,6780,9061,6649
3399,1756,2262,3205,2636,8600,4390,5380,9349,4016,9986,1381,7303,6454,1031,7321,8857,6400,8680,8653
8043,6996,532,9343,7624,1558,3003,1205,1784,9816,5636,4634,1077,3519,2743,1849,1890,8654,6441,2432
5668,2543,6653,6064,2951,5579,7720,6314,8470,1183,1876,4059,877,4443,5275,1931,4854,2005,3917,6054
336,7909,3464,1167,5057,2939,8230,5592,7204,9104,2380,1638,8552,2328,8797,2357,2311,3655,4183,5827
4223,3688,2176,9613,3234,1632,7713,9111,4982,5544,9247,3409,5026,404,1521,5426,2314,3021,1544,1284
2221,948,1069,4987,7607,821,9616,8152,3415,6515,1316,2500,521,7490,3001,5958,67,8398,2423,6596
4344,1821,6579,1213,6502,4605,7308,4097,8751,7190,6536,4117,524,1194,1191,1445,2390,4369,3370,7269
8232,649,2102,1184,2523,9525,5191,3681,2887,6422,4322,8383,5738,1178,4071,5889,1074,4290,8897,3596
7400,806,8616,912,9626,8407,4342,3040,7945,5781,2717,7922,4651,6217,5778,5990,9300,7711,8931,7131
9936,1568,8578,1272,9000,7883,4927,9915,1816,3581,871,7340,716,3736,650,9813,9697,1686,6508,7319
5106,8940,4457,4022,9455,4285,5750,608,2645,3664,9585,4255,8330,9145,2666,4771,3434,8757,9721,6818
7197,825,1046,5072,8519,4267,8423,7097,1691,5814,6455,162,4320,4100,9745,381,9337,6643,8698,3886
6513,4588,2268,6858,2031,4922,494,5254,5924,170,5537,16,9344,7728,6192,5366,3555,6161,547,979
644,123,5174,6524,7770,130,1974,3315,4789,3578,8925,113,6399,3361,7904,7150,7118,2607,337,9751
3890,4207,8813,1571,9805,6998,3277,4144,1668,4465,8086,2923,1860,8930,561,5602,74,8597,6082,4826
8045,7198,4450,3919,5468,3201,9040,6590,1868,8824,6232,928,1378,406,8617,9053,7620,5428,1951,3076
1848,1661,6239,9251,5204,674,9296,301,2508,9910,7568,2275,3552,3276,2017,3469,1782,161,3703,5
8827,8338,2241,7596,9253,4994,4069,6447,1731,3966,1634,3327,5808,2288,917,191,9707,2875,4759,9670
762,5912,5157,2444,7571,5323,5957,3953,6213,2247,4318,1779,5131,2877,1169,2377,2813,8650,9106,4234
1570,1912,5210,5518,2970,1724,3861,705,3712,2986,149,5906,6566,8438,5932,5714,3864,223,1886,7059
9728,9890,828,5879,1217,3163,9886,9948,5310,9095,9208,9676,3115,5605,5245,9108,5408,4084,9750,3842
6020,1255,9112,9203,4153,1456,8677,1468,279,3974,7838,911,1414,8756,5809,4962,5092,7166,8778,3940
1987,9121,4890,9604,557,1745,5885,7119,9862,55,6338,3387,7351,609,5926,3570,2956,8881,8085,1174
2876,6247,6872,737,5137,8788,4189,4155,6531,2034,2973,2811,7369,2874,6118,5555,2244,5634,1065,8871
7098,231,9581,4323,5700,4951,211,2480,4098,8933,4672,9107,8126,6415,764,3278,1764,9062,6961,6844
5431,5833,6817,7294,6466,9494,7755,4125,358,2928,6241,3680,5274,3983,73,9412,9702,4839,4446,6995
6176,3505,3520,8643,9682,1834,5549,9540,338,2873,3194,8256,6208,2467,6814,3546,7888,3290,4052,3427
4395,209,6150,1608,8481,4992,9035,3479,5787,166,5841,5658,3390,3308,4201,8160,9509,3582,9610,3410
1423,510,3778,8964,1799,9544,3640,2083,3870,9099,6220,5944,8966,3491,6974,5069,3106,9442,9299,7682
1917,5268,578,2222,4642,4361,6325,5261,6367,5419,3319,4319,3904,277,5299,7496,6138,1104,3306,5673
9957,576,2026,8865,2853,9949,4499,2983,34,3585,5284,8113,2932,4340,9764,7731,3958,6428,2215,5272
7597,2729,5770,6388,4861,9161,3793,7503,3452,8508,240,5201,5552,1581,3573,6866,8994,3407,9536,2670
2618,4719,2685,6005,296,9418,9966,4441,8322,5085,2243,6835,2690,9999,7814,8725,3294,4825,4968,6702
1719,6521,2814,6194,7697,4013,9727,177,3004,3228,8327,2962,2216,9141,6091,2620,8989,4949,9288,9693
3526,2029,3058,220,8958,3417,9361,658,5933,5810,4225,8132,4294,2050,4302,3095,3747,6540,3591,1024
1663,7113,83,303,4505,7072,2959,6296,9568,8167,9381,7764,6585,6292,2532,1565,7085,9815,39,6965
6237,1105,6497,9859,931,999,2835,64,7217,4475,7173,156,7864,6140,9696,5601,2996,1793,3380,1754
4594,3124,1794,5166,5934,2919,9856,2014,6028,1515,4780,9342,1535,4343,5840,152,5726,3223,1528,4691
1110,5638,5657,7978,5193,7266,522,5834,1976,307,8006,4915,9140,1021,8532,2429,5807,9233,9230,1298
1103,8412,7957,1766,2024,615,2271,5966,2440,8887,4837,2714,8035,8121,3454,5789,2471,2953,4608,7156
9292,8817,8689,3881,9197,1753,4217,7586,9363,4842,4034,2160,8580,9501,3673,7352,8009,9405,4178,3858
2158,9070,9605,9113,5589,2622,7905,3377,4970,4874,6913,2997,9224,3197,9889,7218,9186,2391,3352,2630
5637,5282,6541,990,4785,3339,4477,8500,3307,892,5230,8849,6162,8988,7519,9383,8917,1883,4611,512
4519,4087,1401,9041,4297,7715,5583,3565,4308,9469,4530,736,9892,193,8394,2186,797,5604,1833,7881
1455,165,3126,6094,7695,9031,6334,1685,8446,2588,6969,2709,3141,7960,5101,1650,286,9768,6993,1447
1392,1588,635,7861,9055,9736,2637,8864,2146,5249,2780,7665,8003,8282,9414,9583,4295,5769,6692,924
5470,965,6945,9834,9487,9392,4889,7456,6984,7672,9461,5179,1152,1052,2387,1227,5342,7420,7958,257
3856,1257,2133,6604,3287,1094,9797,7466,8816,1798,7228,5412,9264,6345,8961,9838,9714,7026,7673,3088
5460,311,4313,910,9994,7841,3885,4593,2741,3190,738,7070,9185,9105,5339,7206,661,800,2921,2896
1478,4158,1837,2431,7041,8621,492,1093,1078,8765,5289,1361,4821,4338,5760,5303,9850,6800,6330,5409
5411,9888,8078,5356,5064,7553,8415,3010,9389,5315,6758,5186,9472,3576,9497,745,4937,6482,9384,1802
2581,1437,6453,2913,2436,9571,6698,9712,9358,2180,3997,2746,2404,2038,3097,8228,7270,9938,1622,582
2737,5118,6029,4928,8188,8646,5817,3317,6366,7823,1224,7877,131,8231,1658,4142,9173,6145,4770,2009
9586,4476,5811,17,2867,779,2094,7592,7968,3000,1265,3672,6561,2516,8828,2142,3313,9848,3999,5208
9101,183,7618,9164,5199,4230,4543,9609,4173,2535,790,7826,9254,2641,8164,4151,500,6791,8685,3153
3558,827,3985,8852,3618,2350,9551,1278,3385,4350,1203,478,8959,5502,5674,1363,7394,1111,2899,125
1847,4829,3155,2943,1343,9748,405,3566,2468,3527,667,6317,4222,8008,9092,2914,1642,8180,5686,805
388,8511,6645,9963,2827,8315,461,2197,9277,2118,9549,7373,9240,5439,3829,3166,9637,6039,4626,2722
7487,7972,8107,7525,9231,3204,767,7261,4653,888,6599,4209,7148,4976,7406,2058,8696,2501,4684,7729
5397,5184,4856,9217,3652,3837,6948,6944,6613,2933,9236,867,1243,4248,3593,8570,4812,6695,5712,6003
1374,2229,9282,3165,4339,771,9036,6655,8976,4386,2358,3426,4148,5973,2619,150,6488,2472,8562,7522
395,4981,845,5540,3947,5398,4516,5551,52,7669,647,5128,5203,2634,7114,8854,3393,4528,9449,8099
2848,3865,4790,4410,5401,1466,7475,8268,7443,8557,9531,1677,7278,6131,8161,7708,4077,2315,9015,6873
727,3221,9881,9130,8694,9961,9909,7884,222,6507,7481,7765,9891,698,8572,2725,288,4712,9071,1621
1415,9689,8592,3383,9281,1292,2708,8721,7879,2662,76,3654,2255,2864,9206,9573,5221,9396,5473,560
7006,7055,7632,3898,1326,2406,2478,2405,7146,8543,588,5029,1603,5629,3914,1449,3948,3562,905,8808
7890,82,5925,7182,8921,9591,2726,3868,2952,7734,3233,5570,2833,5774,4177,7563,5848,6871,9795,9290
7398,8159,7431,8047,1180,6697,829,8305,5445,5777,6735,2731,9406,605,1707,3960,5415,6972,6679,1142
7441,8853,7047,8382,6318,8362,7002,9715,5968,1997,995,969,1765,8040,4525,1611,4912,3257,5198,5054
7906,7014,5025,3879,2250,42,3691,4613,6306,1347,8249,1940,3611,312,4657,6252,6731,5785,7727,6481
4903,8585,9868,8929,8271,2372,5628,4675,8712,7547,5903,4619,792,6808,1331,6160,4265,5475,641,8631
6238,9407,2395,7318,5771,2455,9289,2592,1590,1269,9640,4801,4029,5485,9677,118,6556,2246,6921,4606
8671,2872,4256,8186,3941,1994,5503,1287,6285,5545,5775,7595,7661,7910,169,6863,2174,304,5024,2509
5746,5557,9330,543,2885,4704,6363,811,997,2042,2944,3271,5822,139,4851,3050,9248,318,345,7413
9074,691,8053,6396,1770,3134,8168,4667,3214,5358,13,7747,6691,5048,2576,7257,7657,7032,2849,597
8309,9393,4025,6640,7010,1550,9625,4638,5044,857,4869,4482,958,7440,9069,4503,708,7585,9297,9083
3584,6197,2261,8977,3876,8986,8596,6230,1747,6361,5594,1362,3002,9657,261,7698,7044,4875,5296,8880
1895,3381,2826,4169,3897,9717,6331,224,5018,8158,4483,3035,8482,6288,9149,143,1138,6169,5185,4472
8944,1479,5222,5293,2052,6268,1977,2590,8695,9371,2730,589,1157,7995,2150,3435,6801,9372,2231,8521
1038,8392,9459,8736,6627,7789,2223,3438,4997,8240,6916,645,1897,1697,7317,4510,6652,6270,7036,4439
7038,7246,3064,963,6909,8368,7379,4455,9276,7534,6180,3752,3340,321,3671,9324,3430,9539,4585,1874
8512,6391,1209,8144,8169,7177,3171,1088,4252,6201,9338,9631,1692,7822,2574,8021,1367,5844,8655,1336
225,8291,651,5597,6832,1244,6891,3901,9535,8591,9744,7946,31,266,544,8856,7758,1043,9515,6080
4794,2006,1938,5561,2935,3695,5937,239,6946,9789,5028,7042,2013,5855,2681,5046,8397,4956,6087,804
5443,373,9476,3676,6687,3045,3799,70,9317,5931,643,2563,2635,5140,9939,5013,8777,6598,7895,840
