681,995,226,52,468,56,217,787,524,511,426,617,376,534,344,849,266,324,189,446
372,572,83,988,723,621,302,929,780,123,414,422,177,78,84,642,247,651,97,32
799,386,170,80,883,272,912,62,379,389,915,309,351,297,694,13,711,856,287,174
360,328,567,254,285,255,318,745,182,789,881,216,702,113,332,195,888,366,976,862
587,570,502,972,315,294,317,232,455,726,579,249,147,984,952,583,274,528,660,469
72,18,566,854,327,639,463,592,92,876,858,859,413,537,578,690,899,563,786,744
300,157,329,396,627,348,46,481,61,257,161,909,796,946,53,234,706,861,425,374
306,734,163,590,126,305,752,961,392,930,588,194,703,192,340,227,795,609,767,823
371,240,90,922,339,584,552,554,69,337,284,951,292,94,512,16,523,920,352,261
66,288,286,655,558,401,207,429,790,653,112,408,35,295,485,700,663,95,749,129
581,183,100,367,107,916,797,890,298,896,51,244,67,470,656,728,918,259,203,98
816,497,678,550,850,460,186,165,938,144,707,135,428,739,230,589,55,577,54,603
954,109,256,877,822,955,34,697,580,21,453,498,160,73,798,830,730,139,404,509
754,214,983,326,827,320,722,416,620,145,303,689,803,785,204,860,806,28,931,716
923,595,482,44,353,459,308,956,260,774,117,602,398,71,130,47,456,31,258,319
928,264,963,994,652,3,932,377,586,74,424,431,991,419,665,873,176,430,569,505
559,156,647,673,150,279,489,843,809,943,168,128,688,400,59,776,448,427,197,748
103,58,836,411,784,439,608,169,119,682,465,945,24,385,555,949,826,934,228,245
630,812,910,405,219,281,522,399,452,966,942,409,542,116,543,39,985,133,907,708
658,607,395,17,387,304,944,908,517,605,585,378,561,369,999,669,649,171,729,122
289,506,939,14,111,698,484,451,727,533,362,906,382,267,887,155,9,364,449,104
582,229,447,487,443,874,532,598,974,356,619,394,201,824,693,5,927,101,496,742
253,406,164,659,840,4,464,231,415,779,50,12,828,233,886,715,637,278,445,842
864,200,868,721,960,140,596,77,538,675,671,462,127,86,336,750,82,213,152,741
597,64,208,657,574,444,457,143,252,593,996,892,280,235,323,179,461,880,521,947
793,562,291,645,93,120,193,866,536,633,788,998,768,962,654,115,857,696,839,391
738,441,913,477,373,875,529,370,661,334,15,672,25,762,990,540,181,45,699,520
504,218,628,6,307,381,346,837,725,242,993,131,717,172,872,687,553,547,606,634
434,710,243,625,191,624,437,1,474,33,676,271,490,781,829,442,763,546,895,438
43,650,380,275,310,782,154,903,531,612,760,863,41,347,622,737,935,188,357,479
853,914,831,640,646,515,851,794,632,791,153,184,167,136,735,615,108,350,503,904
911,820,316,978,7,125,997,937,277,238,539,196,471,251,2,667,432,713,757,209
551,420,714,869,338,483,736,679,412,85,692,821,225,199,178,493,958,901,770,576
800,765,783,159,900,832,321,19,500,450,668,49,402,751,599,236,979,513,333,527
81,507,137,953,761,968,75,250,695,486,967,610,662,36,705,616,833,296,618,335
263,180,848,571,545,65,458,149,773,467,891,499,975,549,146,664,22,311,884,712
815,198,666,206,841,885,564,629,575,518,91,867,992,410,42,635,473,26,384,87
345,755,804,893,70,982,349,423,948,897,114,573,805,359,282,950,407,535,870,704
383,268,674,492,8,980,811,847,777,769,417,924,557,141,753,825,631,882,124,802
718,88,96,365,957,644,680,110,986,810,731,212,173,454,355,151,969,560,241,778
683,541,273,719,604,330,475,29,926,902,844,478,89,764,1000,889,626,970,105,38
834,623,905,813,732,965,852,865,919,636,293,76,771,544,933,878,290,436,638,989
166,265,819,701,940,343,162,519,759,270,871,971,846,898,740,435,37,894,747,476
79,205,368,973,480,879,614,134,11,964,223,720,48,23,814,685,358,648,807,313
322,68,331,210,106,936,758,148,594,917,361,724,941,530,855,981,565,526,57,10
269,743,548,283,600,190,775,63,677,977,525,925,312,838,508,118,20,641,375,314
845,792,766,818,221,222,393,325,691,237,959,772,756,488,466,27,746,142,388,495
709,299,30,643,472,215,556,354,403,433,262,248,211,138,808,60,670,440,132,158
185,817,591,220,510,187,501,801,239,301,99,421,516,121,202,611,224,613,494,733
987,568,921,686,390,514,397,418,835,342,363,246,341,491,276,601,40,102,175,684
