7917,5437,4050,3180,294,8383,4767,2736,685,596,7265,3443,2914,3192,6729,1073,1551,5703,562,2839
122,1075,8885,8212,4363,8157,7701,3820,7415,6824,2482,8449,1980,802,1422,360,8779,9593,5230,2848
914,1718,8833,4885,2486,4334,5195,3789,6020,7188,1322,1262,3509,2798,7802,6971,3788,9827,8951,7329
458,6235,654,8088,400,9741,3702,1843,923,6061,5262,4715,6881,7444,2908,9761,2493,83,514,5307
8379,7400,6254,5340,5072,2710,5361,7554,6575,1155,8033,1463,8957,3243,7758,3086,1912,1221,3765,355
2274,6185,1623,7585,915,5798,4346,998,7088,9006,1450,2619,2800,6250,4625,3920,2262,449,7714,2721
2641,3605,9252,8338,5520,6766,9921,875,4582,614,204,3093,9263,1776,3528,8640,2109,2023,3668,1419
853,3778,9524,1003,5896,5346,3224,1806,4865,4231,6090,738,7618,3610,5429,6552,608,7965,7025,1359
2590,4174,1594,896,8961,4764,5224,5469,487,1740,1375,7676,8717,5537,4400,1633,8003,7103,7056,4460
1603,1246,2414,300,413,4478,7523,2103,1078,6002,9668,9563,1032,5301,8494,336,9778,9166,105,9682
9223,5571,3251,2692,3084,9829,1943,6624,8970,7625,9999,9643,8117,2592,6382,2558,3990,7592,3576,8708
6836,829,8306,235,6696,1911,6903,3293,1577,6087,7051,2398,1937,732,9543,9915,7436,3160,3398,4981
7230,4338,5356,9191,5088,975,7047,2175,5797,5452,2273,9655,3334,7929,9369,7970,2828,769,1512,2885
652,5776,4390,4431,1266,4672,8282,6455,3630,7324,387,3563,2573,3562,5771,5735,6501,2923,3327,2081
2891,1,1733,2717,2294,571,8540,4422,5042,7658,8377,3853,832,1554,4447,2884,5551,1827,1769,588
1429,4095,3394,1196,2818,4142,6731,4648,1751,2292,8350,1617,4230,1699,5564,4695,767,2532,442,1578
5106,4425,7481,4907,1506,3800,213,2313,2774,5709,7321,9207,3690,9793,9985,5208,4320,7588,1248,4769
9335,8825,7659,881,4061,5777,4052,9564,1579,1423,7084,8199,2903,2956,8230,9482,9220,8760,2599,8222
60,4500,1502,8265,2356,8530,9366,9256,4349,4541,4370,7820,1072,7371,5134,2159,1661,7397,3121,5750
7142,2137,7838,7032,2716,2016,3237,7699,8385,9192,4721,2874,7924,1900,2823,731,1089,8064,3956,1563
7840,1545,2875,9888,2176,1102,2426,2442,6190,6397,9979,7367,3317,8600,603,4714,4501,1242,3728,7631
6880,1380,6024,4615,107,3423,2471,4456,6284,7293,8416,7961,6647,8986,5857,9169,8948,6394,1664,1727
699,7174,5024,4526,5222,3907,3355,2846,1901,6163,5279,7642,5443,513,1560,3026,4880,9528,7942,8583
7934,1101,8725,7587,256,7145,1505,2264,2268,8018,202,7082,8998,9357,3238,9664,4691,5633,7213,9911
1054,1240,2581,5156,3987,5031,8193,9322,1471,951,4926,2748,4219,8587,5912,3611,5329,5288,1247,9946
1719,4263,1728,1178,3746,3091,8810,1641,4143,3373,5107,5046,3049,3752,7615,8487,1624,8817,9916,4913
988,4167,852,3796,3073,2870,6193,1245,9575,1188,231,8047,6997,5488,462,6096,8396,1979,7127,3444
549,7735,9533,1888,5175,6411,4024,8901,3522,1634,3749,3982,6759,5975,2321,1024,8496,525,619,5809
3248,9391,3883,1480,586,5256,5744,1022,9539,5223,9312,3902,5926,4488,9756,46,5171,2688,4554,4164
3782,1143,6399,2056,2883,7882,7914,4357,1338,2336,2886,8565,7319,6021,297,9963,3965,3128,580,8607
6238,2227,1714,8793,1654,9355,6919,3197,4416,4305,2728,9907,1581,1146,2878,1899,5193,5227,710,2882
6616,5840,2667,6016,9046,4240,5436,5958,4079,3766,278,8696,5463,4775,839,6496,7224,6,2144,7804
3643,2446,2826,1119,3773,5575,5100,903,766,298,8974,5159,2850,5949,3260,2845,3371,7910,8919,9038
5018,2799,4152,7427,4804,6943,9753,985,8686,7475,3268,1867,5794,7945,8081,1929,9747,5720,217,2803
6935,9281,2389,4278,1796,9982,4592,3978,5827,5273,8548,2051,899,7785,4736,6529,3971,7071,7846,8611
1477,7191,9958,9188,299,1643,4616,6034,8453,5808,3974,4420,4127,5028,2479,6102,7477,537,3564,2779
6774,5391,1186,1990,4242,8000,7299,5954,1398,2092,6290,455,5856,1870,6816,6923,5690,6343,1042,6275
1665,8690,1145,5386,1097,1598,2210,9461,1144,5196,3815,457,7143,8693,1436,1205,8534,8501,7834,8512
9194,4209,9168,9370,545,1786,2669,2540,4013,5252,2996,4845,622,2675,927,3458,356,4328,8226,5145
1010,1562,2585,716,1570,1772,526,1902,26,3335,9663,2972,5534,7446,2616,2906,4705,6754,1341,350
4396,2053,9736,9253,6879,1683,109,3066,8694,7024,8322,9395,486,10000,4509,7148,7238,7462,7260,1350
6962,6638,776,2088,4207,3361,222,2700,8945,188,1140,5672,5090,7159,5019,6641,4300,3769,8156,1131
5957,1448,3721,6699,1076,722,4666,704,6803,7745,5254,1393,4796,1395,6242,5632,3386,8038,8120,6717
2510,3970,9942,1314,3824,5651,1418,1316,3114,4402,1063,810,3895,613,6799,1983,6219,5236,3106,6719
1741,5979,8146,7774,7137,6588,7977,8129,406,5368,5641,8893,6559,3634,2306,6360,1934,5530,2091,7187
4177,3004,5759,2591,5132,6429,7292,6123,4016,98,4780,2584,6516,5574,3348,2830,7019,6628,2241,5904
9759,7783,8363,5400,7971,9477,6372,2125,4413,8395,6600,3350,7878,5874,5327,4108,7092,1631,8393,6128
3777,7836,4658,2765,6152,9084,9267,9846,3836,3326,3784,8768,1925,126,1202,981,6294,4181,2215,255
866,6195,3687,3480,7177,841,2266,8867,5715,2530,302,2015,1524,1154,5611,7940,9752,9767,8325,3742
5417,3110,5142,6728,758,4803,1389,1369,9337,247,8201,6583,5187,7307,1508,8065,626,2031,4826,3545
4644,4529,5902,582,4831,6818,8264,749,3603,9828,2627,5731,1995,7079,2214,6454,9198,2659,7951,2649
6300,4421,2939,8017,2578,9633,4933,9789,8331,6188,6291,2642,4170,3491,4250,6458,3139,7150,801,261
5116,71,6612,2341,1757,9469,3202,1838,3280,5004,1985,3338,7420,2650,4347,6500,8189,3117,4262,8658
8176,2640,4291,8784,57,3017,2161,8070,7228,5541,9732,404,1182,2489,8842,8009,6591,1352,5694,7469
9279,8513,2166,9176,3947,3711,7571,8692,9799,2852,6996,3537,8895,8426,7928,3830,4353,4989,7124,1029
2162,2117,3719,3628,1647,8245,477,8294,4591,1684,1017,1865,9764,6338,6722,6539,5760,5380,4654,856
316,7132,4131,8167,3438,7376,813,5034,3176,7630,1320,3581,4583,851,3596,5508,6934,5872,450,9937
7750,4085,2976,6226,6806,59,3188,1530,9687,2009,7765,3516,4879,5502,460,7902,8590,2512,2514,1517
6155,4687,3613,7773,8483,3940,3376,5964,3918,41,5185,3713,9824,5668,9209,9973,6707,7559,3048,9900
1625,5118,4345,9659,7779,8594,6315,1678,3938,8558,497,2556,5326,9790,8297,9582,1657,1271,4236,7629
4146,4799,4986,377,2174,680,1122,9028,7728,1734,3569,2577,3930,2501,142,4795,6569,2093,9516,1552
7332,4404,330,6763,8392,8864,6472,6597,860,7574,4707,8826,3781,280,1488,5545,4329,643,2677,1738
8020,9399,2427,7606,8148,8421,2099,7338,9538,5421,8236,1722,2502,5595,1669,3553,3088,9769,7479,1756
8130,2040,1945,5393,3457,24,728,5026,5033,6370,5410,8792,5838,1876,3772,2037,8774,226,3949,1939
5383,7069,8172,7067,3152,2594,1747,6273,4398,4429,6293,682,3053,891,4239,9600,331,660,9419,1879
7643,8386,5785,9984,4033,2760,22,6032,4892,2068,7072,6224,6391,28,3852,3411,2076,1708,1767,9766
4754,6358,2588,2369,7136,1851,5298,7066,9757,7004,9039,7365,9492,3147,6752,1294,3092,7311,7218,1656
9841,7534,9385,8384,9872,5281,7054,9264,6319,5448,8283,1048,5999,3632,1223,2154,6111,2707,9726,2481
8319,8198,3532,8334,1258,2314,4388,5510,9987,5353,6383,2300,8066,9802,2767,2233,430,2734,6672,1968
2697,9822,9133,3467,7610,1771,8656,8206,9324,1781,1957,5739,8299,2687,5722,9403,3914,3039,7969,1877
1354,3606,7707,20,2527,4834,5569,8469,3028,8650,1276,7755,7567,6019,5945,6323,6106,2907,9608,2705
183,4788,9903,9952,5127,2912,4919,8300,8966,7059,4958,2332,6142,8087,1754,9932,2448,8874,3682,8591
5506,1041,1399,6695,1690,1895,8279,5716,1038,8665,2815,9215,2643,2319,2646,6114,747,9162,8185,2096
4090,8171,8472,3102,6878,8250,4224,2973,2310,1898,1868,9032,3654,4638,4668,8677,641,6558,8649,5140
8884,1027,1300,2461,3358,5143,4626,563,7612,3517,9245,6760,8186,2738,3531,6150,3250,6168,6986,5
7395,4310,1128,6116,2436,2364,2368,3232,9497,3379,1243,3193,6685,4571,285,6146,1713,8183,8597,7616
3196,5981,2704,394,8456,5023,1997,3561,4100,5927,696,7282,6783,5710,4372,8210,1921,4663,9494,5959
115,5700,5167,3487,1203,7549,6280,7844,265,2488,7342,2324,44,4358,1850,552,1696,3805,3536,5237
5675,4462,9595,7161,7170,6952,2045,7807,1412,4265,4758,9631,9387,9211,4960,9943,9229,5756,8354,2308
1464,7467,9861,7482,9113,4109,2723,1616,4222,8800,8012,5481,2267,8432,3464,2612,2524,9956,1907,3473
9720,3041,7021,8913,9216,380,6353,3969,6303,8412,9232,6258,8402,928,918,2543,9589,3151,1268,5225
4270,5179,2001,7283,1025,5796,6335,6856,7790,4785,6820,4020,2662,6423,3090,1711,7746,8525,4226,4037
4441,3006,4789,3688,8769,9831,1427,6434,7792,1538,2054,1996,6276,8582,2018,2297,4403,2730,9683,1890
5366,7584,4822,3973,3952,2503,7867,6900,2985,3486,1992,1817,6899,1820,383,4438,5702,2771,2115,8332
4006,8789,2022,5924,2346,1404,4476,1773,6217,7530,3526,8628,8971,2569,1387,5586,227,2838,2671,8935
9445,1557,7901,9008,6950,6248,4489,7035,8301,3751,3875,9936,4622,3156,6371,9805,9983,5209,6852,6049
4235,1491,4712,3649,7905,2605,2968,6404,2410,6787,8546,4411,3958,2358,3436,5182,2017,2388,754,5496
1121,3686,4956,92,7393,2133,3200,1613,9862,8735,5893,6688,9511,1282,1335,8944,663,5764,4111,5608
8593,4492,4376,8435,2201,1209,6643,5300,2444,9800,4711,2330,1942,1489,6898,4739,8349,9602,4444,5544
3892,5620,216,6008,5077,8455,2628,3706,4324,3342,6298,6700,4835,6164,150,3840,1120,2507,9484,4115
1760,3994,9363,2216,7439,244,5199,2637,3865,7668,4168,9573,6424,1886,5588,6486,3044,6245,9389,2084
1646,6769,3851,4770,174,2791,8229,8698,2964,2333,898,2035,5584,551,8207,5371,5585,6489,8674,8865
2660,5897,444,5362,5636,9437,8612,8365,6598,7563,6837,934,8963,1852,5376,3801,9063,228,9334,2910
5404,6887,5487,4787,2902,8215,3880,118,2269,337,8019,6436,6756,3750,6076,2648,1693,7682,3015,3354
3720,4196,1889,9606,3273,8016,8712,5882,5304,5555,9819,8639,9085,48,3677,1859,1370,2805,1410,8114
683,1736,7646,440,1735,6973,9669,2006,7936,4800,439,7252,768,5946,8752,3565,2230,3530,6502,4045
3818,4023,8149,8777,467,1355,8529,2725,4765,4233,893,8132,8890,8466,7667,6838,79,4830,5637,3365
6708,520,3351,1111,4652,4077,3679,3731,9923,4204,85,3421,8082,4459,2097,5768,3997,4374,9438,6350
3289,8785,7202,6279,4791,5040,6673,5654,4886,7330,8293,5162,4950,4940,286,1206,5130,1856,2229,4183
6179,3588,4847,9796,6400,3395,5533,4741,9051,7766,9360,5784,2955,3265,3877,7474,2439,4909,1402,5755
773,2180,1553,9446,6158,9401,4316,6765,279,9075,6080,4393,7870,5890,2271,9302,1871,8839,3012,5016
4375,4125,727,5075,5202,6968,3388,4742,3504,5572,8596,2810,3595,1125,516,6473,3980,8492,4731,6251
6209,8095,4082,1163,2066,7366,5987,8613,7661,7027,2899,3527,4063,5098,8181,2889,1345,4776,5717,9534
64,4326,3775,3896,3533,566,4102,354,4665,3723,2211,2278,4649,407,4149,5083,3597,3931,1501,1432
4963,8179,5514,947,6533,9675,2462,7085,7894,7718,7697,5381,3281,8791,7644,6498,5012,1816,7119,7526
3478,9087,7490,4005,7825,3887,3463,3245,7719,7432,6484,1686,2921,9639,6052,2629,8973,1962,9547,8747
3216,2416,7251,3959,3213,4874,9238,3272,3543,5559,4362,8043,1998,976,2348,1653,9145,535,8559,4577
4760,5615,5846,6683,7514,6487,2431,8360,7120,5769,3832,6690,4679,3828,7732,5993,2654,6596,3380,8711
5248,9626,1974,9510,2981,8253,2938,1965,2757,8044,5587,2894,4927,1244,9361,9823,27,3321,6678,6451
7686,3352,2802,6453,4773,638,5671,1707,6100,507,2872,8811,5547,2246,5385,94,7669,4312,5271,2750
8150,2468,3856,252,3899,5817,7385,7562,8037,4302,2520,7322,7624,5053,4155,3755,2492,8997,8543,4192
2909,9374,2582,5758,3651,3715,7891,574,2342,117,3483,908,3402,8648,8136,9123,7320,2282,2026,7255
2768,4395,2708,3583,3622,7517,1621,3089,7753,5698,819,7302,5260,763,335,6086,5409,6005,2350,7158
5212,2936,1546,6835,3101,7979,2304,8518,554,8617,1591,7394,4496,392,7026,6682,8841,9316,4555,8859
2188,2737,4563,9695,7109,6541,3518,6138,9980,5649,4041,3325,2934,8547,1278,1717,6775,5948,8759,6485
5094,7095,1954,1457,5558,9470,721,4535,2392,4970,9970,2983,3662,3644,7012,75,8523,1152,3056,2361
6548,3038,7428,5810,9436,3673,8465,7121,4264,2378,3659,5128,2880,954,6844,1677,9567,884,1049,7617
9228,3249,9809,1839,9386,6257,1541,2672,1353,9094,4200,2160,7011,7649,5305,1763,506,1437,509,2354
2290,5375,4480,2469,2574,5062,2932,9671,1523,8641,3399,9549,9300,9651,3418,2445,4332,4138,6867,296
4443,3726,3179,9864,9246,7556,9227,7253,4123,782,6351,5960,4557,203,6033,4035,2473,1127,8579,6048
238,2380,7835,6594,4792,4699,1222,5892,4107,2786,7962,7815,973,3635,9473,7398,9120,8414,7333,1081
9064,2189,5276,5992,7239,5851,5625,3305,3413,4066,7590,8832,6010,5215,2913,7898,3617,468,6724,3479
4932,1456,7280,4798,2114,6309,1821,2515,5272,3838,4887,3199,7112,5277,7889,5947,1287,8764,4820,8366
5939,3231,7015,7729,4191,1018,4850,2390,1854,9592,5229,5369,929,7353,3085,5553,155,6318,7358,3064
8262,3158,8508,4916,9847,2351,7272,4011,3456,2255,67,5103,1894,3415,3233,168,1774,8165,358,8757
889,4766,4728,2943,3396,91,5816,794,4569,7871,1013,2039,4995,8992,5659,3331,2384,539,371,4768
2007,6658,2315,5708,1474,3993,3729,1000,5459,2626,5166,804,7470,8361,6703,1715,3234,9180,1269,9224
1309,605,989,7052,5652,120,9226,493,4298,592,778,5614,8144,5773,6068,5955,581,2295,797,7527
690,6198,8915,1575,4996,3378,1197,4451,5929,396,2970,2177,7583,5485,3127,8231,6299,3798,3137,2011
5604,3392,7312,8454,3859,3925,1252,5387,4304,4688,6325,1263,9813,4180,6528,5888,3680,5214,5683,6445
3988,6842,6428,3459,9585,9693,454,5420,4295,7628,2635,1077,2831,4697,977,5283,1667,4348,6156,2995
3539,8754,8680,6491,9737,5617,9072,6176,147,1697,6121,415,175,4344,3118,7409,5687,2153,6793,2192
4878,386,2513,1321,2915,4158,6811,7705,4436,8433,8740,7408,9551,8575,8987,6141,1066,3691,2554,6320
5220,3065,5879,9964,2301,2680,2454,6232,4477,9853,4202,4311,6227,3822,5063,670,4166,5146,1011,3989
61,43,5430,530,3393,4750,248,9068,5147,3205,7578,595,6228,6127,8524,2258,3757,2080,9754,3434
2980,656,1682,4511,2944,4744,7410,4296,2743,4704,1192,7478,9836,8093,2621,9485,5921,1051,1264,7673
1443,3469,3608,3922,5863,292,7980,1198,1406,112,9620,2732,4864,9896,4619,3792,4815,4659,3979,6988
1187,5944,9201,349,6795,5913,6980,620,3203,9476,5734,7505,1301,8011,2611,6551,880,1737,6633,6953
199,9733,7887,7994,9073,2095,4252,6589,5527,3210,9825,9679,7270,7827,3449,3209,4637,6901,4087,5819
9612,2651,4096,5719,4251,1179,2338,2821,5200,8355,3052,8516,4915,2957,8902,9173,6011,2123,743,6812
2856,1292,2012,6906,2926,2917,3070,2622,86,7915,9890,87,3212,4140,2833,9785,4536,6244,8002,9780
7168,7555,6796,9095,4333,7700,5542,6387,1257,4342,3318,3558,347,8075,2190,3129,8739,8969,6735,264
2242,1952,3972,5880,5593,503,9111,488,8228,9426,7757,3007,2042,1632,7984,2518,5941,6557,5338,8084
7811,5849,3819,823,7671,5343,4022,2025,6507,5844,9792,7195,5050,2795,7869,806,1953,4724,9855,6905
2065,961,3264,5360,5815,5704,2997,6761,7289,6732,8910,2406,4094,8339,8362,3862,8013,3933,9291,9285
1297,8397,7217,8894,9837,7500,7334,7743,9321,3069,1923,4277,7046,1608,4911,2405,2034,5873,791,464
6390,6332,4843,9583,920,102,3311,5918,5178,4623,9552,7899,6931,8477,8113,3544,2993,7336,7842,7912
9124,6077,9117,4861,6872,8211,6406,5426,6223,2429,3636,4539,381,7579,9588,417,63,3298,876,8550
1233,2420,4777,2183,2220,3961,6989,5922,1333,2508,167,7351,5834,8190,78,1349,6017,179,1875,5060
1789,7995,4621,3559,3369,4819,3998,9787,7138,8934,691,5493,9519,8829,173,9090,8561,8091,1095,3647
6475,6074,7417,9981,5446,1525,7851,6846,1168,7679,7465,3546,6113,8422,4211,4186,4761,930,1167,7800
2950,7884,8510,8599,6416,4485,874,1220,8502,1079,9929,1981,7824,3508,8553,5962,9782,5104,5639,2403
1088,8330,8828,8459,4586,9531,7271,4669,5653,4921,3589,1376,4112,1211,9743,6540,6088,2533,5112,1090
7937,1812,8855,9402,151,9514,9373,6744,4810,9055,843,6753,7133,1363,4532,8406,9738,4733,6890,9042
6755,702,4382,9772,9398,8821,9709,2128,4007,6857,5567,4684,1342,3412,1544,655,9647,4001,6180,8937
4828,8783,113,6623,6446,6527,3020,3183,4419,5211,1019,3857,9781,9315,3985,8067,8767,9992,411,1435
5021,9590,9043,5655,9703,6692,9174,858,3165,5119,4217,1703,7096,1590,5319,7448,1368,8990,3716,1052
8347,7,9677,9464,6288,5988,2381,7959,8417,1388,7497,1645,4966,7596,9257,8816,7858,6716,2608,1158
9001,9358,1044,5173,836,2450,6178,9410,7967,2657,9931,2362,4075,1006,8956,5468,6097,6977,657,4406
4692,29,6845,1534,2911,4468,2129,9576,3754,7058,8274,9156,7234,9605,6066,4512,2112,3858,7575,9962
1762,6220,3496,5198,7279,5783,483,5807,3829,323,1414,5494,3400,7355,9481,8381,1236,3372,466,4246
309,8917,1573,4527,7690,844,3794,6802,5038,4019,5231,9700,8574,3609,8862,1409,8488,1819,701,3275
4821,5697,5243,4629,3420,6644,1535,5458,1104,125,4269,634,4514,1749,4104,1108,9678,6060,2918,6985
6234,311,8333,7038,2681,2063,4093,4494,1989,2329,9273,6639,3779,1023,4720,119,1461,5333,2538,7285
4151,4640,2111,7278,9688,3375,6622,933,3591,4871,3547,6317,3844,5942,671,7431,9417,1725,123,8170
687,4574,8073,3523,9049,9102,52,99,8996,2411,6212,8642,3333,2636,1008,3043,2904,5812,8651,9221
5163,5774,4999,9652,2876,8533,902,6741,4234,7536,9721,7207,1601,4858,826,3770,2122,4991,9061,4432
4872,6495,3437,8178,2977,2992,838,5311,6103,2712,1191,6468,8741,8965,4612,2305,3705,3385,210,931
5973,8734,9081,3869,4134,4611,2495,6478,5932,3356,4729,4590,2948,287,5513,5865,4491,2516,5422,2988
2032,974,6648,693,3300,8803,3950,2729,9364,4173,7506,6542,1009,7229,2041,6563,1308,821,1926,541
2185,5622,4676,6130,7403,9807,1743,7847,7576,352,5843,3548,5242,3640,5560,1331,5829,2583,2776,3406
7381,200,6493,180,7986,7350,5418,6702,7911,6304,5217,8451,3903,1381,148,5284,372,2871,9673,1930
4106,3425,1824,2528,9960,2130,4133,1636,8931,1050,882,7347,9425,5801,7573,1963,7257,4794,3337,6579
9968,7328,7261,820,2374,4469,6373,7131,8357,9234,3408,4339,4783,4389,58,5504,502,3109,8714,7442
9835,1064,7843,5250,5344,9107,5181,4673,3368,4889,4437,451,6465,1106,9131,1362,2152,1334,672,8298
9054,3174,6398,8407,9206,5505,544,9122,6207,7180,2079,5938,726,8308,6758,9773,7262,3094,5931,3099
8930,3445,3823,7009,1487,3008,8112,1823,9502,1831,8275,2825,8255,3740,4570,5594,781,470,5089,5164
5546,1710,4122,2841,1975,705,4908,9259,4366,4097,6059,1351,624,3560,4377,96,2158,8728,3701,8958
1910,6136,9465,4103,7763,1165,1798,936,8659,9561,9974,2568,7216,6415,1420,6389,5414,7445,4203,1113
967,2653,5905,7987,9269,6368,5351,1837,7852,6927,5337,2537,2423,3889,1780,6124,7286,9375,6354,5940
1280,9508,8801,9294,5265,6071,6523,8495,7602,1673,9284,6631,5203,1059,6112,6108,9649,7709,997,5681
1958,5059,7128,6313,1897,437,4043,250,3178,7269,8976,4194,8626,8538,131,3656,1887,1994,3604,223
7883,3294,5818,5465,7185,6537,1371,942,1927,5712,8103,2487,5935,771,6266,8248,6620,1229,2644,9555
9804,8029,4114,5684,6746,2735,3660,9178,8536,1842,3416,8621,3279,9295,8622,9713,1483,9258,5486,5014
5852,9904,240,1726,9307,1982,6418,9193,9377,4248,5746,1596,1080,7739,1124,3190,9994,5612,949,5821
8916,849,5701,1666,5664,2206,5306,390,4506,2772,3524,3253,1185,3166,5626,1031,7211,6520,4360,1183
3195,3934,7837,2311,3025,4092,3433,7989,6107,9745,5084,8595,2881,4540,635,7162,9177,576,263,2720
1086,8267,5085,262,6554,4842,9708,4331,4959,5515,5482,2756,9658,1630,1391,1903,3995,9455,7721,6469
1175,6778,2375,5920,2523,8679,1214,4354,9517,8654,8904,2561,4380,5029,645,1951,1241,9065,9056,5495
7110,196,7528,6921,570,4280,9851,3219,2157,492,611,6593,1162,8122,669,2658,1637,1256,9407,3364
8569,121,5685,7081,3758,1212,1469,5500,6466,3104,4026,1914,6863,4674,8732,5032,214,7034,6395,3917
9163,4701,1828,6513,4854,2464,1692,1460,7284,5601,6208,9204,8704,8634,1885,5484,8721,2755,4385,3211
5312,3921,3466,7663,3383,345,5628,8644,706,2399,6165,9262,8286,6230,2722,9158,5688,5352,4156,8586
9955,8573,3669,7378,9826,5862,6336,3932,9486,5342,1576,6896,7151,4386,8320,3346,9945,7050,9190,7364
9832,6089,4208,1082,6340,1712,3274,3571,1034,1190,8766,2004,4153,4922,4671,2542,3810,9875,5149,4547
8838,3968,5226,6183,36,4975,6349,6679,8261,8771,9859,4408,2744,8744,8545,2837,4369,127,538,7107
6031,3218,7236,5238,8724,97,6378,5213,1433,7723,7801,4614,3460,4474,8933,7978,633,3708,1046,8076
5936,6444,5696,8738,9662,4852,1058,5919,5745,7654,8560,9320,6532,9991,7999,4848,6768,5025,1226,4772
4414,4034,5336,6000,7622,7171,6882,1947,1978,4442,1688,6405,5266,2953,4008,4972,9098,8845,7637,7761
6327,5423,8213,9475,1277,8369,7429,6776,9965,7182,3870,1971,9645,3462,9770,6963,2020,9529,7172,3866
4660,3725,6197,1452,416,1383,5011,5549,7696,3645,3601,7793,906,9447,8661,424,2359,7343,8187,4726
6308,5457,6908,837,6363,6262,6764,9342,1650,6814,8824,5699,3760,873,2136,2633,8519,4576,4449,7819
2832,366,4738,2057,4944,8428,3450,3642,2490,6635,8098,7149,4507,446,9887,830,305,6477,7266,1213
5073,6482,8153,3229,9632,5210,6571,1532,646,2335,2138,3057,9225,1426,7963,5850,8243,1627,8770,4917
2029,5289,4336,295,8592,1416,676,5839,1893,7205,8078,4470,7362,9934,2679,1761,1507,2000,3287,1332
3698,1100,4894,4282,2940,3081,8105,2941,3079,1284,4859,1915,8458,7860,8473,2100,5845,6194,3986,9690
1249,1235,110,5779,5174,842,1909,8311,3172,6492,7640,5775,1156,3312,2879,9806,4943,7806,4605,2219
1173,8549,3308,6426,9536,2259,3349,3262,4321,7003,2551,4039,1878,9559,2078,938,6039,9857,3939,567
827,3924,9139,2994,7157,4920,8030,5982,4868,1299,7387,5296,9849,5434,8353,4178,515,919,9036,7242
6287,490,4599,4223,4062,8399,9617,6023,7925,7494,4510,4690,3704,5606,5476,7810,2731,7156,9581,8304
5152,4493,825,5188,72,2312,1862,4631,5232,730,7458,2788,5180,2933,4065,9880,5403,4930,3841,5635
8568,5997,2777,8445,2596,13,7501,1498,7126,3817,8423,9353,1193,1807,3975,7777,6840,7493,3863,5618
3315,4002,4778,2854,1227,5233,5847,5407,2764,5841,8844,5767,2498,6674,8703,9388,3143,587,1438,1372
6221,463,511,4709,4481,4661,7352,7662,353,7826,6187,6809,5573,8807,7489,3672,6240,2438,4179,8124
7117,6409,9751,6886,9672,7037,162,7166,80,2090,2236,8984,5689,5740,2250,221,2387,3105,4015,5314
3465,764,5183,1689,6642,3693,4285,6171,9810,8736,6607,2243,9667,136,8713,7632,4314,6133,2834,4809
2478,9744,7434,7949,4288,1037,540,445,9428,2218,894,7511,236,5395,5565,9314,2665,1527,8672,3297
3097,5278,5490,1883,2038,5017,1304,8184,2804,7687,3833,7399,275,4530,6322,3915,5903,3692,6538,6636
4528,5732,7382,4628,9449,6606,2208,6095,3700,7327,3898,5111,7892,7115,1855,2974,2453,6157,4636,5144
1494,5602,5039,4160,3667,1813,6884,5823,6794,4159,2385,393,4951,8111,5001,8827,862,2280,993,6175
3122,7372,3960,2202,4630,8233,4073,9121,4504,7425,2151,7652,6550,4866,8050,9496,5184,1312,2198,410
6582,7273,5824,2749,3621,8209,3236,986,4992,9151,154,2060,8671,7938,6441,5956,8127,8289,5101,4559
8147,639,5895,9926,3573,8328,1005,5345,695,9680,5976,2085,461,2773,8814,2511,4725,6355,7975,7450
9250,6613,6681,6243,5201,6855,7305,2867,8100,5010,2433,7198,6777,7502,9615,9959,5460,8880,234,3867
2691,3150,4238,8371,9019,2576,332,888,5972,9091,1966,4260,6704,6954,6917,5669,3724,1766,6714,9624
3461,7298,3384,4175,7219,5591,9149,329,9495,8430,6578,5194,5041,7808,245,5742,6969,5350,7099,9327
3762,8861,1462,9027,7947,5813,284,5328,2916,6153,1564,1430,6762,3098,3929,529,617,1977,2531,6514
2281,5064,3157,8872,5983,2905,215,4350,6126,7074,9623,1306,8585,1606,2761,1605,7048,2814,1126,5299
4099,1558,15,4812,762,2170,5007,723,9774,6830,379,8309,8985,1136,74,9657,2766,9304,8036,5359
2935,5749,565,4553,4763,4987,4232,8031,6661,4309,1302,871,3962,2435,5786,312,6139,4216,9640,2740
3943,1709,521,990,8776,5416,733,6713,1473,3448,9867,9380,4818,678,8666,1347,1161,8645,8403,9765
7698,9427,6236,7315,1622,8542,3119,4340,1177,4014,6509,84,6471,7717,4797,9070,134,401,7666,5105
5491,2499,2182,3808,7210,4906,9296,9739,9727,6494,3252,5610,3681,1123,429,1384,4201,9894,418,7552
1130,182,9243,2860,4463,7973,33,2752,7111,2118,443,2497,6694,5161,4487,7340,9292,4980,9040,863
807,8202,9074,5963,8551,8351,847,422,2962,9607,1337,9076,5974,6834,7348,7839,8730,8390,2843,160
8151,8252,8562,5239,4060,8555,6684,2104,1881,6376,4130,2409,9108,6380,1208,6535,8001,3587,7558,8180
6439,5091,4670,553,1518,5370,2844,9957,4089,955,2559,7740,8471,3189,8317,708,5894,4286,9580,3304
3733,5592,2682,2126,6990,2780,621,759,5991,8707,133,9003,7318,7316,5043,2525,4297,9442,746,7916
744,8486,2947,7057,4957,341,9791,9181,6974,4759,7240,4253,3653,712,872,8719,9289,4888,926,8278
560,4747,6352,8570,6995,7877,4685,3927,473,5057,7199,2754,9803,9326,8927,9515,6889,5189,7880,9053
6930,4807,4303,1164,8014,5049,6645,8627,761,648,5536,1403,3155,3626,7863,2711,4757,4124,4931,1472
6433,8188,9479,2571,257,2699,1864,2873,6918,3414,9185,8010,3976,718,7903,1792,3359,9405,5399,4849
905,5324,4172,6771,6093,8126,505,49,2339,2067,9244,7061,7515,2945,4472,3145,7818,774,1706,8431
1778,4074,4281,4318,4882,9265,6949,6987,5554,4853,2816,3555,8830,3451,9918,4968,1536,1411,5158,8701
9134,8899,5915,9762,9518,9020,2693,2718,5255,9467,3797,8866,7749,1030,1790,561,1139,8104,6118,6215
3578,6828,2393,3490,3472,5261,1783,618,546,4148,4256,5069,5642,7277,3329,397,5986,2213,547,5509
7923,6463,944,1748,1785,5268,2836,4568,675,6992,5643,7468,7309,5492,9379,9990,4624,8314,1745,3130
1053,40,8823,5826,6488,909,2982,18,1378,7130,1655,7341,405,3727,6144,7981,6170,6079,6786,9740
6247,4945,4319,9110,983,7581,5679,5996,4448,1874,3854,8581,8485,3689,9723,2452,277,6231,3362,1869
1070,5472,5971,2014,293,9024,6261,3302,3256,591,5204,3827,6105,7044,5943,7764,7231,9638,165,1142
1628,7751,6549,7589,9489,8765,5518,6263,2999,9856,8515,5302,220,2505,3498,241,9164,952,8097,3169
4693,9506,8606,3019,6464,532,7788,1619,8879,1160,5218,3470,6357,6047,4044,9037,282,1455,7594,4633
4169,144,7812,9940,6827,322,5521,5044,5054,8851,7909,6720,211,5186,7426,5631,2205,1993,4965,9705
9230,9187,2082,5257,1732,8482,4387,267,3240,5782,8420,8139,1764,9278,3047,4752,6040,7259,1495,103
7460,4032,6177,7656,6361,8462,6817,1970,2564,3046,8566,4817,9742,5411,3096,8131,6984,4141,1765,68
6222,6547,1219,7212,8941,9997,2440,9512,4030,1919,8563,116,7392,1110,7435,1956,8888,1906,5728,6585
7956,1556,2726,6476,8372,9681,9381,2954,7623,7453,8938,1261,3747,218,5068,4214,2587,1065,9566,3901
7118,6182,4241,313,9213,4471,8468,3381,8571,8175,1036,1061,5869,8062,5480,3759,8878,206,8898,6748
5102,8119,9574,9140,7900,5674,2404,5743,7089,7974,7204,7756,3735,9730,6264,9938,5036,7787,7561,2027
3942,2272,6062,3738,5177,6204,6937,7896,7086,1021,6801,4602,846,6050,6306,3149,4495,6206,69,6427
2931,5405,4195,2713,5176,6314,2186,6873,2963,6738,6715,2071,6392,6823,7247,7451,4518,9734,2135,2519
5450,4257,1254,5800,4899,7920,2204,9760,9319,219,8063,8023,5990,3277,3579,4171,5244,425,4898,2544
2284,6804,3083,2521,3313,2247,1466,5854,9034,9577,1317,739,7227,8660,5691,3431,2966,138,921,1775
757,3657,9130,4076,4384,34,2663,1016,5596,5382,6524,6067,8564,7244,8352,3239,3963,971,9692,6640
5135,8143,5550,4593,9935,5634,266,9684,5095,5911,423,9504,4979,7203,4617,3878,6521,1382,8234,7859
3739,268,3744,6271,6073,3405,6798,159,191,4556,878,3582,9763,9628,3756,5427,4955,5570,9287,1291
6246,3641,857,6686,1129,270,5390,2858,7948,2086,2164,7922,9202,4806,6595,4786,8272,7114,6312,8903
1275,661,9009,3410,5503,3021,3194,233,5624,2106,4613,7245,8060,4446,5151,5693,6069,6914,1542,8106
8268,2887,7866,17,9457,9869,5871,1639,2517,5667,6957,5221,9325,4081,7424,9944,8556,4428,724,8400
8080,8476,9811,7304,9431,787,5656,1614,8079,4700,1744,1547,9301,5660,5616,3389,9141,2113,2840,1447
4040,4482,6499,5721,471,8758,1723,1093,7454,4589,8921,7557,7208,1731,1961,6030,2598,7487,1526,5676
9463,1674,291,1475,8457,9746,1273,1635,4401,324,978,5730,5822,3266,4743,9917,3894,8799,6199,2919
9599,7276,5531,1453,3580,4150,6307,7767,2222,7349,176,8281,868,5124,6932,8532,1791,2234,2617,8040
1043,2235,143,6916,5539,5466,7568,8034,4723,594,6186,2225,5658,907,4745,5474,301,9480,3177,8663
3432,6239,865,7504,4824,2146,7484,7452,7388,2019,673,5582,8194,5718,4351,8378,5898,7841,1172,7020
5141,4678,7875,3908,8949,8244,1702,3442,6565,3804,5825,6094,1295,9317,5828,8509,7872,351,5123,7492
3132,5067,5887,6610,5576,8242,4064,9656,7930,2927,5295,9303,6479,4227,6891,5820,9352,7992,8240,9939
3919,8424,3340,4228,737,4560,2194,665,3501,8312,6871,2959,9048,7693,7544,7759,4359,5657,2285,1652
8668,3111,4220,4343,9409,8162,2073,3013,817,8989,9927,2277,1174,1509,4552,9572,9444,5406,7833,6480
5431,1950,7522,7570,6412,1681,2309,9722,7822,4392,6721,7926,5113,6560,5705,7160,9345,7209,303,2575
4954,9644,1626,7955,6283,3208,4642,5805,7543,5733,855,2421,7688,2952,4902,8756,4110,2555,448,900
658,6940,3107,5961,3850,501,9556,6265,2003,181,4533,5859,9978,785,4753,642,9755,7250,56,9157
3221,3295,9503,2102,6281,6403,2724,9820,3345,5968,932,8875,258,5155,867,5662,5325,824,9545,4941
2809,9432,3198,318,9384,1938,8755,9031,9052,1511,4450,3941,6027,8072,6586,2178,5280,3767,7805,5930
5738,6657,7169,8609,6767,9160,1503,6301,7040,2447,2253,7996,3874,6705,7190,7049,3339,9218,6745,3391
478,8794,2030,5471,4851,979,6035,2239,8981,4086,8258,9815,3301,2396,6904,6625,2789,1659,6369,5131
7373,8947,7641,1809,5282,171,5528,1230,6656,7466,8315,9451,395,6967,1428,3484,833,8960,688,7093
5453,6866,9629,8125,6709,6955,342,5713,6858,8818,6808,4694,4287,668,8123,8346,7147,9299,7657,4182
6211,8241,2550,1685,2463,382,4499,7379,1928,3441,7943,5967,6894,2689,4890,6743,8159,9801,7287,8978
7960,3078,6191,1528,5802,9311,8463,7498,4994,194,6214,6512,3906,7377,4603,205,662,1675,3328,4579
1444,6933,1704,784,3600,170,5080,333,2326,7830,8291,8993,996,1694,6928,2120,5680,1832,2193,1141
4542,1583,8257,1514,8687,7073,7233,5811,6687,1784,5047,6259,7993,7232,498,879,9175,4698,7223,3430
7848,4837,5235,8155,1860,6570,7953,937,6440,5548,2645,5875,3717,3030,5030,6910,7243,8831,8161,651
3409,6125,1944,9210,4749,1224,7018,6474,1379,5751,9004,7694,6075,1973,9378,3244,8280,8681,5454,6497
3133,8295,2470,1405,2759,636,2408,4774,8054,3834,7856,2548,7569,2607,6522,1171,2383,8952,5923,1814
3112,4206,6826,5246,53,869,8743,5136,6706,7154,2457,8273,7605,3468,6839,4952,6229,2958,4245,6169
941,3732,4508,251,5303,6064,1329,6841,7983,6646,628,6655,6727,6192,7603,4275,1543,1478,6605,8959
5357,7313,7459,8608,3163,9676,577,3946,5259,5433,7710,4367,1486,3670,686,3658,3590,6329,164,8840
8699,4900,2024,1917,3204,4601,5497,803,2901,9058,5523,3500,6159,304,895,4417,8411,7386,2714,7491
877,4836,4135,4737,4000,8854,9712,8720,9674,7471,4053,4713,8288,8940,9986,3743,6982,3529,2430,1595
9902,2049,9248,2083,3283,6972,1117,481,4162,272,2613,1150,2155,7065,7290,456,2703,6101,1285,4355
146,9627,9548,8994,5456,812,7464,8697,8174,7648,9604,828,3417,4025,4873,6536,6044,8636,3,4938
6993,4368,6848,3951,5645,6876,8684,5526,3306,5479,157,6253,9106,4978,2783,9885,32,4458,7407,1225
550,9415,4352,4516,2674,9390,4003,3694,152,2797,5864,1458,557,7770,7939,6449,8522,640,3842,3803
73,6544,5292,1346,897,2758,8051,4561,6396,2424,7881,1045,4682,2606,1729,8270,3397,5540,2163,6970
5285,54,6939,2753,4934,6979,5160,1270,7772,2207,9840,4936,1987,6216,3201,1668,7297,1720,8657,4550
3891,9448,734,7183,6654,9453,9414,8836,2276,2695,4948,3135,2422,66,994,3825,8260,7997,2303,5330
6619,7339,3034,3957,8374,7405,5253,6555,1068,4307,5461,4144,8074,7135,8158,364,632,8266,7140,9393
4942,9961,4409,3521,5737,8979,1415,4650,8134,3541,1293,8427,2625,2074,3780,1169,7725,3843,2382,4779
568,3269,3861,2794,2890,7146,1424,8753,6617,647,7535,9338,1340,4841,1344,2221,7222,9079,2796,9597
5793,1218,6924,2618,5475,7601,7726,5566,6911,6046,7178,5877,7406,8578,9404,6420,5070,6584,7268,8706
2132,3042,2477,7513,5096,1434,2727,2971,8954,3126,3540,6602,8584,3646,1007,1071,8238,4896,3614,7419
8204,357,8727,590,3226,9189,9152,8443,7803,4237,4308,5557,3572,6081,7144,760,559,4490,8911,7738
8623,8762,7155,8444,6792,8405,2052,2363,9071,6189,711,2195,2951,8326,2058,172,8610,6781,3323,6976
9558,9396,1967,9491,4657,2458,5511,3488,1364,3837,9266,2232,1602,2790,4266,9392,3063,991,5438,4832
2701,8737,1964,534,5081,607,7754,2609,6772,681,4057,1366,2059,5005,5451,8083,4,8205,6864,7776
4935,6956,6414,4418,6249,3802,4101,4244,307,9041,8006,7303,8980,9023,4397,9844,2849,751,9150,7814
2184,4655,956,9718,8108,6978,659,108,6698,8318,7724,2847,5980,2070,6553,5640,1216,5190,5985,4545
3542,6041,6402,6072,2686,583,9609,6470,9394,8511,1880,3665,8847,1504,3515,7013,3839,6274,3868,7711
2552,6614,8589,7184,361,2522,9035,4068,6007,8115,3123,904,2325,8667,2098,800,47,2355,1640,1099
369,9509,8531,8039,7053,5347,6037,8808,8094,4801,6296,6099,5473,8653,8217,7620,5580,972,2491,6951
8413,7275,124,4091,597,3217,845,9286,9400,9138,7043,7129,3910,8809,1513,8887,7486,7831,9205,1922
3068,9293,9642,5836,3900,9359,7437,3382,8630,5853,3876,82,6893,178,3872,3790,5848,6422,9777,9941
362,9814,3215,4229,7186,6003,4962,6339,8964,3911,8526,6036,3103,2337,542,7354,7519,435,6964,6862
3695,4313,2050,9112,7197,6419,2048,6568,5066,5516,8478,7108,4293,6810,6385,5462,6131,684,3278,129
8419,1148,9217,2741,3625,556,281,6567,2377,1060,5365,2044,1660,1074,1782,5934,3661,861,8048,3363
2562,1841,8710,7249,9199,9346,6938,9542,6026,3075,8763,2580,1062,4212,1014,1896,1385,9975,3120,9579
5334,7621,8983,427,2733,612,7344,8128,2664,8638,5984,6573,436,6289,5878,2179,51,2021,224,2967
8410,9897,6348,1468,8480,9949,2500,5621,8296,3186,5706,1916,8367,2238,8705,9422,3270,5267,6847,4215
9418,2670,9951,8448,3050,4632,6481,2900,3357,741,3435,9430,90,1401,8145,649,3426,3631,4028,5538
326,5483,8603,8520,1289,3037,913,7368,5115,6042,5501,2412,6615,5065,2212,4218,1932,6813,4846,1105
12,3592,3307,9147,3768,9715,6711,3071,3923,2386,389,9022,3637,8373,9309,3577,2110,5498,3712,2684
2317,9114,8624,2077,8924,4572,4029,2593,3707,4371,4004,2108,6119,5291,8344,7413,4454,5191,7744,5770
4027,5341,5313,8995,7964,9276,7795,4912,8733,3493,8168,8090,8896,3816,9383,5766,187,3175,7193,6665
8507,3761,5790,1492,2547,7476,9866,9909,946,6948,6853,3913,1829,7181,1228,2666,9922,7017,9670,8897
2248,6915,2989,7438,1493,9336,9010,7722,703,283,7712,5953,6561,2299,840,818,319,4596,6850,2467
7990,9097,4188,3055,8305,8052,6001,8906,6519,2869,7684,2028,8376,1339,9483,1026,7520,4445,5519,3428
7966,398,2036,3620,1787,3624,2595,8077,6367,5832,9011,2630,1259,3806,2589,2270,7433,1116,1442,5293
4054,8446,5378,1571,7440,5197,3520,5650,1721,6517,5884,7524,2877,70,1830,7893,9170,8761,9030,8601
9884,2603,1318,9237,770,1521,5723,5168,8852,3427,1138,9876,4283,6286,370,2990,6452,9365,4193,6457
2676,6543,7614,3407,7683,1972,128,519,4833,6833,2366,569,7510,8850,8394,5583,9277,922,9,9691
7895,8602,2173,1112,2298,208,1204,5928,7619,5013,1451,1305,719,3164,3072,1705,2105,2437,2784,793
7564,8425,1779,1991,1039,3505,2553,9045,3619,3627,8616,6205,4746,5599,2119,9182,8021,7346,6084,4839
7665,5290,4524,629,8337,8254,3737,2763,1325,9797,2781,9749,707,7675,7091,9420,7670,4677,8908,1476
35,5673,4918,9137,6653,6629,9622,8691,3263,4126,5413,8781,6056,4116,9195,2240,5071,9282,6256,5568
5666,8605,5061,9247,1047,4703,6909,7677,7031,6341,9222,500,402,4038,7375,39,5910,2925,6660,7134
7906,3860,2868,7828,9105,5891,388,7908,2062,5889,9498,8521,7370,3254,2089,1510,6697,7356,8235,8440
8391,593,6805,6710,4808,8629,2893,8876,9144,31,8972,8870,9972,5396,9018,9817,7823,6058,8506,1315
9879,4010,6425,9731,8138,7931,8787,8912,6115,6272,8398,8224,6780,8316,1479,6677,5051,1550,1012,4136
6447,4261,2043,1470,9251,4337,916,6413,3241,2534,7539,3485,4461,254,7608,9183,725,2349,4548,1986
9066,7689,7281,3567,9523,3928,9372,7708,274,6459,5761,9083,8815,100,7323,6181,9126,9565,1281,7886
5372,1644,7390,7000,6587,3319,5323,2418,7087,8182,4973,8368,4383,7577,7853,7068,7748,9666,1679,8675
3439,4051,9411,9697,1905,7862,3309,5121,6260,9132,1555,6797,1836,8389,2778,8928,4923,3556,4341,3674
3303,2702,8489,3080,6053,9235,9127,2302,1002,7308,2147,7541,9710,3718,114,1397,7002,1365,489,9716
4225,5263,9487,6888,3087,9440,7600,338,8588,7636,637,5998,6508,3045,1549,9686,7904,7325,7547,4058
9128,1135,7950,5647,8005,9333,7075,5286,4578,7626,137,6667,9873,3503,9714,6345,6671,2801,8722,153
9136,1360,243,5297,8936,3984,1955,9007,9704,8925,2566,4055,104,145,7443,7045,8053,4021,5408,3009
373,7194,1267,1132,3036,1238,2127,6117,8221,5994,1449,6421,1588,9568,3811,7310,8662,8615,4793,2296
8277,201,5348,2652,9613,1582,4137,2859,6925,736,4862,6218,8022,8056,1215,1356,6576,2475,232,8557
3664,4049,4415,7457,499,6269,1201,9969,8943,9776,1288,805,5316,1465,8418,6907,2145,2545,8999,1584
7331,4982,9865,729,1516,717,7879,7821,3675,7421,8670,3848,6140,3227,4391,9062,3225,289,2506,573
8846,7607,3525,7480,8323,6282,7039,8886,623,4335,2690,3771,6311,89,9532,2969,6712,6966,8820,7760
260,3353,8358,3207,8276,7016,6407,4117,572,8409,139,4881,2283,2639,3181,2567,2131,9488,1746,5397
4825,2181,6609,8751,9367,7374,2610,1658,9750,7090,4587,1848,992,7411,7897,7958,3846,6849,4067,8061
1742,3220,6626,5855,5363,2861,6120,7264,5467,4876,7100,7221,966,7357,6082,3499,740,8364,8251,6912
365,2751,9912,6784,3171,5937,9362,6504,4284,9898,9775,8086,6134,2579,197,6546,1377,5172,6859,8926
579,8731,7653,3134,4755,3141,375,2148,8442,25,1118,2785,9274,290,5097,4647,8382,3799,1670,106
9005,5861,9241,7635,8914,1272,5995,3937,4840,4522,5287,3684,584,7791,8819,8069,4784,7389,5598,8631
2168,9096,9330,912,5205,5597,2402,5788,7215,8049,6693,2811,8237,2055,3230,2455,9093,9171,8232,8026
7384,1884,7488,6326,1609,6545,8860,246,6013,3140,3814,9026,2620,6751,2353,3453,4696,8,7179,5169
6252,834,7001,5035,9650,9146,2401,8085,9203,4466,4627,8327,3709,288,2769,8032,9331,1801,77,3271
1296,2696,5899,4595,5803,7780,4453,9758,2685,7716,7850,5125,7532,6344,3506,1033,9261,8481,9834,3696
7944,408,4939,7545,5402,6324,276,1803,6920,7854,343,7113,3666,6608,7404,186,3330,8853,6975,1260
7627,5074,7076,3214,5907,8329,9283,2673,9462,2946,1866,4689,7206,2984,9848,653,7317,5726,6110,8552
8773,9343,5045,8042,7483,7799,8577,8678,7861,2698,5754,948,4031,4976,8625,6999,1015,9989,950,2866
9382,7972,6518,1611,6965,6946,5087,4327,3916,5714,3005,799,4827,2256,2171,8214,7546,4618,980,8216
8342,7752,7655,2572,4977,792,7529,1638,4740,2340,8942,6388,9025,6366,1941,7063,9443,242,5006,2813
452,9816,960,7598,2002,6785,982,4502,4292,864,9172,601,3173,1330,6104,9910,3058,9578,6151,8292
4653,8900,3519,2986,8856,1189,2539,9798,3845,9288,1586,7139,6098,4716,1482,6895,3191,3161,8475,6078
1698,3904,1770,8340,1239,5052,7301,5517,4895,6442,9165,6936,3108,1845,1529,1028,4735,995,7029,6580
9610,4394,8822,7566,3807,9795,7933,7359,644,3494,5219,3926,9059,9103,3893,7030,2745,4884,7586,9433
9788,4120,4254,4606,1459,1580,3489,5966,6365,8572,1585,6122,3390,1610,789,9877,2228,7396,7768,7077
585,1649,3602,3082,756,62,8152,1804,1835,8499,9685,7650,8099,1499,1115,3652,7291,2586,9808,9706
7097,7638,6676,2942,6225,4897,808,7036,5623,5015,4213,7008,189,7267,6740,9883,7163,8796,4483,4969
9591,3159,5093,9254,1425,4197,6038,8460,7391,9272,327,7873,1561,6438,9594,4258,7098,5251,4730,6649
2476,848,664,1849,2141,5394,3552,1959,3535,965,6267,674,1519,1373,5753,374,239,9214,3618,4042
7595,2231,8164,7706,1358,5192,3286,4498,2094,2647,5613,5858,3344,8192,7786,8324,6723,9611,9332,5367
3507,522,4929,5086,6333,2960,4580,1408,1151,9636,9197,5901,5003,8271,1392,4276,6851,8848,5270,9521
4145,709,6944,714,6241,1467,3663,4993,5725,2451,9699,910,3671,1642,4440,7306,9029,1931,9184,8102
1069,6408,8528,9115,7781,9466,4875,3267,735,4708,8729,5619,6574,1802,5525,132,3607,9522,6022,3146
9002,30,1396,9142,6800,9271,6534,6172,3623,273,7337,3575,7041,1753,7361,697,9794,2391,269,8918
5562,8922,1200,3616,4905,1253,2979,4645,7849,7913,3067,5432,1946,4813,2165,3024,3016,2320,9784,7918
627,5148,8068,2549,5552,7888,9871,1199,1194,6531,1367,7813,575,9478,8950,484,225,7982,8798,4903
8857,8975,8614,8863,4609,9966,2322,5154,752,1413,5512,9724,6902,4290,1500,7246,4680,8749,3534,528
2930,8700,140,1730,2379,7256,7817,6200,6203,2069,7062,7672,9050,4119,1232,4558,6663,4221,6604,9297
5079,2254,2739,6854,414,745,8307,3996,1094,6572,4190,9500,6460,6750,2483,8514,1184,8404,2143,3258
1612,2459,2209,2762,2851,2526,8450,9047,9129,8287,3474,9416,2557,8503,6726,3977,1137,3855,6337,5951
7664,1755,8500,6691,3452,7116,6255,625,6270,9424,421,1597,5464,2407,9408,1908,3554,958,8191,9233
2334,3648,3538,3991,3032,5925,7865,5747,7447,5331,1676,9584,8505,6843,8580,4503,9397,9901,9318,2892
6342,9429,7678,963,5529,610,4519,1920,1949,1815,419,4914,4271,1004,2263,9255,8484,9351,7991,6393
8812,1873,9153,5373,482,6718,5374,4434,6637,7288,4564,3284,5358,2226,1035,3374,4990,5581,8517,6651
9619,1969,21,6860,8962,631,6505,6377,8849,9167,378,2563,9060,9082,5663,8868,5989,1250,6384,169
3764,4322,6947,9472,5686,6789,1020,2638,7816,1327,779,8109,9748,9347,9850,1496,3154,9818,2820,6960
314,2187,6196,3787,4185,431,1739,4176,6897,8223,6566,9077,6145,2413,3935,2600,7055,4427,8929,249
7104,6742,7164,650,6347,3510,1217,4575,4717,811,5109,6821,7094,5682,1083,2998,7363,8664,5110,5384
8804,1348,9717,8137,9833,6831,6490,2101,7042,3276,3336,5908,8107,6006,609,5249,1716,3593,8195,3791
4072,8790,3343,8121,9967,5133,42,7597,2033,3650,494,3550,8415,4829,548,4294,4634,6162,2047,943
9275,1833,7734,9546,4643,7014,9905,2719,9413,2288,2371,7747,3944,9016,2357,8290,9863,4198,8527,328
3054,9948,679,8479,4949,5876,8775,968,8750,7952,3424,4356,9305,9474,4139,9116,3481,9977,177,3447
4904,750,5137,9786,1940,5122,4147,2929,6461,9586,8057,4651,315,1251,3992,3142,8227,6148,1847,1374
9812,8028,7809,3697,2008,5415,8813,5757,6530,9768,4946,9013,667,19,8269,962,7263,7855,8059,753
8335,1844,7521,4521,1336,4998,6063,8055,6328,4399,1286,5670,6525,7125,4594,5765,9306,4452,7141,7525
8004,4289,1279,9249,1497,385,76,9860,3966,9553,5489,917,7540,7531,6611,2709,4259,2287,9012,7380
3018,5126,3881,8160,4683,3549,8169,2604,3259,5607,209,5339,5274,4210,7794,8027,1918,7741,2196,6379
6362,3615,2614,6634,6443,9109,9525,5886,6051,3795,1290,8359,964,698,491,4105,7254,6819,2352,6664
6556,8008,7680,368,1114,7423,2987,4083,6941,6892,5795,9852,6147,3440,3261,7941,7736,6961,65,8401
496,523,3678,7028,5114,7988,453,3100,8772,5315,1825,9119,4070,1311,9535,4373,4046,2107,6791,5970
8345,1149,5644,8490,5842,957,796,5150,1390,2395,158,9920,790,2504,5056,9878,5332,9155,2824,4486
4274,8303,4435,432,4517,5425,7441,9015,4515,6154,2244,3144,344,9450,5831,9930,7509,2888,1319,5532
2978,9845,9728,2706,9356,6870,8437,602,9537,3167,9441,1326,8715,2005,149,8683,2742,4814,564,9208
8968,4205,4585,3246,2140,3683,434,6942,2746,135,1394,6132,9630,3826,8452,9086,5866,8576,2570,6788
7674,9179,2975,7189,9101,2365,6603,8869,9616,1811,765,9236,5835,3585,9635,4838,3014,7611,7703,4771
7070,4325,9621,9118,2075,892,4877,3419,5206,8219,9842,2191,4706,8321,953,1933,1084,4937,4581,9078
3551,6450,37,9719,7010,5978,2615,6994,6650,9125,9596,924,9348,474,6004,2197,1096,6143,8780,5120
8256,1307,1695,5579,9993,8197,6432,9148,6374,6779,1984,9707,3292,334,9641,3125,3476,1797,4161,6070
2924,1440,4187,6725,1795,748,6998,3184,4012,630,1565,6592,1310,9554,4756,7064,1988,4988,8702,9648
815,3003,7771,190,9240,1537,6733,9493,3983,9340,253,2441,890,2864,9779,8263,5707,3633,8742,3000
8166,2896,9928,715,2286,3454,9893,4157,7778,2367,3113,5449,5442,9452,1872,438,4588,8045,8438,2434
5791,4781,9821,3022,433,1574,6285,6577,3029,7508,1195,9242,2747,5748,2376,8723,5321,7609,4910,7430
8682,6149,376,5627,3314,4985,987,5354,3967,9100,8220,7565,1810,6922,8015,8955,7599,8806,8647,479
945,9660,7730,8110,5317,2252,7258,9725,5139,3153,2394,4762,7456,8685,2261,5867,2415,1592,3235,6295
4551,8907,9454,8163,5138,604,7946,6632,2397,4315,5002,8249,4869,3882,9501,8598,391,3288,4844,7449
8953,4154,2293,9653,6135,198,5055,6356,3574,6237,3813,9906,7326,317,4566,4520,4924,969,4165,1446
5522,55,5977,9219,3206,6277,2331,2345,4505,9601,9544,5447,6734,5781,8695,3299,4662,5335,1522,3835
4098,5909,1567,3566,4710,9550,1759,3734,7300,1133,4702,9231,6666,9490,9044,5377,9933,2139,3722,1134
7775,5082,9406,2937,6874,8504,2480,6467,4534,4635,510,9313,3776,6737,8101,3367,1157,9507,4525,9569
7080,9882,1794,9089,854,2634,524,1207,8089,2694,1799,5000,7742,5678,1882,7294,1892,428,8882,4523
6091,6959,3310,2432,2865,2782,8285,6913,4113,2150,441,1648,2156,8635,8046,8491,2249,4088,4860,2046
1671,7503,7876,8035,4464,7798,2,3477,7704,8982,2360,7167,4299,2370,4426,1092,4722,5577,9625,4961
1857,3257,4056,9954,207,1313,4467,2668,5389,2328,2265,4748,9996,2400,9661,495,346,6160,8239,9560
4184,2715,1662,4732,9843,6825,4379,3699,6430,1098,1533,7857,7633,2116,1724,6310,4433,7461,5556,4639
9067,9868,9783,7473,7907,3745,93,3187,9290,7335,271,6511,9186,310,9892,2307,5258,3948,2485,6659
2857,1788,3422,6456,8025,6109,16,6065,6268,8891,9950,7412,5535,5424,4537,9520,2678,5419,6029,4646
5881,7796,3095,9308,3557,7023,6526,3324,3168,9196,6590,1604,6627,6689,9899,8154,8177,8058,6662,4128
2456,772,8892,9200,1559,5629,6018,8883,5076,447,6770,384,7418,3455,5245,1891,8118,7591,531,8834
6009,3912,4531,480,7102,2922,5435,8441,9057,6730,7122,5310,984,4686,6829,2546,3905,1589,2203,6448
4863,6173,5507,7604,8544,786,4971,5308,9637,7829,4805,340,1087,5799,8709,3512,2472,3685,4163,6782
1515,1566,9527,3730,9421,9881,2829,1166,8208,1935,4983,8539,8375,7921,2898,9354,7845,6790,755,7173
1840,7152,2855,7101,7553,9459,8429,23,5092,6668,5965,9341,5439,4457,3884,8932,5900,887,8858,7296
9423,8795,8537,4189,9099,3471,7538,7832,4017,7660,259,3612,8356,5412,8408,3242,9988,38,1805,5860
1323,9460,8778,2142,8380,5392,9239,2961,5609,11,9654,1548,230,6739,1265,101,4078,8786,6503,9260
7720,4573,4243,5762,7533,4928,6630,742,4255,3909,7651,2172,4598,5320,3341,8225,9919,7885,6510,5778
4870,7033,7542,5108,4323,9995,7639,45,9412,677,4604,3223,5027,5078,4610,1629,3222,3002,339,2245
2121,5037,5677,1701,2842,3060,6983,7985,4600,5269,8284,6014,3291,689,2279,809,8464,9953,9298,2494
2257,8646,2775,4412,7968,3763,2323,5648,8142,6483,3290,3586,6233,9914,5048,4538,3162,1904,780,8348
8905,1147,775,5499,6669,6958,1057,959,9014,9603,6869,5665,3570,599,161,3131,6929,8673,1948,4855
2661,2260,192,2792,1520,195,9701,9323,6945,8652,6581,7235,9908,4407,5170,4675,3897,7105,2169,6015
7518,9505,2224,8247,6346,6057,7005,3629,6302,1298,7560,3748,4549,2417,8203,9735,822,3074,4562,1999
7472,2624,2466,9830,9212,2822,3185,9270,814,1255,5830,1569,3062,2632,3821,5729,9468,7737,4424,2835
8881,9135,4059,6807,9870,193,6292,4664,8246,5309,788,2251,3320,485,2853,426,8567,9711,1210,512
475,403,8388,3332,3296,308,3051,1407,9530,543,9665,6885,5603,7715,5318,5322,9069,8461,9526,3138
4620,7345,2318,4301,4121,8946,5349,1758,9858,3366,2373,4279,6381,3035,5833,1001,1454,795,9889,9913
666,2897,3170,3040,2449,7868,325,9838,7692,9614,7935,3785,1587,5441,7241,8988,9344,8873,8716,8835
1752,1607,4475,6321,2655,4423,8024,2529,1170,6773,3475,4608,9702,3999,130,5478,8343,777,1176,9161
8133,5129,3890,1237,9339,9540,2819,5736,4465,3401,1531,9513,7550,5883,348,3786,4607,363,5228,9947
1441,1067,6832,8837,4118,3676,320,2920,237,4405,4974,5906,3871,3793,939,5692,9280,5789,578,7681
8655,7485,4964,5379,692,9886,5578,1417,3403,7196,3638,9434,359,5646,1826,1091,7083,3031,4718,1863
8718,3247,7165,935,2223,3136,2808,925,2928,3831,2428,88,9435,9618,1620,3387,1651,1343,3377,2787
1159,6278,469,7769,8497,6316,598,6359,2602,1431,6386,81,1181,7548,212,4084,5600,4455,4584,518
3502,4330,7890,2149,4199,4790,8745,7762,4430,4272,2770,5247,5455,7295,8669,6083,3492,1615,5207,7360
4439,5264,5153,1834,1303,5914,1361,6364,9371,835,9154,9971,4473,141,8967,8116,4667,533,7516,1481
8493,3639,3182,8748,8643,3347,1600,8746,1055,1768,6331,886,5780,1328,8889,7789,7864,4018,2862,7572
367,6201,4247,9541,911,6875,6564,10,5477,229,8554,5589,3955,2535,3076,2425,5216,5969,6297,8370
2237,8797,3741,3370,9329,6045,8041,4317,4727,5398,2316,7402,9000,5009,3736,2344,4734,7248,9033,420
5563,3885,6757,8218,3316,8434,9891,3001,3849,616,1283,859,7455,1539,8726,5870,1593,8474,1153,4751
6213,5294,95,7201,8498,2509,9874,7153,8620,476,7713,6167,7200,3033,4811,558,798,3115,9143,1777
6883,5787,6401,1691,8909,2812,1103,6601,8788,3879,3981,8007,5020,2807,2474,459,6815,6652,700,6012
6680,9587,4365,6618,3285,6462,6028,2419,2061,3936,5661,2560,3594,4479,4567,9696,1818,6375,7175,4681
9698,8096,8633,3864,7647,1793,3514,2631,4267,1386,4378,9368,1936,3404,6054,9310,2536,1056,4036,412
4953,2565,6202,2949,2087,7782,4782,536,4132,4543,9021,6166,6431,8259,5752,4047,2200,7582,8676,615
5917,7237,7225,2465,1750,4546,5388,465,8336,8805,7192,8341,8310,850,1700,3011,5234,6749,589,4967
7022,970,3584,1858,1540,111,306,3710,8470,3148,7383,4925,999,4597,3783,8092,527,9924,2327,4656
4410,9895,2817,6621,472,321,9998,7314,4816,14,3282,5355,7733,7414,9159,7507,6435,5240,9925,8920
870,9376,6926,5058,7499,7957,6417,517,4984,9598,8782,7463,5638,6334,9562,3255,5711,2683,3124,3027
4867,7645,3322,504,883,4268,5008,4048,5275,9839,1808,9729,8173,2013,1490,3888,3446,4802,9499,5022
2484,9557,1109,8843,1324,6991,4273,2064,3360,3873,7512,9694,2347,713,7006,7496,9646,6161,5772,1853
1439,4901,8140,1180,7007,1846,5868,2010,9017,831,5695,6670,4513,1274,6129,1484,7797,8923,7106,6137
3753,7369,5364,7919,6736,6174,50,9471,6861,816,7123,1400,5117,2291,7613,8688,7220,1976,3964,6981
6562,4080,4497,1421,1672,3954,2597,3886,9088,2460,4823,3953,6025,5561,7593,694,4641,8387,2496,7691
7731,7274,6085,7422,3774,8977,6092,6868,1568,555,5814,4069,6210,6822,7580,600,8141,1800,6330,9976
3511,7685,7176,606,2656,5428,508,2199,4947,783,7416,5401,156,4381,9456,8439,2124,2134,8196,3599
8541,9771,185,940,3945,3061,5804,2793,4565,8689,2289,9268,7784,8877,1861,6747,1572,7060,9571,1357
4856,5952,1445,7727,2372,4009,2863,1107,4249,2275,166,8467,3598,2072,7214,4544,5543,7495,7537,5933
9458,2806,8447,8302,8135,5605,8618,8939,6305,4997,2443,3809,3812,2895,5792,4891,163,4361,5630,5440
8991,1913,1040,2623,8535,3023,5444,6506,9689,5590,3497,1231,2965,7078,2343,1485,7401,7954,3568,1234
9439,8637,5837,5916,9104,5741,6877,3228,1960,7634,1663,7695,2827,3714,4893,6410,6043,3703,1618,9350
4071,2541,2217,3513,7998,8871,9854,3847,9080,7551,3495,1822,5806,6599,2991,4306,7976,2601,7702,6184
3010,6865,3655,6437,1687,8313,6675,6701,3116,4364,5524,4719,6515,1924,6055,409,9570,1680,5099,5445
5727,8200,5470,3077,8619,3059,9634,9092,5165,1599,5950,8436,7932,5763,9349,399,4484,885,8802,5241
7874,901,7927,184,5724,5157,720,1085,8071,7226,8604,4857,3429,8632,9328,3482,2167,4883,4129,5885
