2187,7062,5148,6749,7441,8771,657,4838,7238,2420,4318,2043,6179,3861,9642,290,1688,4280,607,1140
2079,5890,2606,2914,599,4620,9679,6228,82,9718,3236,4724,70,4572,6942,6830,5659,690,3733,2374
805,2404,3130,4200,5582,8294,6913,5122,1326,9299,6142,5399,5835,5174,72,7185,6882,1990,3126,7249
4770,4929,1170,8599,7670,8145,2586,6833,5393,3481,1851,7007,821,6920,51,990,2288,1490,6123,6903
4790,3472,2991,8125,2001,65,4983,6951,494,5947,5385,8943,6406,7679,8887,7287,1353,1464,9265,5056
1811,4733,780,8711,10,1812,9581,277,3654,3422,8895,8743,732,1618,7147,6965,8578,6860,6688,4142
9688,4681,1706,387,714,4958,4909,2632,4578,1581,995,9208,4245,98,3786,1697,921,3110,149,2020
4180,1668,7209,2895,5630,7267,8666,522,260,5705,4910,1707,7721,6791,3749,4996,9370,5383,4028,6789
6614,4311,4955,713,3423,2761,5847,875,7509,6857,2968,667,2997,6843,8855,5979,5673,7733,1666,5102
8598,3257,2035,5621,8921,8605,7892,5215,5324,5639,2302,9264,1110,3447,7448,535,8536,5072,957,2247
7718,1104,2042,2214,6295,8400,8755,1906,8662,6809,4330,3408,2886,585,9873,3769,6346,6895,4589,2390
6673,4950,443,2749,7386,9884,6468,2777,4851,1722,5401,6586,1059,7379,1250,7138,7992,1793,3088,3487
411,7380,8900,8810,5710,7532,3843,5345,2297,2729,5013,2314,9695,5792,1795,3017,8180,7809,6788,8779
3662,9801,2107,2865,2624,9493,2283,2555,6826,3058,3720,9619,4463,1112,1682,3649,8066,953,99,8073
5640,1753,2736,6724,6797,8285,4894,2523,2731,3791,4865,4718,5449,2898,7952,9293,9861,6567,1265,6098
24,537,1914,7704,8298,1743,2547,7094,1680,1083,9940,7500,1800,9741,5392,2470,6464,868,5455,194
7513,2334,9649,598,5822,7103,3681,7347,7268,2318,6306,2550,5070,1343,4002,942,7819,9730,7422,313
3572,7810,8973,2553,1484,2519,8460,5,2160,4569,8595,5766,2312,8844,1514,2999,6777,2344,6597,8341
808,5516,480,7079,4120,5991,4760,3612,165,8268,4919,2976,2292,4892,1852,4025,6552,6759,445,8622
3552,2509,864,4571,4924,4651,1279,498,4766,4402,1557,1539,4132,4666,1240,3882,1801,9,9927,1295
5081,9490,4067,4084,6700,9796,7217,7829,3960,6656,6786,9512,5633,2570,1145,1431,3310,3446,1421,8687
6580,2684,4064,7851,1081,964,1062,5482,7738,1880,6641,5073,5636,5807,3876,6593,5540,6578,6463,4385
9046,6279,9909,4749,4846,3329,6101,1154,4490,8321,3011,539,336,7043,2699,672,7732,853,4711,694
9620,2037,3125,725,6616,562,8222,4665,1422,1705,7638,4023,4212,1749,9920,1869,7186,7558,9468,621
4130,826,9708,1061,824,4600,2311,5426,6805,7492,6525,8428,4650,7960,5459,7782,1031,762,3134,7121
1766,1388,9753,7843,8756,638,3910,2721,8992,4188,5860,3502,5387,7151,6054,2757,3372,1359,564,882
2787,3822,798,4940,887,7450,583,3958,4981,1710,7519,6027,5553,2923,2836,2321,1215,7030,2537,8525
9232,5038,1127,3697,695,7158,7078,4703,1660,1960,5295,9742,3920,5709,3186,6710,6872,2945,7545,7085
3149,3854,743,9736,3330,8272,8838,651,5270,7435,2593,8553,2232,9448,8760,2389,5871,6655,2068,4401
1574,8546,2052,126,2605,681,9250,7212,4492,3824,5789,9389,5180,3523,3035,4804,1532,117,7415,6471
8016,7534,1888,1992,3437,7567,5915,708,800,5110,6430,7038,3445,7324,3766,5365,9441,6693,1324,1306
3363,58,5390,2193,8129,3567,8390,2807,837,3740,1437,13,4611,8877,622,2516,2088,4344,3687,8378
1915,6455,8065,4912,1696,4086,6018,904,5933,3016,4303,7002,2346,792,3051,1709,962,7471,6414,8235
4186,8535,1348,7321,5179,9154,4146,1858,1973,594,7231,2150,7230,8327,707,1043,5534,671,6114,2992
2229,6595,466,1479,9877,6879,9582,1365,2786,556,3479,9362,7481,1190,3157,4176,8908,3871,6610,6927
1163,4510,4527,8763,216,8371,5764,4398,8952,6771,2665,5366,860,1439,6647,5119,5422,2114,3594,8450
6733,4005,3165,2304,8420,2963,1069,9563,1527,9227,5996,8261,1639,3578,5453,7239,4395,7939,3884,1329
2282,6546,7749,6571,775,8130,2775,5505,1219,6249,2760,9411,5664,4810,1205,5591,9790,7163,2166,2256
9258,1998,4517,2286,7014,8041,1370,3242,665,567,7049,501,1225,7195,1733,4606,914,7377,4488,5537
7112,7487,4984,7569,5711,7426,80,3336,7,5030,7081,1599,7369,6780,3793,4574,737,1209,4712,7609
5257,1684,1017,993,1718,32,2361,4897,1596,493,9596,5424,1507,8349,1908,5883,2148,2651,3600,2093
5826,2197,3262,255,4345,1249,4636,4566,7018,3245,7998,8245,3345,5144,7636,2536,6565,9997,1470,3160
3542,3231,2236,448,6918,1974,1769,8960,6160,3625,9213,2267,286,5315,9756,8846,2742,7785,4102,3428
8989,357,7295,9278,1458,6378,9159,5815,4181,1101,4688,2385,5769,5130,1099,545,7211,5674,1080,5721
220,3835,9331,7849,5185,2929,5689,4581,8291,5064,3931,7688,1210,7659,8948,1517,2535,2143,7838,4752
8191,2588,2115,6487,5074,4641,1011,6012,3146,9150,1505,5708,6737,9177,6909,8166,2622,7067,9467,2791
7306,8506,3956,9115,5898,945,5942,8142,7122,3619,6734,6486,9035,1456,1804,5098,966,924,485,6418
1820,8423,6255,8606,7253,9447,3334,1701,4523,2946,2006,2610,3973,9428,8089,5089,1868,345,2880,8805
1345,8508,3908,1641,8796,42,959,3282,6016,1152,1320,3764,6313,9161,1428,4207,2601,7370,4381,8184
227,8751,1196,2249,2794,3460,9187,5937,7977,464,7846,2508,3172,3184,3230,2213,6257,6145,362,9217
2048,5234,442,3419,1025,3757,3050,5037,3891,5431,2851,6991,4597,8505,6888,6253,190,8907,4012,4192
6925,4191,3463,5797,6096,1046,3823,1162,4179,8850,5026,4361,5757,1322,1106,3898,1048,6728,5153,3023
6083,6563,5140,5712,8455,7502,2386,5811,1410,4367,1278,1964,2303,8365,9047,2533,4068,9676,7051,6555
2878,6184,4877,8604,6987,356,7583,701,1670,4241,7213,7504,4925,2753,9016,2647,5429,4082,8722,2998
935,3007,3632,8941,1016,3900,2788,8410,150,3534,3060,640,7649,5521,4553,86,6654,1995,7589,6512
4876,2265,3053,23,2128,7834,4073,613,7064,6701,196,5231,8111,885,8119,3825,6344,3071,8452,4163
6615,6397,5901,8735,5334,3558,751,2196,3209,5897,3268,9097,4503,4756,7093,5480,6960,5142,8832,2627
7562,2033,4694,6862,3171,8314,4359,5910,778,9852,1671,6057,3026,2690,9960,4840,4199,859,2556,3151
7495,1728,7751,4662,6294,3614,4599,1408,1590,7927,8447,2163,689,7278,1404,1689,1772,865,2835,418
2534,8935,3469,5367,2337,628,1472,3810,1904,7128,4272,3094,2399,5938,1183,4942,8339,608,9127,4591
8115,2739,7859,2403,424,3169,8453,3821,4625,8773,4,4424,3496,2850,1957,3286,3332,8081,4786,1087
6930,1776,2685,4159,8264,2774,4392,4761,3508,5612,6403,3551,584,6259,4384,9261,5237,5608,5274,9629
472,2219,7506,8541,7595,9055,106,4683,6711,4364,4815,3112,6651,6291,2184,4426,989,7632,3258,4725
4477,6505,7297,8331,268,8183,9843,5285,8957,5544,6028,2619,3892,4294,8402,2379,2718,3438,3746,1585
3635,475,8778,5867,8609,6741,5840,2756,8882,7984,7293,3774,6248,5680,7623,7722,2645,1940,5536,4094
6407,2784,866,7802,4342,2448,6340,6386,8978,1849,6076,2071,9175,3238,9212,9228,2418,9356,8938,7762
8358,3799,9560,1716,1853,807,5727,5699,4137,8279,6151,992,7662,9069,2349,1655,6282,1377,6484,6542
7352,1693,1120,5564,9062,2585,376,7955,3093,8374,9044,4458,9504,2244,3680,5761,6530,2258,3547,2666
5504,1987,8610,3683,2414,3801,5561,6139,1703,9421,902,1485,7913,5678,4302,4692,4800,1822,4603,101
3142,9173,1583,8299,6962,5697,8708,4244,1327,7863,4034,3694,3858,1191,434,7871,9415,2539,4160,850
9155,2972,6923,5000,1856,4731,5155,4588,9663,3461,1623,2744,34,3240,9937,5732,7099,9309,1953,9568
6441,8648,6177,9510,3901,2834,1603,2782,735,5421,1976,7080,6365,8149,8087,1649,6566,8112,5662,3047
9825,9517,113,1750,4678,9545,5796,5671,4432,5162,9399,2903,9836,3327,9805,2511,7199,4368,1098,3932
3915,1372,9910,4533,7180,6908,4864,848,909,8082,306,9273,7131,2668,133,9653,3005,8501,3634,9878
849,4127,4265,1217,2358,7497,9101,8853,8738,3712,8271,5272,8467,7543,4316,4281,6543,25,226,692
3320,8167,6980,2177,7712,6661,9489,1761,7063,4151,8643,2930,4388,7416,4837,5512,3938,7803,8927,9821
1302,7886,1395,8249,810,7172,85,761,9592,8872,2342,4479,7119,6335,3489,384,4260,3610,5626,7488
2212,3095,8300,1595,1549,6272,2661,8914,4173,4044,6124,5827,5398,2047,372,2574,1711,9470,6312,3881
5610,6742,2077,5719,7337,4562,6947,6917,2206,1632,974,358,191,5574,7114,7366,6064,3724,4258,2450
3276,1871,6890,4218,7780,4240,4507,3381,8368,4653,3170,1396,7853,9238,5049,3096,2027,3440,3761,6663
4750,8139,8477,6827,809,483,3113,9263,6287,4040,8672,5535,4684,4751,4602,1477,4501,7097,5471,3591
9747,5980,6227,2104,5911,5568,7720,6405,3929,281,9365,3550,905,1242,1349,3890,371,4579,6413,6363
1385,5819,5672,7516,1311,8959,7203,8560,3105,7866,3894,6886,337,1208,5706,1199,3840,2751,2245,3069
5965,8878,9710,1002,9994,2667,9038,6175,5586,7333,4530,2876,4038,4821,391,5881,9049,6084,9672,5941
5009,9572,4979,2383,663,8664,5952,8587,7248,5618,6104,2102,2583,1407,633,4734,1067,7605,6907,4057
3831,2917,3998,5940,2948,322,7769,5921,3448,5492,994,3520,3089,8094,1181,343,9494,156,4471,2051
3993,6814,1903,9902,1151,128,4216,7484,7618,6235,9780,5637,2473,4491,7801,4907,4966,6799,6439,2856
8395,6972,184,1813,5339,2082,5069,2672,5011,986,4466,6939,2475,4470,1905,446,9028,1068,54,9518
2681,6214,7692,6518,7959,3544,6427,334,4863,6583,8140,4273,3518,4172,423,5842,1732,2401,4669,8988
8436,9938,3673,8469,7948,1533,9145,2595,5887,4141,9883,3409,9535,1902,1648,7752,6480,7011,7907,233
1969,5882,3503,7783,5856,3139,5801,7560,9496,8108,8970,7189,948,2096,77,7663,1426,8833,2220,1895
5282,4126,5360,2412,4484,5368,2393,8454,1999,4121,8101,4580,4528,9612,9409,7457,5216,7983,1658,5439
2737,3543,1927,5160,2103,2625,8818,3277,7375,3669,1130,6822,813,5619,804,2370,2563,8155,146,8874
8827,1873,7706,9063,1416,4451,6627,3303,5048,3492,8499,9540,8083,5443,1742,4409,5853,2273,7170,2126
874,1473,7615,6499,6234,4229,8228,6086,9357,6460,3916,6264,2430,7478,8143,2640,4961,3153,447,360
3294,4036,7202,440,2309,2465,2192,2366,1054,6953,8430,1089,9693,7326,9719,6969,114,5999,8414,1189
653,6621,2496,636,9616,4680,6873,541,618,3317,8383,5951,7101,3827,3608,753,1891,1285,2409,7190
2692,5022,3727,7247,2983,5214,2315,3246,2724,3809,4676,393,7325,4171,6089,4480,6569,1809,8808,9569
8985,1443,9396,8624,300,4088,2066,5884,9916,1371,3194,1495,3692,3652,3945,4312,4030,9130,8103,5115
3521,7273,2069,699,9262,5419,2680,3648,7455,9276,2810,572,938,4547,1508,96,7831,8417,3689,3707
747,3187,2441,5297,9930,5707,5362,3260,2598,5798,6561,9690,395,2138,6097,5838,8870,2644,6794,8481
4104,4096,3415,4987,3820,8822,5307,1911,8334,5229,3179,7901,7755,530,9137,6193,6516,3178,4487,4882
3959,7263,5015,2124,3080,1640,9431,2502,8137,312,425,2289,5740,7989,7617,5097,8005,4618,5756,8151
6954,6770,7486,1496,2310,9555,3504,1843,3700,6515,44,4963,4307,679,4538,9812,332,2384,5161,9025
2839,1900,8688,9667,3794,6113,2890,650,4697,6984,7551,6815,2915,9888,1227,7225,5296,987,4225,2732
6026,4687,5096,2205,3666,171,3889,6122,1074,4535,5830,5679,4161,4452,3651,2300,9952,2154,422,6289
6765,2621,3042,2842,1861,3292,2904,20,5775,517,2394,4707,5646,2899,5451,9388,6188,3699,3773,5903
2616,8668,235,2823,979,8984,3982,8902,7821,8489,6276,2776,9031,5068,7083,3517,2720,3482,2520,7124
9066,3618,6035,971,8239,4253,6691,406,316,698,237,4634,9678,3145,155,3234,6323,8693,7046,6062
3321,7730,3027,3252,6353,1939,3159,4884,6679,5082,2026,6608,5342,9039,5588,2514,4462,2290,9944,4410
4222,9367,595,5319,123,1878,8997,3658,3199,1168,7242,8310,5652,1148,4633,8389,2231,47,2752,6293
6612,1060,6435,4544,8705,7033,9089,1481,6108,611,4816,915,9404,1156,9794,6524,6393,4748,4193,6757
4052,5091,1835,7796,7694,2801,6440,6503,890,635,6808,6938,105,7970,4508,8577,3703,5788,8100,9294
6535,6652,6916,6277,4032,4999,6007,6696,9591,272,9143,5484,7459,5936,4196,9324,6206,4185,1336,1402
6941,2086,4537,250,4723,3137,3362,9791,1918,2755,8701,2677,9654,4122,3977,4414,7388,1825,4269,2933
9126,1360,436,949,9306,8205,4930,5164,8861,3686,3418,7895,6945,1650,2633,8892,6205,684,937,6818
3501,2765,1492,4922,2169,8680,4643,791,9236,6910,5865,2294,4931,7563,2493,3568,1961,2980,2795,9787
7503,1534,6374,8659,1406,5125,661,549,97,6422,7218,1039,1049,1935,1141,3312,4998,3606,7528,8538
983,5828,6106,4087,6224,9614,1277,3414,6832,6603,2451,538,6866,4298,4674,3940,3237,2663,410,4957
2768,3961,2057,9584,7292,8056,9417,2955,2144,377,8343,625,4896,3970,6143,4867,344,7800,6522,8326
7076,8214,5988,4468,6617,9539,8880,6557,4858,6164,773,2091,2723,2655,3750,4918,5718,9139,8479,69
189,3909,6801,328,7724,9830,2900,1423,7684,3306,5092,4099,2468,2584,3413,5355,726,5450,2790,4286
4063,9524,2003,1289,6504,6481,2750,4568,2152,8585,1553,9454,6090,3315,2818,4247,858,4762,5006,8958
1082,7756,7818,4900,9018,9048,4870,1951,5530,5464,1330,6792,8274,1143,2362,315,2524,7317,928,9271
9982,2122,4817,7045,5494,3164,7188,5034,4147,3196,746,7976,5981,5959,3392,5042,9659,3663,8345,6129
8899,3416,7792,2167,4628,5016,8095,4677,4787,8550,2676,9231,2653,579,234,7311,2039,9789,9957,763
9915,3052,8995,3264,7917,7571,7593,3449,1512,3495,5018,6720,2095,3349,7550,339,9354,9452,6134,9334
386,5478,7282,540,3180,9426,3114,8197,4534,5770,3704,1962,9983,8278,37,8772,4543,9954,8385,413
6854,9750,3210,1094,6268,3755,5746,2022,4952,2919,5997,2398,4204,3012,2792,3813,228,8618,6559,3104
561,4078,3056,3706,9552,4827,3039,8515,4134,450,6105,9571,6932,3385,400,2415,2445,5625,3584,7520
3599,9547,3913,4868,3086,3629,9393,6526,6727,7779,7319,481,8707,3742,5084,7102,7828,6686,4559,8020
6375,3444,7169,9863,8815,242,7365,9532,289,257,5647,969,6446,2830,6847,1238,5321,515,4778,346
9075,2975,5359,7198,8466,4210,2643,5563,2670,8071,4551,3806,5292,1837,6885,8292,7417,6107,2716,6547
7466,1814,9105,7731,4425,177,1380,8255,8468,8238,8201,1564,7166,9674,3123,4482,1575,1807,7491,3396
1954,7270,6698,5859,6870,2217,884,3338,1937,7596,6556,1169,6092,8888,3888,2434,9585,9457,8947,8998
510,1373,6395,5862,8226,1476,7996,5791,9890,6341,919,722,3839,3087,3355,9767,9284,8792,1124,7942
9302,3643,4085,6209,5861,7530,188,5109,7824,6767,4780,1070,9148,6071,3630,2708,6040,2485,2354,6899
1177,2087,9272,1445,3082,642,7584,3124,5276,2531,3795,8109,2271,4576,5895,4029,2964,4873,7364,3319
3880,2772,7689,4696,6309,2702,4513,2868,6748,7601,3965,5927,1894,9974,6534,4115,1261,871,7539,3144
5677,911,9664,5032,7922,7883,4965,4420,3772,9771,3014,7262,831,2770,4429,1731,1111,1244,2216,1725
9892,3557,4757,5682,6140,1621,6099,2838,309,1304,3168,4943,9781,9123,3272,7501,4826,6914,3395,17
6990,3295,2373,6023,5943,4974,7865,15,2466,4610,9053,8616,2242,2278,7477,1340,350,1985,529,307
4004,9359,7470,5173,6333,134,5926,4319,9277,7053,4223,5269,1586,7505,2799,8063,5573,2709,2626,3229
8057,7669,7999,2912,3866,3309,4781,3763,1282,5010,2700,6921,8148,7555,4383,3675,7525,8720,7768,5182
1147,7305,9015,6237,4278,2942,9947,6267,4093,9917,4916,5839,5594,3664,5690,8098,6421,1620,1308,2658
288,3682,5314,3346,5784,6746,2240,3281,1924,2618,3902,4413,1305,6562,7691,3454,6974,7867,5143,2959
4001,7962,7443,9380,2055,6024,5202,2759,4117,8289,8338,782,8150,7832,3467,1346,1173,5892,4637,5663
5483,4450,1607,6258,4133,632,5643,7259,4360,5502,4755,4256,1857,2111,6650,3637,3271,8498,4946,7025
6072,1171,4758,5235,3253,9698,2417,9973,5982,5136,5021,7433,236,462,6215,5945,7442,359,3693,5829
8012,1631,9125,2638,2030,1555,1229,7299,7156,4394,1600,9117,7954,9793,3352,4726,1390,3324,6275,8138
5300,4745,351,1752,873,7985,6491,3741,8323,3166,6758,6459,666,1166,688,920,3015,2218,6708,2299
3814,8006,6063,4119,8981,5273,1638,4150,9183,4879,9282,3788,6338,7535,6111,392,7087,9235,4354,4672
806,6541,3331,8526,3072,5317,9699,4714,7658,7363,8966,5623,9876,512,9347,9721,9191,1114,1206,2015
6352,5113,2350,7425,2833,8584,5742,2296,2436,9297,36,7575,5192,8295,7808,4631,7938,1220,8431,9701
6240,7290,8667,5833,7345,982,4949,1259,6644,1178,6061,2569,1720,8955,8241,4371,9918,879,2698,4239
1747,2984,3216,3575,6970,4230,4233,3623,2135,5503,9138,9325,473,3930,2263,8381,2551,1744,3573,2486
9387,3553,8724,3359,3745,6210,617,3388,8736,7526,2276,8791,6060,9696,9103,6850,2660,4525,5348,4853
8287,3713,2831,3626,883,1076,3944,2025,2809,6819,9107,8716,8965,6823,5967,2181,1139,1132,6476,787
9578,9765,7125,8627,5019,8127,8221,680,2159,9725,6889,7630,3192,8828,4560,7260,8134,7581,2195,3441
6334,3314,4455,6270,4845,7207,3899,5406,1619,1434,8160,2455,4263,2705,1307,4630,9638,57,5094,5230
3220,5648,253,8613,2704,4304,4393,7701,6950,9466,7372,9945,1520,7627,1912,6411,1280,3800,4976,960
553,6537,2860,9413,4006,3849,6762,9683,8163,3611,7719,6800,8682,102,7437,9593,1548,6829,5968,2106
7005,3762,5994,1471,5578,1355,6937,9694,1287,2392,3994,9792,267,3273,6470,8625,2016,1657,4893,8182
5569,1523,6697,7357,760,4153,2235,2530,6432,5152,1796,6508,8563,116,175,2717,7447,7642,7614,2867
3924,3638,9128,5423,899,9740,7682,8176,9398,8768,6706,2636,1933,2105,2525,1794,1556,3867,5263,1386
5117,1984,1636,1788,3767,8316,5123,7607,5714,508,6880,4854,4596,2038,3326,8234,6254,4478,4885,8362
6867,3781,4444,8503,8472,3476,3893,8061,4202,9682,5576,2291,1073,816,3357,5023,4973,6168,9511,3457
3402,6919,3434,3603,3259,239,5100,7406,1554,8692,6782,5912,8512,6217,7906,8529,3075,5311,8859,8017
3661,654,2707,2246,6347,6298,6376,6380,2488,2064,7935,284,4027,8994,560,4237,4469,8330,6717,9795
4982,7850,4158,8721,6320,3628,1758,9420,2671,9052,5874,3989,7668,3375,6424,5734,6236,2490,2199,7227
1622,8857,8074,4512,4445,53,5755,8405,8963,9867,3040,55,431,7384,9882,7000,2989,7507,2688,3111
4557,1461,1442,7237,1398,2711,4945,8440,2664,4819,4779,5377,2421,898,1739,7894,88,718,4075,4154
6639,6014,8654,6763,131,2542,7090,1617,546,333,9495,5864,2329,5357,9922,8353,7318,5731,5560,5752
3371,3640,9514,4427,7216,846,5252,976,6900,4971,4060,273,2142,1123,1529,5413,2228,1875,4441,7385
2615,4655,3361,3154,8010,5134,9311,5193,9553,4486,5929,7465,2164,9305,736,6500,5723,5171,5684,2767
3455,2440,3907,1266,381,2843,2857,415,7727,4453,536,8916,4686,6426,9358,1313,6445,8658,7482,8032
7875,2884,4936,656,4283,7518,5172,2422,4092,9897,7298,8626,5206,6674,1361,8136,3605,5590,6660,8433
9570,7013,8250,81,8157,1524,3877,4421,5851,2170,7162,9003,8719,5415,285,4713,3955,3565,8800,1499
7511,256,1333,1252,5631,2012,7857,4736,5428,3656,7351,6345,4728,1872,4874,5156,8633,7143,5248,9219
2565,2121,5905,1035,262,2599,3118,3462,2873,6284,1643,8944,1784,7427,5374,3161,2662,258,5258,2995
8509,2641,6479,8602,7666,9817,7149,9924,5036,4605,3789,573,4310,8171,2609,6297,6881,4550,6957,7360
2905,6626,1077,491,283,8443,6232,8524,7827,1988,7678,4011,2060,4018,8337,5763,3368,9802,2891,8283
1594,3235,9289,3540,5247,8482,3046,2778,1690,4552,5381,678,5899,5904,682,2552,2602,5371,2264,8060
8761,3067,4024,4768,1521,7034,3038,5364,3951,2472,9978,5886,8727,6766,8655,4729,3921,836,3885,1164
6637,8354,6630,4155,8064,970,8199,8579,6761,1275,9713,5919,8623,5349,5970,7746,5475,3923,2503,5132
7776,5356,8697,154,8373,4072,5053,7870,1005,9344,4613,963,9218,9975,186,2376,90,4089,7496,2120
259,4623,9114,379,8650,8000,1309,7813,3029,1661,5667,6531,5963,5998,192,5279,1922,8700,9230,9590
6723,5581,2969,9300,403,4500,3531,9704,9119,5363,8860,1391,9270,1483,7274,3121,6978,3836,1411,1717
3731,7446,9459,6322,502,3083,1673,4045,6001,6594,2659,167,3946,8386,2063,1318,3676,5437,5772,9777
614,7137,7521,951,9051,1535,7546,4532,2894,8852,8710,4091,9786,3887,8924,9628,5650,927,5875,731
9976,6070,7882,7398,6806,8213,2559,8025,738,5183,7710,7383,5603,6864,1637,5532,3202,6933,5219,6186
9501,5320,4166,2494,6465,4182,6609,8072,9856,6874,9030,6183,109,353,9243,2911,7767,5724,5597,5519
7060,2821,3914,2940,4833,3032,4125,3966,4719,6796,6884,6056,2614,1611,4699,1135,1290,7200,9544,1216
8813,6080,1929,5627,1687,967,4483,8288,7794,4100,1893,9766,9637,4369,1200,1118,5628,4642,3519,7111
3370,9383,174,176,5287,5747,1254,1805,9416,6929,9849,3967,647,1107,4396,7394,8319,9557,6318,1887
3509,347,7677,305,3952,6081,4862,6010,2250,4323,5411,4022,7175,1050,4545,3248,2901,4168,1486,2913
5649,8492,7766,3410,8168,9475,507,5299,8566,4205,1446,476,7272,3688,4343,5634,8174,5692,2715,4629
765,9323,5585,7823,5158,437,490,3155,5040,7940,3987,1498,720,6585,321,3342,4226,4709,6417,3300
8571,6325,6230,5278,3556,9022,1923,9913,3200,2762,3802,6581,5810,4374,6002,691,8018,922,6263,8836
3322,8634,3754,5463,1538,9611,2543,981,845,5432,1268,7531,5145,6668,2157,7537,6966,815,5869,6802
1602,4820,5198,1413,1775,9655,3383,3344,623,6602,9515,3569,1568,5466,7994,1797,6000,2916,4335,1102
4814,8062,9505,6478,7905,2956,9900,3864,2961,8476,8131,3488,2454,7921,9291,5900,1932,6021,7570,1418
461,9711,9866,1236,7479,7926,1959,4716,6157,1771,3115,7527,3470,6170,5893,5337,486,2287,1846,8320
5440,9492,6622,6262,4211,6167,2413,2345,5227,5857,3856,9887,5762,6804,6050,6387,3127,814,3439,5661
5288,8435,3458,5260,7869,4009,278,5974,456,3176,8831,894,352,5434,9279,6575,4935,6078,3018,8097
8698,9733,7468,4793,7765,2990,3098,249,6243,8399,7915,1115,3167,2313,7561,5265,7903,8631,8744,477
4573,3528,5837,5338,9934,7820,9870,1432,6222,8614,3323,50,2522,4332,3407,8934,2098,6372,8144,3962
4105,3954,3451,5686,8242,9176,5190,1131,3986,3679,5083,4267,201,9932,8739,6948,5975,7438,6130,955
8248,8206,9369,3405,9197,516,2444,7047,9681,7717,6116,1007,75,87,1028,2607,6824,6368,6971,2958
6754,2316,2481,646,3980,2477,370,4442,2174,8296,3020,8110,6667,793,1934,8582,7404,5326,4152,6828
5508,4333,9542,2758,772,940,4586,478,4663,5298,670,797,9207,4744,3999,3759,839,1056,2591,4235
5744,8520,4704,7308,9745,9330,4830,9858,7285,8901,2305,5960,1726,9573,4309,1921,3103,9403,6489,4515
208,8706,1674,776,8937,4288,7405,1601,999,9381,3347,7222,6582,4249,4231,749,9814,7291,4615,2113
2743,5065,3420,4895,6719,263,4220,4791,7971,6433,5498,5301,8806,6049,1874,8728,7931,6131,2634,9977
4652,2215,3265,5461,4485,2221,867,3287,3996,2846,3485,1844,4376,3471,5497,8189,4010,3863,3775,5556
3560,7645,5669,3225,9091,9374,1379,317,6144,9507,1288,2623,6924,6125,9543,1901,5112,8,9222,1571
2706,4194,6065,6790,6382,4594,3879,8003,401,3538,3241,6085,5902,8067,1866,1086,225,2118,4351,5939
9506,6750,3085,703,8580,9269,2988,3968,7228,5868,1071,1614,6714,6529,3905,8329,4206,7070,4449,6404
5786,9004,9985,6308,1281,9906,1883,7788,1138,5681,954,6540,6195,1996,892,3911,7598,6956,8001,5444
4042,5088,4509,832,524,4880,4481,9298,1971,9724,163,2127,8906,9072,2785,195,1653,3690,7753,3657
4279,3404,1944,2727,3631,5186,4541,1840,3400,6055,4327,4555,3616,1174,9988,5075,4325,7957,1659,2408
364,627,1058,7265,8983,3456,6449,9748,2186,7136,8919,2207,4990,1283,40,60,8740,8302,5880,4322
5651,9118,4363,3976,6740,6485,4407,3387,6281,6172,6331,6813,2007,9942,4277,7975,3044,3964,4106,8309
6457,4103,3672,5517,3607,7841,4047,5331,2817,2019,6415,5675,7473,5479,8416,8933,1096,1522,8925,6906
6015,2825,9184,7933,3122,5845,796,7476,1197,1109,9093,8451,7340,4993,9397,6807,7620,6638,8376,505
6339,6744,5501,8344,3925,1294,9550,1579,3203,3358,7300,8807,488,7631,6169,1627,5496,9889,5329,5194
5233,7909,6053,3978,7552,9872,1544,5204,141,2467,4899,6046,3829,6894,2333,2635,5267,1770,3305,2730
2210,4849,7269,2828,4765,2725,8029,4007,6940,3138,9707,4801,4970,2710,7657,7057,7963,6307,4805,1352
397,9634,4829,3249,9304,3511,6187,8661,9268,231,4404,3969,5107,612,9472,5256,4831,2812,1879,5080
2798,6702,5657,7920,8076,2270,2141,7193,8077,7004,4657,1890,8173,396,5200,593,7031,8104,745,6020
4157,7246,4293,8308,5469,2515,1547,2827,4156,5541,9815,7086,2017,1779,5159,31,1274,4675,8059,2888
7104,7900,5388,577,2317,1582,2804,6955,9385,7868,8531,92,6009,677,79,4521,3797,8053,8465,3393
5435,9995,3870,5617,7715,5402,755,3219,3636,6197,5546,1457,68,5642,390,9157,2279,9471,9310,6467
3684,6077,9179,5778,6329,221,4162,8949,4593,1570,2947,7089,8502,4741,7743,6692,3936,2517,8186,7580
2986,7234,2738,8080,3624,3367,7134,1699,6961,1072,5855,3660,1841,5754,7713,7339,9152,9172,2735,7573
5210,3912,5717,7932,183,9020,5079,3622,6301,5103,601,3711,62,3223,4554,1695,73,6902,9006,2339
8522,6288,4776,330,9763,3270,5127,4017,4195,4145,1836,4397,3100,497,3143,2869,8088,7177,1487,9372
5310,8926,5885,5055,8043,3768,4866,1015,2084,7797,9308,3826,3063,1042,8050,1700,6977,9806,3019,2005
2819,421,9371,7736,182,3655,4290,2428,279,5635,764,7322,428,7529,8504,6550,6238,9751,7641,3427
6936,9737,83,9214,6713,6676,5442,8889,5126,7600,3090,7673,8090,4321,5948,1817,2360,5527,6321,5195
7512,8817,8307,8500,9379,1949,1194,7245,6665,5790,342,4236,4213,6118,463,7914,1224,1298,8816,6073
2656,7542,6207,1735,6121,8939,3232,4693,2327,5284,8394,8231,2612,9697,27,896,3554,4789,2453,802
161,5044,8762,4110,3941,6354,3280,9689,9023,8178,2971,8276,5782,1892,9847,4522,7919,6138,2686,6453
6709,702,3429,7463,4433,7554,3278,5977,1014,9188,1919,7845,3721,6342,8814,3533,3691,8968,3747,2875
6469,1091,8896,3846,3068,7510,2325,9874,4927,2589,7855,1970,8797,2061,5389,8263,9095,7647,8893,6859
7726,2780,4890,5384,193,4031,6549,2950,4026,8106,8593,838,2437,8837,8854,9054,1451,8290,4539,1045
1257,7205,1354,1928,7072,8212,1828,7822,1679,7129,4355,8496,1646,6292,4255,3213,1729,5271,5916,1624
8236,1319,4377,1565,5086,8913,8590,7389,3207,8044,8035,6431,1374,1592,3529,1351,8181,417,1854,6330
5093,6825,457,4074,6775,3906,6204,7740,4708,7075,6359,294,9382,6501,6194,8490,7044,7141,8409,3777
3285,9158,6905,980,6048,5559,8301,9599,580,7854,1262,7452,8318,9526,4822,4457,639,823,1149,1503
4261,7498,5354,2491,5060,7594,2871,9087,427,4000,5794,5490,1645,3883,8886,2266,2253,5641,7928,5305
7414,9833,5961,6795,5266,8393,3008,1012,4614,6448,6103,4659,8811,4905,4443,9685,7454,2796,6150,6584
1301,5361,7183,7958,7646,5854,6598,6163,5632,3215,7271,6286,8269,8689,8132,2513,4913,1762,2965,2336
6684,1610,5353,11,6392,6385,7240,5555,5050,2679,3588,3198,8422,1198,5848,7296,9032,7439,5330,1095
6153,2577,8644,430,9712,1317,1566,6619,8237,3561,6052,6149,6011,2426,7624,2987,5208,6640,3812,7120
5468,3486,6033,200,5244,8516,5823,7082,8588,9239,7557,5489,5405,8789,4083,1781,3514,1186,975,9500
5913,988,5592,7314,2411,9033,9375,4941,7791,1460,2457,2881,1910,3480,5335,8117,8406,7723,9577,5306
8196,1044,5373,5909,7304,7764,1347,4422,3971,1403,3024,6604,4784,2979,1756,9321,568,4287,3030,542
5992,8629,326,120,9422,9165,8147,4434,7981,363,5396,6839,1006,1613,8051,2410,1297,5245,5111,4054
1580,9755,4167,2432,8954,2183,1113,1195,9199,1850,5157,1478,1465,4246,5378,961,1783,1541,4184,8052
9136,2874,7778,1654,5814,551,9186,4300,9348,5104,1450,7419,9146,9534,5209,7400,8254,6863,9839,5935
4475,977,8793,2793,9580,1506,1656,8665,5713,9423,6191,6115,9774,9111,1584,3274,5223,591,8437,3730
6592,2070,6572,9666,7315,4811,7341,5745,7088,3218,2449,4021,9527,717,8869,7944,544,6599,9116,7982
9824,3325,799,7758,7836,7711,5609,5688,8340,7475,7434,8141,2172,7391,6672,1727,7428,3401,7012,9621
187,582,5220,5587,8930,2781,6283,5846,4337,1247,6729,2323,5989,2021,6739,978,7881,5062,3972,7236
5452,1246,2241,5812,548,1751,8574,3074,1129,3002,8247,5495,7735,9513,1155,7219,3021,2074,7181,2202
9104,4883,9313,222,3116,5169,6008,8442,9624,6087,4055,8475,5816,180,9010,5477,7214,8517,8085,9092
7709,9307,9223,631,6394,8211,1746,5748,2808,7432,1272,4301,5653,6181,3055,1144,2101,7280,1022,5522
1757,9090,6199,2837,245,2331,7650,3984,365,878,2090,6694,4565,1587,5780,2982,1314,9203,7403,4098
8750,2703,2506,5526,7904,9669,3790,7815,7037,818,6462,7258,5768,7157,7139,2355,8243,6398,6533,3430
210,6892,5850,9743,9488,565,8240,9691,1608,4855,8491,6496,5616,5039,7734,8647,2380,9436,2459,5118
8225,7008,1338,8748,696,3443,6511,388,5743,7847,1341,3064,748,2133,6551,7675,4792,4585,7879,2646
8540,5843,9333,3433,5057,9929,7358,8920,4456,8731,9860,7348,6299,8046,5416,895,9716,3101,6039,2581
9798,3555,2443,2733,9349,8530,4135,6442,8897,4350,7106,9595,3031,9963,6358,1146,3376,6211,3927,8009
6356,641,5720,8795,8015,8790,6901,2285,6685,9665,8233,2639,148,6986,5420,7467,3373,1810,6527,2927
3129,2368,6102,7703,3593,8646,8352,2478,6997,9181,8257,4944,3328,5078,7508,6005,6498,6998,5222,9400
6768,8510,3288,9594,5872,7949,110,5551,5528,8747,9811,1604,5907,9784,7665,790,203,2931,5456,6577
3505,160,9953,3862,5212,4070,8652,2200,828,4405,2248,6135,5458,5986,3512,5523,6705,1038,3078,2822
1358,7586,9043,3337,4419,3647,8733,3770,3917,1256,7284,9738,4898,5533,9600,5352,6521,4046,5418,1782
4276,2431,8986,6420,9648,206,496,5607,6689,4960,474,6348,589,8745,834,5600,2954,213,7077,4654
2754,7572,9364,9875,3525,9438,7312,212,6126,5031,9778,4118,629,9001,9292,5691,6878,3981,8539,7610
3341,500,6645,6506,6094,576,3307,9729,7289,8275,8788,168,5313,5280,7772,729,9644,8519,2594,8945
6201,8572,4362,6093,4015,8632,8068,9700,7307,7192,8259,8332,1153,3279,7208,2985,2728,251,5513,335
7058,941,2800,4917,2806,8024,2363,5589,9536,1213,6636,2129,5286,4782,9237,4582,5728,5896,1303,2348
5487,843,8324,8055,3054,7264,8282,8369,2239,5351,3226,3838,6244,2424,9132,8382,1865,597,5323,6326
9296,4338,159,452,1774,7728,4598,4742,143,7098,3425,3641,9800,1412,676,7616,3217,5976,6154,2198
4646,5580,9283,4732,7430,6841,687,4956,991,8194,2209,9904,243,2254,774,3848,4592,6004,4275,8303
7407,299,7760,1026,943,2194,9522,9339,1633,3524,4994,6082,6935,5243,5283,5485,5105,6931,7130,275
5565,8135,8306,1551,7799,3748,1203,1724,7697,1032,8905,2034,1741,674,3301,9026,9602,7074,6570,854
5595,2892,7116,6147,9327,3950,506,5687,7050,756,710,7206,4169,7261,9140,9604,121,4370,7243,7592
2054,7835,7182,6152,1375,7585,2805,8637,9645,3506,7483,1021,7639,7997,6988,5507,7027,9646,8286,3590
944,4472,893,1176,8116,3985,9589,7092,6381,575,6059,9626,8396,6343,6190,2335,1704,9523,8953,6180
1142,2918,8730,2340,2489,1909,7071,8521,2859,6246,8244,2889,7556,7402,4911,8657,9315,533,7251,6075
8208,8154,781,6231,4356,9477,1475,6444,9395,968,9082,8964,2140,7310,2179,2495,5346,7210,7266,9036
3256,2909,2928,8715,7911,8494,3399,6715,5446,1827,3817,5154,2011,5277,7250,3571,129,8617,605,2050
6502,8462,6391,8552,4400,6783,8904,8363,6068,5879,1763,71,5655,769,6523,8342,5545,9996,48,2044
7056,6379,3313,4818,9215,7356,7771,6156,4839,8962,9832,5181,9355,3211,9979,1440,2155,6591,6389,9762
3228,4561,3837,9714,7132,7396,8021,3922,6400,9169,5386,4583,8175,660,89,4661,788,9251,6006,6787
3751,8267,8281,6409,7303,6171,3348,8621,140,4825,4887,8429,8488,9249,7652,2548,2528,3581,8198,4066
2657,7392,9008,9247,4506,1414,730,3574,2693,1204,3391,8858,3918,5473,2802,6196,1126,7301,1429,8686
1943,8039,6635,6091,7956,2952,7606,119,9483,5767,314,3500,9770,7661,8583,3709,9991,8867,1635,5969
3860,643,3453,5531,4567,6451,4886,3037,9684,1694,8663,6632,5873,1064,4548,2396,3076,2500,2603,7032
1192,3857,6798,7702,7980,3719,3483,2176,3299,1363,7924,6315,4019,4416,5176,6357,7173,5262,4735,7672
6127,6722,8210,7608,6877,1384,3570,4373,2538,9984,6428,5666,8543,5333,4980,5605,4375,9205,7953,9958
3411,6840,8545,5964,7254,1128,8026,5046,399,8357,9914,2578,6117,2870,8769,4969,2139,1034,9013,1474
6596,518,6926,7837,7142,438,2949,9206,520,8619,7017,619,3598,3335,2045,8432,4861,2094,295,1515
9100,3120,6198,5751,4690,5549,5638,2382,6373,1591,2117,9702,2877,5993,2260,9376,1286,152,5703,433
4616,6274,9012,207,2855,996,7590,1344,9565,9871,4621,7693,1134,3559,9068,2650,2962,5168,2934,7410
7912,7022,7604,985,9788,4051,4315,2628,9605,5061,6721,9252,59,405,6273,9211,600,9820,3403,7028
4131,9548,1125,857,6793,2189,8718,7429,459,9007,8483,2939,6653,9622,8113,5238,4292,7224,9065,6649
8607,8335,5668,9727,6851,9099,7775,947,7654,2841,7052,913,9456,1715,9799,6687,8776,3979,5201,1245
8370,9084,6371,4808,2580,8950,9779,3284,8449,7860,1823,2332,9658,1,4964,9783,9042,9630,6848,4878
7361,416,8843,2378,9943,5137,3833,571,7565,4308,2024,3022,8642,1723,145,6252,8568,759,6915,9597
2343,8126,5474,6300,8829,1027,5774,5583,767,5562,5025,4921,7378,4271,2474,9440,3771,8802,3185,8195
8849,9225,4647,7035,8589,4632,5515,3992,5379,6452,6853,4128,2630,112,3853,8002,1989,9255,409,6031
4988,6869,3903,9643,3851,9885,2208,891,9190,1013,1605,4775,3808,9758,6642,8497,8364,444,9153,2719
2131,5066,4938,925,3702,8544,455,52,9970,7068,1738,9692,6666,5737,7294,6302,8865,5460,1569,2562
569,6934,2433,5694,2243,5090,7770,5962,8723,469,56,7946,2078,7541,7759,6519,2262,5308,9677,6816
2100,8942,1392,8421,8685,3990,7591,9021,3379,7754,6136,5350,997,543,7574,6891,5410,8216,5041,7840
9723,8576,4329,6316,9373,8741,8187,9478,439,1468,1221,3752,7096,224,2620,4920,917,2840,9253,6490
6159,2512,6410,5908,7648,8079,3059,8749,9480,9167,5012,5414,2713,6095,8630,9955,9465,241,199,8224
7055,8403,4715,1606,1150,9639,9722,1184,7667,6482,6896,1956,8558,2049,3394,1917,8649,8533,9508,4264
4847,9987,3468,6730,1634,3873,7923,4649,2146,6968,4939,7329,877,7568,9474,5698,4806,9951,2864,1425
8770,5783,3308,5476,4320,8092,6579,9992,4520,7966,1920,8162,7681,8156,8570,8932,5613,2924,5071,3269
4144,8915,6618,2085,6772,4796,1255,9647,771,9816,7599,4242,9256,5412,8812,1057,1616,1493,3384,4587
6133,1491,1791,3290,7420,4299,2675,9353,5087,223,6423,1884,5047,2564,3589,6703,1848,492,3736,9314
9808,1020,1626,7330,3717,827,4619,9151,8863,3650,6868,9427,1088,4609,4601,4667,3478,1009,5372,6634
4251,9445,9717,4418,2953,1387,1979,9822,30,9613,5878,3289,9259,3510,1332,2608,8969,9086,8464,9980
9911,3475,46,9201,5058,586,9530,8717,2046,4124,3128,4685,8262,1824,8592,7449,1223,7054,8551,8177
9342,6332,8841,3539,5327,5654,1530,4933,8188,6887,8928,5268,7873,2747,2587,8567,5095,1628,6648,9083
4531,9549,2251,2682,7453,1983,5514,2816,8775,6251,8023,8532,9124,7978,5146,1644,8260,9329,8413,8757
9925,1381,655,7842,1997,2151,6949,6539,3302,5957,248,7814,2053,8232,9851,912,7725,7344,5834,6726
7708,6623,5033,4954,4932,4795,2463,926,7807,3716,8253,2766,454,3182,5121,7499,3102,76,9844,22
7902,9110,2461,8293,2592,8273,7973,6226,2182,8798,5328,8153,8069,1740,1179,3049,3351,6928,264,8202
7232,7990,5197,3212,4446,3798,4107,2158,1785,7644,3484,3841,7276,7523,9060,7399,5817,4670,4529,2089
3181,8982,519,1789,6513,354,458,2678,1702,5548,2211,2180,8459,181,7517,2252,5481,5704,2423,2510
7862,2773,5108,6883,4777,29,4607,7148,5606,9908,3988,4767,844,1207,4448,1558,9170,5863,7825,7969
5924,8011,8434,4997,2110,4095,2642,2230,1792,9120,1859,1698,9567,1504,6613,8851,1945,4033,9819,6695
3001,5188,9726,5024,5139,3133,7787,329,4438,3421,9865,6200,9760,9336,7328,8215,93,3874,8313,6241
2483,3834,7540,9502,9576,1885,1323,8312,1578,1531,8746,9739,6855,5958,3991,8461,2427,8547,6725,8993
3937,5436,7115,5322,7763,2464,5693,3562,2416,1886,6304,3132,3364,6454,9301,9281,6472,7153,7910,4978
9562,2617,7961,9316,3678,2099,8586,375,4721,7816,247,4037,1597,9949,2259,4197,1357,3177,340,4411
8438,5584,2272,9473,9823,408,178,525,8676,7936,8333,8603,3442,6100,5928,8951,5472,9390,8407,4516
7698,5726,9414,9401,2937,777,8753,1897,7887,5542,2499,4408,8835,2848,6893,9106,2689,9586,528,2935
7549,8783,7577,8961,4143,5953,166,4497,9455,1047,170,998,198,6492,2571,8415,4558,8418,958,7359
3190,7979,4968,4056,6148,1273,8990,9610,8569,1052,276,6871,8179,6753,6220,7019,559,7622,609,4850
4415,5369,906,3275,1676,3360,9245,368,3803,1119,1845,7533,9210,5394,4564,7890,7876,3263,728,4460
2173,7376,4875,9559,484,1378,7179,2032,4764,9850,1212,8121,9168,9429,5956,9326,5729,3244,7196,9080
5736,9546,158,2920,1967,9011,9635,1965,137,9434,4546,2993,8398,2866,6944,9009,2978,8152,9343,144
7858,9391,1467,2381,5925,8204,5735,209,9194,5753,3886,4164,2854,2153,3221,4436,1397,9079,7350,5131
2185,2746,147,5343,298,9894,1235,4365,9946,7493,8256,521,3459,9435,7830,2119,7178,282,3432,9027
465,587,2479,5579,9162,5312,7451,4502,3596,1560,9941,2906,1834,9328,4928,8484,8883,5922,205,9499
2375,9408,716,9845,7362,6314,8380,8448,7587,7676,5575,4138,9067,1899,6831,4671,5232,8911,1816,6
2722,7431,9618,741,2529,3579,3729,1497,8445,8158,4859,185,1546,4977,8022,5002,2897,7061,9835,9377
1842,3208,8742,3065,35,527,1435,3830,2501,7039,8169,3948,8159,3776,385,901,8093,4058,3642,4174
470,9442,6022,9670,6483,1677,4043,5028,2932,8975,1019,3214,8034,7916,2452,6388,5950,4835,2438,9045
4209,7893,557,383,4380,1264,973,9671,9229,5602,3975,5138,3296,2134,2858,1860,4109,881,8703,2004
8979,5806,4328,1030,2347,9085,1839,8670,2505,3758,118,3645,9406,1121,8848,869,6992,9928,5917,9931
8084,9460,9476,700,1430,801,4390,5858,9744,4061,4101,8507,3365,9196,8412,6225,4891,4802,2554,4187
3564,7355,3878,8013,6327,1764,124,6165,1444,3895,9948,4953,4828,3613,8556,910,3107,2023,513,8704
7374,2338,1876,3545,5213,7861,467,7066,715,6296,3815,1754,5702,1393,7774,5191,6202,7793,9451,5085
1765,2013,4198,5955,9840,8696,293,5253,1400,7747,9961,367,7490,4340,7221,3859,9967,5008,6429,615
7839,3340,2613,5447,4771,1366,197,3947,8946,6858,5347,5003,6176,7908,7588,1248,3354,1364,3045,8782
7548,9392,9142,8493,7472,157,2921,6069,7804,5309,9037,8203,9971,8862,303,7373,2811,6119,8725,4348
4076,4149,9497,4224,9437,6173,8528,9803,8709,897,7640,266,3897,7651,7864,5141,4951,1237,3582,1528
852,5571,4689,9149,7445,7945,471,9538,7739,5944,4540,3715,9450,8839,6088,3896,5261,3350,9551,302
8185,7485,4934,2879,785,1830,489,1721,9233,5557,3261,9520,8123,8752,1598,2507,4140,1321,7164,7988
6443,3013,2887,7812,6260,5825,2156,3435,3298,9964,4608,2073,5457,8356,8419,7993,9312,8265,3386,7781
8856,2191,5773,4334,5205,9912,5765,19,8967,7444,6466,8047,8209,3943,1736,8375,581,6745,2040,9632
8086,4746,6600,5101,4518,9319,7279,9862,8040,125,3109,7041,3760,9668,9345,10000,5877,4524,3695,504
5749,108,8470,9160,5920,9202,3162,6213,4807,8514,7109,6564,8019,7418,2741,1436,204,7108,5382,28
9728,398,1466,876,7349,1767,8124,9061,4542,7891,451,5332,6233,4660,1589,8987,3780,2308,7233,3953
532,6574,3869,8387,5221,3397,7918,7536,7874,7597,4769,8361,6058,4844,1356,5290,9625,1838,4832,5894
6752,2018,4020,6964,7302,331,1226,5441,6412,1692,4624,9449,7288,6842,7313,8557,8397,7367,9050,3033
9893,4499,8031,5966,2803,2764,6544,3251,1986,3753,7553,2275,5733,2540,7040,1678,9828,2137,3522,3698
6548,6620,3466,2560,7204,132,9482,3034,6477,9346,4170,1296,683,861,2442,9286,8392,4366,6774,9407
1847,297,8446,1480,9919,4014,1222,2471,5454,9469,664,721,8898,2145,3785,6704,3667,4511,2974,2966
4129,8825,3041,7889,5045,6390,7967,4053,723,734,8523,1182,74,6973,6336,7133,6849,9854,5246,4889
7680,4813,3084,5518,6497,8842,1773,4700,7538,3819,7716,3928,9841,9260,4232,2307,8801,6161,6396,4227
1946,6025,6743,3048,8471,5506,8164,829,1576,7286,3627,2596,7316,4698,8311,7016,2896,7241,1536,3266
6690,4622,770,1100,7625,5984,9939,9776,3297,2014,9163,1448,9290,7619,1041,8766,8297,6538,9936,3787
7235,9848,6360,5404,9433,9797,64,886,8991,7777,704,8230,2654,3316,9058,9484,7346,5499,795,9133
4081,1003,4048,4465,5289,1276,8251,5566,2631,214,918,2203,9368,1078,7884,5758,7699,9005,9341,9519
7327,3842,2498,252,5228,7421,9989,5224,9363,3473,2162,5558,4473,4989,7123,7194,6536,9352,2957,7331
5217,3563,136,8620,7191,9073,1427,7564,5376,8656,4563,7165,1455,1362,164,3639,4313,9950,7544,7368
3744,6678,610,6402,7440,8864,5683,7252,8804,5930,1452,7603,9462,21,2545,7135,7964,830,4710,8561
3722,304,8170,9070,9064,8591,3595,1786,9144,8785,2168,3062,4203,287,8971,3366,1463,4901,5035,9768
6657,5601,1833,9749,5167,8702,5787,8640,355,7127,6994,8456,2391,8679,6067,319,7084,6995,9463,1831
4382,8033,624,122,6560,7848,8426,5409,7685,8737,7705,9077,8559,4871,2234,341,2395,9350,7354,468
3497,1293,3070,6509,1233,8036,3193,4852,2652,8977,6488,111,758,1975,8918,5695,7566,6110,9752,1691
9192,9533,8007,6019,1270,479,246,7393,6861,4476,6820,6846,822,7395,4346,3493,9764,5114,3935,3933
7811,9968,2600,8305,6003,4656,4050,3515,173,8096,7897,6605,1409,4664,5776,3580,649,2922,4640,5738
9285,8821,4257,8355,8527,8513,3318,4378,107,4754,7456,9071,9583,1685,5803,1271,578,2862,8669,8974
3233,4848,5150,8903,3389,4243,7786,2116,6285,244,7458,1537,888,5076,2031,6495,8931,2847,9990,9384
7160,4705,2261,6838,7069,8972,8280,3615,4803,9240,803,7003,552,5149,138,9834,1867,5554,9735,5029
9275,1029,842,5067,1936,8758,1292,5524,1542,8759,1234,8636,9360,6682,9112,8388,9615,1798,8826,8042
2789,1258,8940,6178,8645,7140,3701,2330,3091,3670,4062,6646,6643,2238,2973,754,9966,6707,9226,7100
8347,94,5147,9775,3847,4296,7150,4626,9759,8118,7634,4003,2405,9509,7741,4461,3804,9598,7023,526
972,8336,9660,7626,9601,8866,2783,8207,8809,3671,602,7987,4495,6946,3617,5316,6038,8401,9041,8161
26,4254,261,8350,6898,1469,8217,6047,5135,6269,211,6494,1383,6030,7283,4658,9254,9935,916,432
5525,9135,3131,4915,1085,8581,9491,7635,429,4843,9566,4097,7073,9503,7872,3513,7806,6981,8910,8890
950,8172,2356,8252,8377,8219,7424,2526,7423,1829,8193,4737,7275,3382,5831,8555,9531,6681,6221,1808
1097,8008,6401,7187,6324,419,9098,7469,1008,3816,4638,1734,784,2579,7885,4069,634,4065,4341,4743
6013,2092,4389,2943,4165,3239,9405,5622,2161,9564,6747,5759,2255,1755,8049,2058,2829,2320,3738,49
1136,1511,1966,1433,2938,3714,7220,8780,936,1420,8699,1040,4908,2097,6155,4514,7144,558,238,9575
8192,3343,6493,2067,9857,39,8317,2872,1438,2268,3732,1948,3436,1664,3197,8879,7896,5722,1241,4679
1881,1519,8258,4317,4857,7757,9769,8608,9627,648,9895,1509,5832,8777,6364,570,6256,3061,7621,833
6675,9652,6266,856,5184,9554,3586,4926,8734,2298,6017,2701,3106,348,766,547,2597,8615,8107,5785
550,8028,4584,292,435,3188,9453,7941,5302,8391,4139,1815,6419,2029,5701,8054,8425,7332,5196,6963
933,7401,9288,7126,2359,3010,115,7937,3175,9241,862,5795,2123,6683,9439,5341,1501,2981,5249,1449
3079,6553,1832,5427,8922,2269,3173,6967,301,1368,3852,95,6532,6166,2994,4175,9402,6436,5983,4423
6625,8351,4177,3526,6408,9609,5509,41,4959,8600,1367,2863,9631,9886,2188,3868,4836,3077,9959,9715
7877,9366,5954,1855,7309,9998,5007,5043,8713,5971,361,2469,1968,931,5099,1629,394,5685,426,8820
6834,5821,1122,1950,3653,5645,3904,2306,1193,3353,8881,8480,8840,1214,3734,1263,7789,7686,9636,7628
509,380,3140,9332,7397,9603,4526,4474,8564,7155,3604,4431,1714,4268,1218,5985,7026,389,4991,1550
7524,1561,7888,2649,3536,1010,3784,6588,4739,2062,9204,6290,7461,5491,620,5340,5978,1952,5808,9257
3728,2907,6785,4872,5226,5465,6310,4013,9633,2233,4860,9424,2521,693,7899,7655,310,5644,1291,1615
9521,104,5059,1799,3222,2797,2372,5336,7925,5106,3452,6836,8923,4454,3592,4639,9810,4519,1267,8674
2429,7991,7184,2590,6510,2740,7943,5255,7257,5888,3805,4763,9809,8404,4627,6922,9444,9141,63,5304
9134,4008,946,6943,709,5291,5493,1399,6507,6218,841,555,8787,5242,7761,2532,4717,4985,4285,7338
2081,2561,7578,8091,9178,5467,2010,296,5604,9673,5658,9195,3494,2,8441,9734,4727,7480,1454,6425
9200,1023,9661,3665,4505,8929,7494,855,5820,2388,9956,8956,870,9351,5077,3333,5251,2849,3602,8537
6383,6731,7579,2322,2277,2567,8045,4904,8884,604,2518,9732,4314,4270,2996,9274,1745,6438,4136,6029
1165,1803,8190,1559,8876,4305,4234,4189,645,5151,7387,4250,9879,3204,1000,5259,9746,1802,9056,939
1818,8660,9785,3974,1552,3431,3304,5995,482,1066,318,4986,9074,9662,9969,67,6141,5425,6216,1447
6367,1331,7036,783,1239,2237,9556,3291,4498,658,2125,4358,4274,3412,2480,825,5739,2572,3006,2824
2225,2669,6044,2136,45,6174,9040,2009,3782,7612,2882,1567,3516,4947,14,4740,8485,6662,6738,18
7683,4575,9965,7833,3491,9972,1864,1675,3963,9419,6128,8277,4183,8936,1907,1300,3465,6718,1339,8726
4903,1075,5777,6558,2293,984,8653,1269,1651,9430,215,934,6784,5001,3668,2280,8695,2460,1938,5716
4221,4788,5866,9831,9122,9607,6377,811,1573,9088,9317,6769,2223,9014,3708,6447,5165,4016,4577,3587
5730,5715,1947,4785,1877,908,1713,9318,5696,6576,3601,5841,6835,6779,8917,9425,2504,5275,9171,3934
8223,1898,3073,7342,9772,9896,2036,872,271,705,9320,8270,9675,1518,7048,3191,4262,1780,366,3549
4324,9322,2083,1925,5051,5511,5380,1667,5254,2377,2925,9224,4219,6975,6952,7950,4190,8774,9901,5781
8227,7353,5124,6192,1335,6280,5408,230,8548,5344,7972,9782,9999,9479,4556,9113,8474,1161,9838,6434
9193,1930,3674,4869,3756,3633,1926,2573,2936,91,16,38,9486,2204,2407,4352,202,7515,3339,9574
100,7118,3108,7968,5400,3311,151,9198,7117,6311,9705,4635,6219,9034,8651,6760,6109,4923,6573,6042
2328,3250,3609,8444,6776,232,311,673,2222,7745,1712,4077,7690,7145,7176,6912,325,3450,8037,1376
3,2281,1681,2439,6074,4914,5852,8847,9147,4648,6223,1334,5987,9641,6351,9921,3659,3099,9687,6185
7795,9905,2484,7878,2397,8830,5417,2845,4702,4834,8549,5918,5166,3796,6979,3097,1821,2977,7409,7335
534,4430,8114,9386,1790,8328,2844,9899,4435,2970,7464,9881,9446,9853,2425,1489,1157,2769,8473,8070
6982,7015,5250,1018,5178,4812,1180,6034,5448,2072,4306,2419,3490,6629,1004,327,6350,8612,9394,5225
7784,923,2109,2734,8495,7826,3243,4079,6677,1201,9606,2683,7965,254,7462,9709,9266,669,1577,4123
5325,8786,6475,9818,9651,5486,9837,9337,820,4114,4722,9443,1719,1941,1160,7844,2147,4881,5129,2826
2745,2852,3705,6628,6876,3818,5596,6456,6416,3983,4962,369,8683,9185,4695,3844,8360,1870,3158,5809
4228,4059,6999,5799,1826,1325,7696,8366,6032,1158,2696,3426,9903,139,1862,66,8996,6664,5593,2673
460,4349,5358,1185,4266,9267,1488,7382,8458,4108,9340,2487,3474,835,127,1055,4148,9617,4039,794
3585,4071,3949,2748,5611,5665,1981,3739,6079,2541,9418,965,8562,3147,7277,5804,373,5004,2604,4590
851,2319,907,1889,6043,7065,3583,402,8714,1708,8765,9017,8463,7408,1328,9156,7974,2056,5599,6473
2549,8573,2575,7336,4372,1562,7629,1563,1405,2695,706,6349,9076,2371,8518,6568,4208,3183,1401,320
1748,1609,1093,9498,3136,9164,5805,1037,3195,8220,1137,280,8146,9898,9907,6670,5676,740,5577,9166
3710,4331,9587,2226,6817,8038,6261,6041,8639,1612,2820,9826,5614,8322,863,5529,1516,616,2566,5538
374,349,1916,4595,742,768,752,3537,8165,4794,7707,6803,7320,1977,4201,1188,5488,3043,1211,8677
7514,2568,6528,7009,1299,7852,6611,3725,7489,8379,2687,4116,3417,3406,2002,5570,4773,8729,8542,7929
270,3267,6520,4493,5294,3254,9880,2544,1806,2637,2295,162,3092,12,8641,3464,1415,4772,1863,6983
3205,903,4823,3942,3174,6461,3189,5844,6036,153,5438,5207,2908,3865,2648,9891,6845,5240,7107,9220
179,2458,9761,5615,5931,4747,2885,1955,3398,7323,6474,5906,1337,3150,7159,1593,7934,218,3548,9541
889,9432,382,1350,4326,4902,8058,495,2558,2611,3117,6811,4797,7146,7547,6132,2075,9528,4035,2726
3003,3807,5547,1630,2902,1543,5670,4972,9529,1231,5397,269,644,274,7898,2000,6671,7226,8048,1963
4417,6601,5914,5120,5990,3546,9855,7390,1159,1502,2694,4730,9081,6844,3845,2813,8764,9024,9221,6989
7154,9827,3390,4604,1312,9410,6699,4975,1958,3995,4215,1133,3597,9608,4496,6051,2832,7656,3855,4440
8912,9131,1931,3779,1315,2714,217,9859,2960,2814,4386,5813,8439,8891,3377,487,3356,4841,7436,4464
6976,7671,1525,6624,4289,1760,7095,1972,4238,8266,3620,3919,7653,1819,6369,1036,9807,932,5824,4282
3283,1251,2674,6366,5052,78,7951,9773,5949,1545,7201,8799,7411,7113,5500,3206,8133,2130,626,8534
5293,6856,7660,3477,2763,7059,323,3227,4645,404,5543,2697,9303,3066,554,9864,9757,840,5403,8457
8384,2112,61,9703,847,7029,4387,6958,4995,5128,3224,6755,9000,9579,6112,8120,1051,169,5552,3765
2175,8128,9481,7021,3778,5624,2446,6590,1625,930,4437,172,786,1310,3832,4403,9248,2910,3535,4612
1084,8845,2883,4570,5203,9650,8575,2691,7582,5934,3718,8486,2149,9926,8372,9234,9458,1116,9244,685
3293,7412,4549,566,2815,291,952,7687,7371,4906,8554,420,5175,668,7750,6189,5433,9094,2165,4112
5020,1394,6355,5510,9378,7695,407,8834,7748,2476,6821,4336,9986,8885,592,2400,503,3541,5836,7880
9561,5241,5741,9686,4888,1117,1787,414,5170,8218,2008,9706,5870,9933,9102,9962,4738,1417,6384,662
719,675,8638,900,6680,757,2080,2712,5017,6589,1913,2771,6328,5005,7171,1994,8014,4798,9109,9813
3577,1642,2951,9057,5133,1065,1482,8424,5620,2171,8596,7559,3036,4252,6212,3378,9108,5391,1510,412
9754,2352,8980,5932,8712,1513,6658,6265,2351,8367,8684,2402,7729,6203,5063,6045,4284,1369,5177,1462
8732,8611,338,6319,4536,6633,1024,1105,1759,9680,6317,9287,1459,7474,3499,1686,3135,3163,6773,5054
3081,9182,8976,2629,2028,6545,3646,3152,4504,6631,9868,590,5014,4489,4992,4295,265,8099,1942,5818
4809,5318,2076,6208,5445,6245,5760,4720,8304,5598,1526,2462,1982,588,5116,630,3872,6458,8346,2779
2406,5656,4759,8628,819,8794,5629,514,7643,1419,7229,1187,3828,8999,1092,1253,4617,7737,6247,6865
603,7805,6250,5395,7244,8325,6716,1175,8803,9842,5972,2284,9485,7744,7110,8754,5973,7817,8004,2492
4783,6437,2041,727,3025,929,7381,7674,1494,229,2364,7633,1230,8030,9829,8784,2108,739,5163,3685
4682,7042,1202,1882,7773,8565,5027,5470,8875,6182,4214,3696,4379,8511,9216,5779,3939,5430,453,1778
3997,6751,33,4297,5407,9096,9981,9731,2582,84,1980,1172,7413,2353,7664,3566,4644,2324,6303,4824
9525,8246,3576,2576,3255,9657,2861,1389,1167,6736,5370,9656,6450,8909,2941,1540,7995,7613,9537,7334
9209,4842,9121,812,9558,4217,8200,817,5750,9335,7714,4353,2557,596,4701,7215,8635,2059,5218,1777
1063,750,1500,5189,8690,441,779,3507,3677,563,7168,9174,7167,8478,8824,3156,1572,956,9461,1441
8027,7010,6362,1652,3004,6904,6037,7006,9846,3743,378,1647,4347,9993,6514,3957,3735,2853,142,7522
8597,5375,9720,6875,1424,4399,7223,2893,9059,499,5660,9019,9242,8673,2357,4673,449,8122,5572,3141
7986,2065,3792,2527,2497,3009,2367,3530,6229,4391,2944,6606,8671,2132,8408,9338,5889,1993,3374,7602
9189,1588,5520,7611,6852,4948,2341,5793,6242,8675,659,9246,2435,5303,4967,7255,6735,5567,2301,6120
6712,6517,130,9869,6399,6305,5236,5199,6764,8359,6066,1108,1768,7105,7700,5539,1665,5771,5800,8229
3783,3737,8873,4248,3850,5239,1663,6370,3201,1103,7637,9078,9588,8601,3424,6587,4041,4291,8078,6911
880,3811,1453,6607,5849,8894,7460,711,8678,4706,511,1896,2365,6554,8102,6985,5187,4412,8681,7856
8871,4439,2201,4259,4668,6361,9623,3644,1284,324,3148,7947,4459,2257,1243,4856,3380,8284,9180,3057
8823,4357,2178,6669,8348,6271,7161,8487,4447,4339,1683,4080,6993,4937,5700,6812,1079,6239,8694,4406
1260,4178,9280,6837,5281,4753,7798,637,1342,4467,1669,3119,2227,8315,7742,697,9640,9412,7152,3723
7001,9295,6778,789,135,1730,9923,6146,8767,744,2369,4090,6158,1316,7091,6781,6996,9129,5946,1737
1232,8411,3532,9464,5923,103,2224,5802,3028,43,1090,9516,5725,6659,712,8075,3926,2447,308,2456
5891,5876,6337,3527,2546,219,6278,3875,2387,733,4691,1991,3726,4799,4494,8781,6756,6959,7174,606
1001,1228,1033,652,2926,8105,7930,8691,5462,3369,6897,1672,2190,4111,5550,4113,2967,6162,3621,9487
3247,1053,7576,9804,724,1662,5264,6137,3498,8594,7281,240,7256,1382,4049,2482,7020,7024,523,686
1978,2326,5211,9002,3000,531,9029,2274,8868,6810,574,8819,4428,7343,7790,9361,7197,6732,8427,4774
