862,455,851,590,428,308,79,415,346,150,408,956,507,463,582,82,239,241,707,492
178,766,671,902,212,702,559,878,276,229,954,222,627,596,504,816,292,984,138,656
534,685,113,437,951,762,785,213,770,443,170,361,497,105,230,209,571,70,883,165
363,92,586,626,59,916,392,85,231,84,783,871,143,107,280,313,603,892,640,126
465,334,71,289,327,15,917,718,275,397,865,204,904,123,120,133,104,697,458,719
362,39,383,889,952,824,404,312,487,141,252,227,888,750,731,136,934,142,938,301
398,846,767,741,748,821,511,57,309,655,376,817,151,139,145,800,910,176,946,546
776,319,556,967,839,269,416,499,131,509,474,378,531,969,293,843,451,167,285,402
360,855,214,67,14,746,961,552,12,30,908,426,986,148,307,476,775,880,733,911
333,76,595,639,825,931,260,232,541,568,588,581,964,562,194,403,522,844,1000,109
621,672,527,368,874,652,278,164,5,735,740,848,163,375,950,88,315,62,18,796
540,119,249,761,111,409,496,523,854,866,339,297,822,625,560,793,491,510,65,706
480,482,544,446,134,340,356,175,812,442,228,456,548,962,747,160,601,470,600,915
370,993,112,273,662,11,831,100,495,745,159,23,58,195,957,574,221,433,265,412
379,792,519,393,900,321,237,371,895,543,654,989,63,125,42,377,528,486,411,53
282,682,700,920,207,135,479,181,296,981,128,444,36,737,580,577,726,698,838,477
853,798,439,721,473,427,673,676,31,659,217,550,4,219,539,305,860,778,1,350
694,461,365,483,674,320,570,381,494,399,508,268,683,658,253,861,533,805,96,117
364,344,168,841,635,937,979,218,660,514,352,472,304,583,238,764,490,349,506,338
690,49,47,891,516,563,460,488,225,240,210,310,592,647,532,976,429,609,907,611
988,299,835,503,593,730,353,727,19,779,498,3,620,842,108,449,736,421,140,820
884,161,589,899,724,923,525,258,935,493,925,326,572,680,633,35,787,277,29,941
768,300,631,970,101,547,885,279,530,953,177,26,826,869,475,998,116,943,457,752
777,641,314,345,919,144,351,202,554,257,147,711,705,174,691,38,48,180,448,829
945,995,644,17,591,502,810,669,348,914,16,424,124,616,336,521,675,636,291,972
316,211,561,657,893,663,624,729,845,172,686,573,484,281,833,569,619,703,37,56
162,837,215,537,513,872,564,604,807,21,784,927,973,881,512,578,665,704,710,343
2,985,287,579,27,535,649,912,33,617,897,518,220,197,858,199,567,632,156,739
311,679,462,262,734,755,45,558,517,290,459,114,864,270,753,667,868,664,6,924
436,196,438,355,335,188,158,235,254,542,75,441,781,425,95,681,637,183,695,886
646,849,272,453,464,615,450,903,628,132,696,576,974,942,715,83,992,324,782,678
809,876,13,89,857,106,434,643,555,840,250,653,613,978,413,205,317,471,918,771
819,127,948,401,298,684,905,930,115,341,382,186,384,933,928,256,716,61,856,709
34,597,430,670,454,689,714,224,720,102,97,648,744,863,20,44,41,331,666,191
90,266,557,813,815,940,505,599,288,630,303,414,77,179,155,955,226,622,594,515
836,419,251,243,997,380,452,668,701,423,760,608,994,24,72,756,921,153,184,432
939,830,818,688,286,987,847,585,66,129,166,64,606,173,329,996,192,81,797,367
774,284,936,526,99,271,68,545,208,8,913,198,489,551,811,795,323,28,906,385
859,248,263,78,25,234,991,769,536,407,958,780,98,245,201,827,786,406,193,295
369,330,182,875,971,388,799,236,337,74,966,372,867,828,40,203,882,661,808,358
468,607,255,481,431,261,926,890,9,440,264,354,332,447,802,94,959,708,751,395
749,50,357,960,43,157,223,894,373,405,728,963,274,200,538,794,60,896,614,713
968,69,629,634,146,898,118,7,374,267,418,565,575,712,990,216,137,86,246,602
823,645,130,773,549,832,949,693,877,121,804,185,87,932,51,566,598,922,347,306
790,171,742,244,999,873,54,149,909,52,879,618,478,435,717,190,122,46,587,391
32,722,852,814,977,80,850,110,743,359,93,387,466,982,757,723,10,651,420,944
233,806,259,801,758,389,870,325,366,322,485,55,394,605,947,612,283,103,763,417
386,791,759,390,318,789,154,638,642,152,610,169,553,247,975,206,467,91,965,242
187,772,687,834,396,584,901,422,22,803,445,410,980,725,342,738,692,501,983,699
732,754,189,520,294,788,887,650,302,677,400,929,529,469,524,765,328,73,500,623
