563,36,565,702,737,235,381,850,172,207,73,115,50,395,652,269,547,736,98,224
556,485,552,566,598,569,284,237,374,410,120,155,764,646,587,136,488,279,901,332
668,368,190,482,94,217,889,421,515,475,348,793,490,245,294,401,170,133,263,526
949,585,19,377,280,144,985,474,789,457,81,386,840,798,778,38,621,337,680,96
102,188,92,16,959,185,215,398,309,418,65,933,940,341,801,612,790,226,443,209
470,173,323,988,450,409,145,834,934,532,54,416,152,787,74,90,228,951,965,164
196,429,564,151,154,810,920,983,912,394,677,916,980,581,297,804,770,620,925,159
890,426,403,415,444,1,461,784,212,973,247,654,606,321,360,264,863,769,588,926
664,176,45,353,80,852,731,83,346,567,653,306,405,298,699,918,686,447,205,929
125,671,659,885,442,282,809,218,211,20,661,231,529,522,994,540,978,874,896,379
487,871,460,571,729,147,990,126,894,241,645,299,166,142,253,42,853,942,433,722
510,254,340,846,9,813,391,820,477,290,53,674,984,104,635,334,385,48,596,689
644,836,964,754,672,168,453,691,597,262,593,466,883,312,535,400,742,982,431,131
630,719,412,296,703,5,795,384,184,601,325,243,727,408,295,503,660,649,335,728
955,734,242,320,880,838,698,917,708,86,603,714,11,367,124,780,541,216,378,720
833,592,900,223,530,506,682,640,70,445,268,407,72,148,938,414,907,656,580,435
467,533,383,469,440,638,781,478,792,156,37,366,307,642,584,707,662,502,712,99
595,244,34,663,452,291,119,740,542,924,859,10,428,411,957,201,472,338,436,179
167,806,743,58,618,372,687,345,259,936,713,3,518,492,575,130,536,861,489,882
594,59,316,311,962,314,355,448,549,903,794,948,330,39,210,757,265,667,439,390
915,975,40,318,225,855,23,432,227,274,161,505,524,283,308,922,22,67,220,837
103,413,582,399,748,89,192,420,359,607,981,441,84,842,590,827,327,574,692,288
204,32,908,189,786,270,55,213,333,473,456,847,455,251,358,768,782,892,826,825
516,647,578,417,143,75,326,364,91,380,921,47,85,817,256,628,352,746,700,181
910,512,462,923,499,623,785,873,976,191,44,277,484,828,633,875,544,35,954,68
679,393,591,423,589,899,570,88,118,956,43,203,741,711,688,560,406,803,109,430
27,993,879,849,41,732,97,752,624,559,881,471,105,419,905,111,361,807,639,615
494,523,636,683,888,157,252,202,51,329,248,548,14,239,30,25,64,1000,449,79
322,260,343,451,831,87,537,961,802,158,365,60,29,733,528,507,629,77,175,557
550,6,273,930,616,655,93,941,753,66,755,641,250,676,950,195,422,122,568,972
134,261,117,561,902,914,514,839,200,777,446,762,171,706,498,791,749,750,841,267
602,717,739,651,904,725,15,967,626,927,724,388,356,76,946,694,182,609,772,28
313,697,963,952,373,718,236,909,404,829,979,971,78,397,865,998,33,483,174,266
814,481,349,715,856,501,579,12,970,132,520,162,52,272,823,657,370,258,350,555
878,864,106,214,129,463,558,666,538,139,149,797,726,577,876,643,969,336,709,480
758,454,895,123,304,511,427,497,911,735,276,300,634,966,287,997,681,996,476,208
357,146,232,464,525,844,305,665,508,302,995,4,779,608,704,710,324,140,832,658
939,7,229,396,285,375,815,194,71,468,112,695,761,63,193,650,625,2,113,824
206,18,690,913,121,818,459,49,919,800,977,116,600,822,198,246,160,723,141,576
845,898,854,331,24,870,858,721,877,562,479,819,751,183,509,425,199,816,178,186
670,960,622,716,989,100,249,369,771,610,424,627,219,860,553,685,275,387,884,293
165,339,619,56,328,82,935,893,238,342,519,495,747,222,230,128,968,169,278,107
759,504,763,943,599,678,8,513,17,180,371,945,315,127,848,61,303,572,351,745
631,632,648,362,987,286,108,805,57,773,573,783,799,26,281,376,437,255,392,637
614,534,197,95,932,808,163,693,527,999,110,958,465,774,517,611,830,486,551,438
31,13,187,835,974,493,673,991,586,605,363,138,872,292,221,135,811,730,613,891
766,310,382,684,389,931,821,153,701,738,521,887,906,796,705,944,458,744,539,500
862,788,767,496,953,545,866,897,137,434,869,233,344,114,604,857,289,240,776,150
354,937,317,543,554,992,756,947,775,760,928,21,675,101,271,617,867,531,812,886
583,669,301,347,234,868,402,257,765,986,319,177,62,491,546,69,696,851,46,843
