1511,8506,1930,8300,3169,682,3531,570,4575,4939,1187,3416,1027,9908,2679,8188,8689,315,2496,1546
2901,1173,2070,7257,3507,7145,2681,2302,238,5944,5833,551,9463,6458,745,153,440,6772,4986,924
7786,769,768,4851,4488,8820,2929,939,2848,2951,1624,3948,5806,4867,6668,4217,2958,8062,1077,9674
1523,8268,9926,514,3806,6143,8476,4631,6106,2467,659,3817,9119,9855,7556,1550,8608,5161,3414,2628
5096,1092,3739,2851,4913,2078,4657,8367,9900,8169,412,1876,2803,6700,326,7694,155,316,8611,1437
2075,716,2408,5641,115,6808,3154,4313,6268,7507,1855,136,1516,1426,6656,3340,1366,2175,1220,2305
1942,7413,4925,9621,3533,1535,452,3568,6766,3634,4666,808,3460,3317,7935,644,7720,7506,1811,6818
333,6560,4660,1338,6191,3716,9656,4208,8451,1483,1574,8146,781,9331,941,4944,7158,9823,6345,1500
2191,916,5069,7567,9859,2470,473,133,400,3349,5598,8327,6255,3940,3769,7614,43,4774,2752,1388
1729,9224,9194,3185,4749,5676,4539,5439,2716,5212,2922,610,8741,5426,4357,804,3885,654,6979,2762
1984,8278,5292,6534,2617,657,70,2510,396,8230,7262,8465,1824,5286,5351,6154,6528,5633,4235,6533
6117,1928,6959,6174,4053,2757,9320,5346,3260,2810,651,788,4215,4871,1920,1838,3547,8936,4798,3014
7855,9940,9415,5755,5309,2000,506,6390,402,782,438,902,7640,1690,5455,9123,4100,4240,3766,2136
7489,6274,7757,1994,3965,339,1392,4976,938,2081,8244,471,7761,4277,589,689,6414,2087,8247,7324
3430,2672,1168,496,9512,3401,9197,1050,6749,3998,5563,2417,2132,9053,5302,2573,3585,1017,1204,6261
4247,7295,9748,8670,5072,7523,6615,3476,3215,8464,2883,586,9571,1629,3741,6396,7121,3955,5547,3752
1507,4270,390,1157,3411,4496,3487,5604,2563,2068,9443,3301,5045,6491,5272,6393,2460,9393,1252,8396
7800,4180,1950,1068,3158,2852,1789,1458,2517,5088,859,1874,835,2731,2995,576,3477,3923,2987,4049
6954,7810,3575,6876,9561,318,7505,2671,8031,4519,9963,6961,5789,8026,4396,9453,6038,3915,7247,3552
459,3545,1544,3051,817,1571,2618,8889,4602,1840,3808,4069,9370,1234,792,1839,4315,1379,1400,2647
8331,4552,8627,5530,7683,1341,5908,950,5775,2916,1067,5968,822,4993,595,7848,9864,3821,5818,2064
1346,8374,3035,2411,7575,813,6595,5646,9663,791,790,1908,4431,2445,9906,1166,3903,9662,3030,9190
1989,2426,697,7695,432,4638,1348,4761,4716,594,168,4495,1064,6055,1240,5810,1551,3197,299,9517
1757,2946,4507,4649,7270,542,3939,1406,1781,3239,2953,569,1274,1809,3094,6847,68,2199,3783,4127
7140,5039,4958,1156,1371,8593,5082,4230,9359,4295,7700,3415,1960,1389,3209,2509,2234,472,2004,9759
223,1795,2568,2283,5688,8240,3945,669,3386,607,2324,5906,961,9428,973,1568,2753,4263,6732,8330
9065,4105,7582,3303,4076,268,3327,2984,7656,5523,4382,3410,8163,621,4977,7117,999,6706,531,674
265,5737,6914,3491,1800,1446,771,2436,7851,9352,1443,552,645,1642,1410,6905,362,150,9712,884
9382,9768,461,6162,2381,9181,4106,5196,1864,2359,291,7975,2349,1347,4142,7854,5119,7095,2281,3636
6410,5252,4565,9262,5184,5943,5143,6860,2040,8343,5034,844,9783,3002,4342,1773,1606,868,6537,1449
174,9503,6214,8967,3403,8204,2127,4795,6030,2356,3616,7795,1353,8738,3409,427,8776,5836,5491,5489
4980,3427,823,5284,1637,8955,8514,6649,3544,2331,6185,7698,4327,1384,9126,6098,1469,2639,2424,9895
6444,2364,7478,3159,3316,4414,1201,8540,7031,2083,3412,1342,5250,4838,5220,2615,2736,1645,4346,6871
7316,6018,8908,5217,4702,1603,1152,6943,3227,305,4254,5197,4248,6239,448,5131,5467,3601,4760,627
1467,6586,971,3807,9635,8357,3435,6577,6225,8624,3886,4042,4425,2680,990,193,5824,4726,3208,485
1037,4719,857,2608,6881,9514,2187,8333,161,2178,3192,2880,2396,2633,2339,2062,5997,1618,4901,4361
869,7592,750,2713,2139,1080,8207,8591,8489,3941,653,2490,6640,5448,583,4484,6744,6810,997,9830
7320,2045,1685,1207,5685,5419,7410,1827,5590,7342,4156,7308,7355,7599,6123,6475,5788,6190,4057,3578
5650,8968,1383,7060,5357,2845,314,661,111,178,6486,1047,271,6540,8127,872,3772,9542,4897,6384
2616,5216,7889,5799,3207,4828,2024,3767,1763,4071,1043,7705,3107,9071,9780,5636,5758,2285,6647,6266
3827,9025,2104,7638,1750,3603,8180,1554,947,6397,3740,4997,202,24,899,9327,4146,5896,284,5562
3755,2259,6326,2,6166,6008,1374,7631,984,4027,9341,4697,1813,2792,5244,9805,1228,9111,1425,3876
8939,9378,1227,2941,3442,8781,8496,1858,5883,1765,228,5870,8203,2157,270,7185,3669,4679,3053,6263
7977,9094,2910,2932,3839,726,5603,5432,2138,1654,2369,1158,8016,4642,2050,5721,3599,490,7062,757
3834,1440,8135,4177,5125,239,7365,1616,1848,8141,3833,6514,225,4463,6149,4099,665,9058,8855,4288
5327,6435,8921,2213,6265,7447,4921,4115,3682,3147,6027,5866,6778,7182,8350,5881,7325,7594,7013,3702
6562,9255,9419,1367,3076,4617,7566,1923,7662,5783,6336,1579,4742,3888,2636,3660,7432,4067,9326,7111
2643,1611,4994,1666,1583,2009,4610,1525,1499,6891,5868,3543,3614,6887,1212,8217,923,4505,4253,385
1741,9650,3266,1036,5283,5011,325,3645,2689,9766,2993,7918,4203,2167,4443,5005,5463,1663,819,1314
6718,4931,1728,8672,7026,2430,7255,6412,1097,2491,5402,3497,2088,1317,2183,8884,7901,4181,1743,4880
6460,2404,8005,7351,6432,6228,7931,516,351,9195,5329,2379,5560,3095,2086,2885,6126,5914,1503,1596
3380,9577,3910,1069,1532,4136,7996,1478,7997,1598,3283,9970,2535,248,2933,5418,8586,773,9322,2813
8014,3959,522,8346,6916,3168,4331,5383,6208,1318,3061,1980,7428,1165,2827,2697,55,6201,3366,3629
6890,1915,1817,437,7663,500,744,3278,3334,2688,4771,1114,6683,8639,5938,3814,4769,9360,4101,2043
2719,6803,602,9924,240,8539,232,2319,1783,1421,631,5420,2171,8793,6456,9719,5001,405,7136,7915
640,9469,1661,7317,562,3152,3314,5557,6319,6315,1243,8145,4379,5779,4438,6869,8854,7379,6880,5687
2931,7146,3285,2791,8414,593,7290,4460,3424,2645,4608,7472,2676,7549,3304,9250,1090,8364,7332,705
3384,9726,455,8687,9593,4186,9754,6120,2392,443,281,1909,6558,7176,1108,9675,4571,6310,5839,2923
5390,7345,5429,5029,31,8274,7042,1375,2750,5022,9835,6489,424,3567,5966,549,3017,9141,6935,6238
733,7203,6955,2118,1700,4007,2231,1115,6988,3353,2666,5756,7938,2759,9252,8004,9779,1566,9105,1163
7987,1402,2216,9721,6142,2047,772,3181,3704,9660,3461,7682,7922,89,974,7961,2006,7669,9996,254
82,4959,1319,7593,3309,931,2634,1450,6152,5652,1926,4968,6232,6420,592,6822,1416,7246,1656,5476
4293,1373,2660,2631,2177,8182,3564,8355,1764,5177,4262,151,2670,9645,8723,301,8051,1209,8235,1216
2008,3707,7517,9494,3358,3438,3784,8808,5469,9093,4366,5282,5827,2729,3056,2853,9568,3799,9690,320
5629,1590,6189,1521,6804,2648,715,9740,9083,6692,2771,9984,664,3942,3336,5931,6840,9529,62,6426
246,4984,3123,8622,6606,8194,1752,2898,9917,876,995,7621,3666,1132,9410,3879,19,7992,4243,5847
4344,2541,6978,137,7511,7949,3801,7441,1022,3475,802,3559,910,7065,7367,4667,7535,7804,6501,3820
6124,587,5704,6448,8969,3073,2435,7853,9254,7729,5089,9619,4316,5973,8798,56,9993,5178,6936,6879
2704,9877,372,7477,8045,3987,4474,3946,5490,707,7197,6523,8316,9651,4380,7010,9086,9534,2529,1482
3981,2980,1588,2471,3751,429,84,2913,4935,3733,5081,9067,2545,1429,3367,4750,1655,3905,210,4123
3428,914,9603,9775,2626,2484,2123,1290,9632,812,2351,9869,3514,6715,2744,2662,7893,5407,3219,3665
3245,3969,2388,559,9118,5199,6270,76,7748,6202,4945,3251,3082,3459,8778,2307,9448,8126,2690,4050
2637,4108,179,2222,1962,1968,5084,92,6230,4003,3275,170,7074,512,2914,5734,7895,2299,1883,2200
4836,2783,7885,1829,5552,5316,8705,4622,3728,7538,2180,7375,3720,3897,2221,2386,3397,4662,5623,8140
2532,2122,3843,4567,8427,404,4981,6262,6373,2878,8177,2080,1131,1825,5683,801,3935,4172,3717,4895
9654,649,4772,9206,5348,3537,8063,9857,1806,2561,1143,2021,2044,3222,4583,3408,2531,8415,3174,8313
2928,348,8612,8197,1955,8478,2329,9762,7044,4686,4790,3566,3394,9911,528,4083,9771,1332,679,504
584,5707,255,3677,499,9385,3038,4972,4236,2292,3486,3742,9764,2724,8528,8055,8258,7897,7606,9296
692,308,2578,1046,342,2323,9231,821,4221,483,979,1293,7827,3115,2511,7233,4128,5982,4494,3034
7440,1884,7916,2978,746,8077,3794,3724,3382,3114,2473,2667,2830,5584,3308,9006,2273,200,3271,2261
4875,3372,2482,4022,7208,1635,5094,3126,1740,9005,537,7658,6289,7512,6702,6080,9582,4080,141,7070
700,4502,8497,5182,7215,5445,5210,4891,391,9449,4524,3787,4659,8796,101,1203,6110,3950,9461,4960
1906,8209,8286,1867,7945,81,8296,4928,766,9189,4499,5711,4385,6737,6726,4054,2949,5206,7210,6005
5682,5031,1365,2832,9465,3072,1969,5551,9007,4842,3028,9294,2797,8382,1869,1414,27,7012,965,6407
327,3456,6832,7782,7124,6102,7867,5413,5242,8869,9288,8928,7336,8021,1313,4209,9268,1947,1471,1453
8934,2562,6483,5024,3390,9424,300,3771,6065,5209,7446,2440,1254,7559,7066,5764,3904,3221,600,6133
8475,2340,5692,1030,7960,3572,6743,3043,335,1233,2657,4134,3967,5979,9597,4514,3723,1250,2076,2153
5381,8770,3420,5458,4077,5293,3943,2918,7690,1386,5248,6661,3321,9802,629,6956,6377,6993,7338,1797
3689,7429,3090,3262,601,8577,3121,8010,2544,4677,6323,4308,1486,845,2622,7242,8726,2223,901,6639
6811,1306,4709,8917,7864,9293,7128,7554,4876,9353,5701,3528,9486,8434,2017,230,7749,6990,7514,3332
3809,6503,5542,7200,7394,6785,8771,2468,4296,2135,2831,2560,1045,1062,5092,6217,3503,535,6053,2014
2168,6894,5132,1993,3400,1409,5797,1999,8375,3657,5909,7859,3796,4452,2584,9316,6138,2394,211,2073
635,8645,1737,4097,5408,9998,2891,8458,6161,5462,6193,9927,3226,5580,7990,5087,6579,3388,3398,9044
1717,3419,2506,5705,7584,8857,1335,4887,6960,6385,6603,3093,2413,4538,1013,6372,498,3101,6874,9266
3862,2148,4745,7090,6241,3478,5699,836,2955,313,6824,4355,3866,6776,8257,8546,7496,2311,6366,2727
1086,8096,1844,124,684,637,4320,9531,693,1972,4724,3853,1790,5970,9301,4311,5895,4309,6249,8972
295,9894,5168,7651,2787,2749,1309,6371,9777,2244,6932,1985,3404,2061,2479,1711,5349,1722,731,4628
8097,3243,5376,4573,935,5665,4513,5936,1236,6636,6678,6767,6696,6829,2106,60,2542,7713,435,4730
5723,579,7014,1305,9101,5008,2703,4155,1481,9048,5265,4674,3063,8362,6521,2003,8317,7784,3175,4685
4965,9504,8106,5708,3539,4830,7843,7335,1725,7862,8069,9866,1265,3350,5304,389,2575,120,5378,7307
142,7988,2897,9061,4670,7116,1268,9233,9201,5352,2849,4005,582,2238,3205,8306,4286,3249,1818,5798
393,5669,714,5068,5494,2577,219,2543,4776,5485,2707,6459,7779,6264,5470,3189,8114,4788,883,2548
783,1202,3804,4450,546,4457,8524,2300,639,4630,8424,5539,7287,9321,3822,1000,6452,666,3880,9594
3753,9673,9214,5667,2905,4720,4555,8115,9323,6930,4811,9890,7344,9815,3465,5237,6074,8160,3693,2547
2243,2038,3785,7625,4843,5842,2828,2668,3713,4006,871,3134,4265,3138,176,3225,3583,6845,7374,3849
6036,4034,4340,3951,9471,1325,4258,1262,663,6007,8184,879,408,9464,9039,4632,9038,4350,4644,8990
2432,8281,891,277,2154,5749,9217,9806,2250,8359,1378,6912,1219,3393,9343,8144,8800,6116,1356,2312
6257,8175,4692,6797,3106,2224,4444,6877,2249,25,4700,98,2858,1093,8743,9242,7583,5412,9850,7828
7937,2625,4430,6909,1272,2252,8566,6817,6134,4551,2892,9149,2963,1088,6543,3323,3383,3298,539,2740
3574,9633,9826,4755,207,7650,1832,2387,5730,6733,328,8699,3694,5770,885,9852,3700,8499,667,5388
6317,4854,1957,5761,2663,2769,3627,3119,5345,7728,6929,2587,6177,69,3250,7028,650,8886,3310,4395
3180,1078,9763,4183,7865,3008,5057,8926,4762,7688,8849,8275,6924,74,4031,1186,8966,2156,6286,6865
6569,3924,1070,6389,1911,6471,5198,7460,1455,9127,5983,8128,2836,7954,1899,3668,5303,4779,4916,7604
585,5643,8205,652,4,1085,6496,677,4014,8263,5013,7284,8791,5355,42,9417,7844,3607,2001,5744
3458,4809,9958,8293,9648,1621,3263,278,6928,4268,373,1856,3272,4410,2019,4468,8751,3892,8584,4029
2198,8995,6944,1836,8386,2268,5820,2197,4844,8885,7377,8986,6589,6620,7558,4207,3718,2798,976,7120
897,9933,7926,4242,9702,3738,2457,446,6995,4753,3131,5165,729,1011,8826,1035,7016,2638,7297,6199
3492,5748,9073,8403,2763,3957,2540,9784,936,9904,6738,5436,554,20,3127,57,6330,3997,7745,8477
1987,509,5716,6780,9928,3200,2603,8947,4643,2842,2327,9800,7557,6464,4521,1495,9854,3167,908,3155
3320,2174,2464,563,6354,4182,8688,2453,6044,3793,5930,8137,713,4229,9372,8326,2624,648,2372,7069
6653,5706,3339,2802,831,4992,9608,9981,9240,9846,687,5163,4531,9570,5253,3649,7452,9487,2321,1071
3295,7905,6487,5940,4158,1193,1842,3746,1775,129,1682,1477,5264,4351,4072,6962,946,5460,2811,7955
1873,7334,3916,7423,1053,6549,1890,2755,5471,2649,9020,1569,5186,7706,1079,1322,5513,4422,7220,7019
1945,5778,864,2612,9261,194,4175,3826,1148,3130,833,5876,3299,6113,4201,1669,5365,3186,3774,1646
5111,4047,8819,6765,6023,4232,2501,3991,367,9475,2488,9362,2084,9625,9306,2342,3244,4637,1,6446
3899,7113,3508,6582,1647,4191,2706,8050,290,2521,7168,3604,5065,5422,5829,3653,403,9717,9135,4227
65,6248,8838,9416,7361,9624,5533,8535,6132,6618,6885,2063,7588,9495,616,9755,163,1029,1577,5322
4920,8219,853,9676,1593,4048,3621,6746,1518,4520,1101,555,5541,5526,8545,8638,7224,5946,7079,1109
4523,4167,5270,4919,3479,2358,4212,5170,6844,7755,6474,5673,1413,4041,527,4195,6451,6219,2630,6086
818,6898,5947,8284,8757,8876,4407,3077,9979,1244,8887,4091,7808,8620,6128,7993,6883,2556,5620,4532
8537,470,1337,8794,3811,4462,2874,3626,3184,1881,4924,3426,2605,925,1431,5955,2682,4018,5215,9275
8536,4356,9997,9253,1221,6320,3931,4570,5371,5225,3108,1710,5747,1610,1888,8337,4210,6252,7815,8582
9948,4025,6782,8650,3929,1270,378,237,1264,2354,8507,4205,1678,6654,3637,353,5313,224,3100,9657
8503,9456,6125,9652,7239,3498,5240,4239,6651,5924,2821,1297,5567,7872,8729,3434,3482,7577,898,7192
7480,3518,606,9003,4406,5176,309,6329,4299,9968,2428,4065,1882,7476,4234,6752,2330,3709,1456,2807
3468,2431,4302,4701,8867,2742,5353,6417,6099,9050,6000,9541,934,85,2489,3445,5841,4109,253,7004
1830,2863,6635,7530,4711,7263,1563,2861,8314,2567,2965,7619,5266,4652,4648,7762,8256,7829,8321,1871
3290,1422,6612,3519,5009,9655,185,1533,5102,4405,6294,5093,5911,8342,3824,9975,2253,8089,7974,8830
4329,5465,1359,6644,4306,755,4493,8237,4487,5409,5325,6812,7449,8641,6361,3129,4157,9009,7942,2864
4566,3454,1897,3233,7678,7362,2391,9136,617,6382,173,1562,1073,9955,6251,7383,4723,2011,6078,1767
4237,3256,3179,9553,9954,7740,3715,5129,7520,5488,9324,743,2708,7632,2112,7911,2375,2092,5886,8461
3673,4562,3983,5672,5848,5331,5239,6066,7947,3639,6650,981,3986,9411,8079,9727,4737,2840,7777,1587
1721,7493,352,156,1185,6973,9363,4280,3606,4796,1472,3874,3045,2513,5058,524,7939,7083,8250,2333
8295,7611,1476,8161,189,4758,3549,2348,9767,4213,1238,7595,8654,3999,2195,9451,4039,5762,9116,1301
660,6404,1048,6672,721,2508,2551,395,7633,8087,2694,9202,5301,5492,4518,8920,6158,5654,9931,7071
624,6376,8701,7607,1273,7268,5670,3690,8512,1066,9576,5942,5657,2537,1447,4318,3286,1653,5815,641
6492,7909,8879,613,6969,6338,1805,4744,5364,5416,1493,6854,9100,2936,3422,6056,3550,5333,5306,3276
3744,9458,730,7054,1296,920,2119,8345,2103,4416,5204,4896,3735,5977,95,7579,1454,3376,6235,2806
6903,2278,2580,3347,7132,3933,127,4353,6761,6413,2862,7849,3240,4145,9313,8824,7059,187,5374,890
8052,2640,2028,3330,5434,7571,6362,3860,4759,7603,3000,5044,2558,921,5433,9962,2538,4225,8119,8715
2264,4765,1512,7696,6614,7330,9556,5506,3255,2559,6605,3171,6351,5451,1182,4147,2269,1398,4274,3995
5696,3437,2291,8400,4841,6509,2907,1083,8973,5124,2684,3815,9573,658,4439,8038,4197,8530,3773,5
948,5852,9705,9422,4995,5538,3451,3194,2289,6997,7191,6669,4411,4705,199,4343,6224,7501,3472,7838
6186,377,8656,4458,6405,918,9014,6858,9951,3156,2035,720,4576,2971,5978,3328,8985,8407,5440,7395
4427,8733,78,7310,5259,93,8828,4000,6814,1005,4714,7644,5454,9584,9085,9441,9741,4352,6097,5123
3560,7058,1937,2966,2212,2449,7522,3851,2967,9711,5149,4934,3446,5403,5766,6495,2462,1164,8011,5415
2780,3591,8020,399,2994,4103,1007,3688,2085,8332,2572,834,9213,3644,5746,561,9519,6271,434,7271
3359,160,2699,5175,5066,3351,4550,1865,7057,3780,7166,6450,5343,4590,6556,7886,3902,9088,7936,5128
6721,6642,8430,2308,3691,72,5105,2877,4055,5874,1123,7198,5375,7648,9756,3031,3765,5751,4812,6859
3389,4149,5133,9256,3085,9290,6546,2746,4334,8676,6111,7597,5794,3387,8542,989,276,5016,2809,4367
6773,5200,4148,7487,2443,3354,4536,6137,7232,1748,7645,9511,6374,497,5725,4665,7084,8851,2693,4824
894,9595,9004,6593,6236,3118,8511,6911,9793,1100,1003,3956,8558,7392,5037,261,7697,9462,460,135
6176,1640,6349,1724,4020,9090,7921,5224,7590,9332,3840,2056,1247,1329,3512,3962,1872,7978,9034,3596
8927,688,1218,9750,8208,3224,2585,754,9447,7730,4153,2839,1932,9057,7245,50,7237,2526,5722,2241
8034,288,4688,3871,8568,286,4699,4169,5910,3335,4636,4853,1024,5006,5913,9278,1657,2272,3678,3623
4564,7436,3172,4166,5241,1161,6934,566,5406,1662,1557,7278,8563,2206,4387,9969,8779,1828,4754,2756
8001,409,7022,1727,422,4013,4292,1391,7769,1025,7774,4043,7073,5285,4238,4090,5960,2772,2254,9091
8117,4094,321,5754,9972,4904,7884,1351,2968,6892,5107,3954,2483,6698,212,749,7527,1121,8560,3344
2230,1491,4691,2377,3527,9309,6025,5171,8578,6591,8522,6507,7038,2463,6360,8267,4791,1089,7087,6868
5015,5859,1900,263,9952,513,3075,4489,618,4569,7528,1753,6197,8590,789,1925,205,5459,8587,4620
980,4710,3775,4437,5025,5971,5596,8290,3595,8734,1159,6781,3305,8012,1061,8640,3788,7509,2096,8347
8303,619,6941,3059,7788,5647,4560,9134,6759,4955,3847,6552,7002,2419,9450,7902,3012,5776,5456,7236
7382,3971,1470,5014,7519,3763,5268,5967,188,5090,4052,6365,7231,2988,7956,4635,4319,9953,9546,4586
4223,8113,4515,4224,1847,381,8565,9977,1304,8200,8752,2033,4708,9076,4516,1326,1924,2614,5441,4491
9523,4868,2992,9432,3810,3792,4032,9059,2801,4882,5342,3312,4249,3795,9479,1895,9375,2673,9579,7419
6234,3671,8356,4865,5813,7269,8579,7973,1709,2512,7494,5229,8308,2298,9524,6155,1953,7184,9381,1726
6089,3872,9052,359,5076,4216,9399,3440,9103,502,4220,6685,8167,3947,2754,1628,9687,8041,5379,5802
8155,2194,4594,1104,6423,3329,9075,3054,5632,4328,5041,5027,4378,3326,3368,5228,6244,9797,9724,1534
4543,1065,7629,8437,8833,9810,7080,903,8983,574,2337,5288,8360,9199,1967,2361,953,23,4211,2846
4150,5890,8152,6590,4402,8022,6204,8652,9682,7125,8411,3064,9731,7003,2117,4663,1541,7088,9672,8760
2574,1412,7249,3455,1094,6127,8661,1167,3698,6821,8349,2925,9647,7770,9104,9476,4287,5362,2654,9128
7092,4151,8136,2799,7994,9929,4982,8856,5675,2246,9225,7356,4684,2046,4284,8103,5257,312,146,764
1674,5514,8429,8783,6479,1041,8385,8049,4862,4884,2422,6011,4424,6022,8251,6567,2619,5825,4044,8970
2486,6387,3889,8081,7161,1362,9555,2555,9760,4641,951,4465,545,2882,9205,4614,4778,7462,413,6198
9526,204,8975,2037,7399,7366,2186,5311,1788,3570,3949,6391,811,8277,2481,7654,5064,756,5622,4428
5975,4528,3848,5950,4084,1258,7261,6256,3163,2399,7666,4131,9215,3710,5018,6300,2012,8481,5130,5962
959,2058,7767,2866,1333,807,4988,2900,3325,7553,2927,7839,3124,9502,564,6970,6519,7532,6790,2661
1118,7205,2944,4974,4442,7134,9865,8472,8576,8000,2497,7814,2211,1652,8043,9551,1133,4174,620,8666
9853,8158,3165,8548,9291,1394,4139,732,3985,298,9064,6305,1125,7376,4821,1205,3173,9439,9446,3146
5319,7869,8325,4813,2658,8700,8962,3597,1735,3875,1959,9704,8658,6304,727,9082,3011,1344,4198,5464
501,6884,9893,6104,1034,2557,6498,5953,6796,2943,4698,753,3813,5073,1580,33,7874,7172,9607,763
4193,4727,6151,8024,9907,8338,3699,4829,1199,5742,7170,1971,926,2458,2459,7190,2455,4899,2133,2286
2890,9404,2066,7244,3609,8994,7426,9287,6986,7109,6375,5141,1524,2041,1012,5606,6545,8806,1510,1060
4030,3019,1591,5752,7699,5786,4814,856,8,9883,725,5414,9804,1860,8006,5916,6130,6037,7221,4467
442,5117,3703,4419,954,9138,2912,1910,8474,2714,4009,1774,2503,9031,6713,6195,2301,8809,1622,896
4481,7731,6680,7733,4381,8229,6179,6823,8438,7790,131,5185,8449,7250,4400,8882,9022,9971,7347,1139
1530,3672,5098,7709,1423,9112,7471,7497,8538,4373,5618,8665,9671,7219,6571,7680,6722,4752,9146,8466
1298,964,8799,8575,9483,761,2737,2683,8653,468,158,4682,6520,109,2128,3236,4581,6167,4111,5864
9892,3246,2592,7129,5976,6445,4138,7105,4276,6849,7482,5677,2600,1197,5246,1714,2969,7466,7077,5166
6083,7135,7919,9140,5510,7453,4051,1952,9436,8870,8323,7781,6712,5861,9406,6449,7999,7078,5644,6295
3658,4370,1620,1565,329,7289,3214,177,3345,1358,9871,2306,9630,5661,4335,4418,8459,6281,4784,5427
7679,9018,2860,7503,987,4678,4933,1934,3297,5487,3104,8788,9066,3084,5912,5449,8785,647,7783,5156
3166,1975,9905,998,4589,5662,4010,887,3143,148,543,1130,5515,4345,7123,5350,5959,8993,6226,8238
4092,5558,6107,9493,6288,3754,5588,5466,863,9191,1107,541,465,7149,6819,9060,826,1919,9870,7341
9697,6925,9271,6739,9354,3534,710,630,1833,5026,9013,4074,208,1922,9508,9357,5826,4704,3377,7230
7668,39,8717,3764,2423,5878,4420,9653,9994,8157,7368,8964,9438,1505,4689,7243,7174,2687,6967,8732
8100,2446,9161,3896,9820,3480,29,5052,7456,8272,5162,2322,2982,4475,6172,6899,8768,6596,6218,533
486,6707,518,809,5480,3561,7882,739,8368,7315,3068,5611,2098,9396,4595,8297,122,7130,9046,5219
6368,9786,8311,7390,5468,5373,2376,8094,8892,9379,36,6103,9549,3858,5254,5086,6559,6667,4060,6046
7763,5816,8690,5653,1381,3882,7819,2334,7850,9772,6499,6364,7141,1307,4061,2773,9667,909,6333,8468
4447,2487,4615,4963,671,6530,5574,3513,5504,9318,5897,511,3041,5902,4358,6758,9732,7904,8902,2020
1103,1954,8844,2111,4333,6109,2602,1659,10,9315,6611,8573,319,7521,6243,2205,762,9544,5893,6275
7171,3661,266,303,4789,1996,8971,196,5431,6041,9950,520,5078,190,331,7150,7665,1941,2582,5411
5430,4359,7294,7674,8871,3406,6913,992,7444,5401,4591,9078,5904,6401,5276,6094,3046,3786,493,704
4397,9203,6511,8498,7712,5740,2029,2146,7189,4245,8431,3510,289,1144,6906,6400,5613,9130,3920,4738
7620,969,3392,4926,9886,11,1520,4325,5391,1428,7776,7818,5474,7101,4403,9177,4912,2189,4651,5003
3881,1607,5251,9578,6398,1010,793,2271,2976,1401,1936,8811,6221,8112,8763,1468,3936,6513,8105,5222
4694,9787,304,5158,5956,1898,4703,9211,4893,5267,2403,8373,623,2599,7485,4473,3473,6741,3625,5592
3481,8852,4281,7164,1601,54,5791,3505,1868,949,3617,4529,3495,6839,6502,1497,3522,8822,2382,1644
9345,1283,858,860,8817,968,8130,9943,3466,345,634,5483,1742,6512,6518,1769,1744,8841,2710,2519
9725,6309,2071,6619,4908,6180,8376,6949,64,1498,1730,2204,4894,7825,8549,1623,9394,6493,6085,6250
9016,7096,2728,1977,3069,9096,1475,4040,5110,7491,6205,6380,5635,7319,8252,6607,1995,5368,8572,1267
2345,13,9391,5713,8179,5372,4441,929,1382,9358,7398,5880,8655,1708,9516,820,1239,6643,9623,8712
5218,3867,4683,2251,279,9722,5421,5609,1330,8398,4324,1285,4317,8009,2701,6820,4596,5823,6481,8594
6976,3113,9072,9488,4781,1432,3042,1230,6096,2010,5528,3137,8606,2745,9042,2790,4877,6118,264,3217
7764,347,420,3471,2607,9212,3120,3573,5765,7046,5496,1519,8978,2108,3105,7011,2357,1561,6524,1033
3579,8585,9884,4783,6532,1436,6664,294,7721,186,9707,3079,1575,9089,7260,4401,7006,6353,7580,849
6756,777,7228,2260,5396,4189,1581,5674,952,2733,6108,123,4058,4501,4999,7646,8132,2303,1707,3757
4542,4801,3670,7608,5663,1287,3265,9949,2948,7439,4763,8671,3254,3357,8032,9330,8761,6267,8946,5280
6857,9137,6551,4804,5543,9580,9259,7660,5579,2665,6342,383,1074,9329,9120,1891,6070,2389,3010,4563
7948,3238,6093,6923,7274,1983,1464,4669,3756,2266,5837,767,8943,4255,9583,6071,9311,7659,4170,9563
9916,912,1008,6676,2961,416,96,340,7488,9491,9798,7321,1087,273,6019,5741,7407,3261,9285,6604
7518,6625,4492,4833,8805,4527,8713,4740,4815,5853,9841,4805,380,2472,1141,4082,8678,6170,7612,1887
6763,1192,2474,5042,4435,1715,6508,7529,8165,4619,5360,9349,9677,4002,8450,5695,6010,6129,7281,371
1949,8931,2767,3569,5660,8196,7870,7925,3917,9434,1214,494,8553,9521,2904,3488,578,5525,7991,6395
6277,6433,4390,9700,218,6187,8428,8628,1576,9307,3571,2873,6806,4510,5330,6617,7352,7313,6588,5565
5312,6866,591,4036,6418,1018,3797,4537,457,4607,8923,9037,5819,5986,4907,8027,4969,7860,9154,6716
3015,2105,7098,8617,5759,6212,2131,7704,9474,3216,7025,1380,2245,5850,5780,9124,8111,517,9080,7701
4283,840,6157,8170,475,7052,6548,8120,638,9367,4902,5262,4746,7821,8432,5991,9235,825,6674,3142
8721,7275,38,1604,397,8334,439,1246,5299,6728,9047,6494,991,8339,5273,680,9753,1671,8190,6488
9679,6441,2817,5100,243,9283,4408,257,317,3529,6937,7778,3877,7551,1142,7138,5809,6051,3697,250
3963,8264,3647,1284,3558,2720,776,4260,2888,2841,5004,8904,6921,5549,4584,9192,5651,1699,2409,1880
4780,4905,6047,4964,8976,4046,8091,9339,4222,3619,9691,906,5278,7369,7544,7547,9155,851,5686,1502
7537,5671,8682,6482,2989,444,4490,6194,4483,7693,7841,8674,9781,1038,3342,2152,2609,6048,7328,1602
7139,9196,7952,3070,9209,1095,5336,447,1217,8187,2397,8487,5167,5689,3032,7940,5518,775,5120,3993
2101,6341,6017,1508,6034,428,5964,8380,7510,7188,4161,233,7739,3370,8153,7791,8059,2437,9035,9520
2203,3296,6825,5846,3356,7008,8319,2758,3439,5830,2137,7984,2952,1584,7687,3234,9230,6163,9170,9274
4823,8532,5831,3080,2518,4298,9164,8813,5478,7610,5934,1560,3469,838,8510,7314,9778,3229,9222,6188
4056,8877,1614,6660,5232,7163,5522,7173,558,4354,5061,1938,4900,6240,8147,6901,3829,9685,8324,8896
2975,1974,1837,2765,6574,861,1266,944,1570,3178,1459,7568,550,2355,7816,6440,5702,747,6830,2723
5856,7986,6795,4654,6974,9021,1948,5238,6292,5271,7040,8442,7881,1245,5849,9336,2601,4886,3026,614
4957,1407,4498,4775,4033,8663,9834,5638,3081,8626,862,3112,8201,7451,3292,7635,369,6182,1372,1716
3850,3202,4604,7104,8262,6254,5258,7091,2854,293,9920,2217,1299,1232,4062,4035,996,1745,7504,3706
2598,1177,9246,1363,6043,9351,6904,1280,9027,6561,5446,5394,2500,2973,5595,9043,7371,1137,441,4872
7020,8441,80,8659,4991,4549,7193,4975,2296,1081,3520,2155,102,683,3060,4954,4794,4540,985,1826
611,5933,8181,2427,1176,6646,9626,7765,9113,6015,8610,8508,91,6852,8166,922,4680,7946,1343,9400
1006,8831,4184,1451,5989,4593,5486,6544,1360,4671,3160,2143,2162,2875,1040,8868,646,786,735,6602
6799,2732,8552,3044,1617,6060,7686,8074,1484,4892,2709,3761,7264,5666,3587,3421,7726,1558,5597,8404
430,8858,5520,2393,6321,6006,7876,6570,1328,6583,7455,633,751,2523,5397,2788,2309,2363,2886,2879
58,4415,5033,5714,2053,1625,6719,983,2903,2461,9371,8834,3643,4546,8176,4950,5905,9789,6439,8714
7951,9310,2938,7661,9807,6012,5587,6411,3213,1020,9575,3725,3861,7206,7194,2451,71,9156,108,6963
740,1385,4391,9686,2196,5602,5113,3856,1626,4068,9646,7354,2870,5735,911,8183,8958,2091,53,9710
4770,5637,487,993,4421,8064,9887,9945,3293,1914,8913,8615,1979,5561,7542,3553,7983,104,4375,7900
5750,4024,477,9849,6468,609,77,2641,6690,8850,9289,8053,1308,6279,2554,262,474,1777,9445,9084
8484,9941,1573,4202,3135,846,1641,2930,6878,2116,5576,6223,2597,4423,2775,2193,128,5450,9935,9335
8255,7846,8914,9733,8017,9822,4832,5838,8007,40,6303,6897,3307,3198,3952,7534,9840,608,2280,9198
4028,5540,2950,4252,5573,236,7920,6383,7734,7474,7050,7824,356,3770,5249,1490,6200,274,6308,6285
3501,4374,8419,3884,4629,1751,4827,4522,3687,7256,7384,3355,7406,6430,6135,9665,3588,9901,933,3589
6035,8276,6616,5925,5919,7055,9565,3141,3878,4653,6082,9017,2796,1208,5888,824,4693,3464,1600,8279
8231,988,67,9392,6436,3532,8815,5694,2335,5550,7302,3540,2465,7647,9325,5363,2263,6522,6316,6269
8239,5795,9218,6314,9496,8241,8782,4517,7525,5181,841,7463,1766,8880,1780,2094,1151,4947,1396,7934
9299,9023,2366,226,6563,6631,9145,9631,9536,5773,6069,2696,3257,4272,4611,2126,797,7715,1853,8210
1857,1981,406,5873,5109,7202,8899,7759,30,8048,5793,8454,7045,5990,8865,8660,6999,5512,7836,3798
6565,7591,5501,8525,712,1352,6745,3279,5472,2125,5298,8686,1692,6838,292,28,3007,765,2185,6848
8843,5640,388,2027,3890,1978,7156,14,9983,5023,48,9538,9739,1122,6296,5981,6655,6717,3425,8616
8336,940,5040,4399,6465,8125,5882,8107,336,6801,7500,6662,1723,6627,6422,6146,2121,1747,4782,6063
3680,4445,6734,3474,4168,5877,2979,2793,1370,2748,2395,3642,2652,5169,5939,2857,9184,6748,8596,9026
138,2367,3052,7178,6473,9699,1153,4937,3664,6873,588,7857,5071,1300,6920,267,9959,4323,1054,206
2229,2192,7286,9010,2899,398,8772,1194,2954,4429,9300,8139,3749,2924,7737,1638,3925,9267,8625,6931
8192,7887,2346,1627,8452,7234,8202,7301,662,1905,4987,5969,1586,5189,1650,6645,9168,4883,2293,5461
3679,2232,8692,1489,8173,1917,6942,6500,8818,6996,7075,7689,7657,1814,2384,1943,2444,503,9765,4890
1683,8036,363,9891,4547,8221,8072,572,7856,4455,1210,6991,9609,5996,7576,6585,3058,2868,2210,6836
6273,1462,5392,5844,9795,5993,3980,2310,9960,125,3315,1746,7792,8046,3013,6359,8070,3912,7033,8842
6950,6768,7775,5900,6045,7950,1808,3730,8797,5922,8599,7218,6626,4376,6757,9706,577,5223,2570,2026
1405,119,8482,9547,1492,5136,6470,4728,5626,6095,8744,6793,4112,6327,2022,6280,8754,5423,4722,4016
4098,7187,411,4275,917,7248,5062,4511,1536,3033,5192,6933,8310,4881,4021,1822,8405,1796,4154,4806
1667,5527,668,711,7758,180,7877,2336,5664,9610,4394,4869,8960,1731,4088,6231,9930,7634,3009,6926
3258,5521,8607,8846,3441,7642,8600,4672,3431,8758,9967,8057,8556,9678,3360,5050,9522,3066,5205,2415
4803,7957,4461,9109,9978,2594,3759,4943,7772,8445,6088,1102,3191,2226,8777,5984,1023,9166,7127,690
7212,8035,1294,2959,553,3541,5152,7830,1075,1668,8494,6442,626,6648,603,8423,1754,9586,6633,4557
9388,6598,8991,9617,9227,957,2816,221,6016,8265,386,7627,6948,4878,2964,6525,2991,4579,8307,6067
806,1515,1289,7298,4874,2957,4906,9229,597,6020,7605,8093,4747,6958,9223,3333,6484,5655,8901,5921
741,8226,9480,4264,8569,1474,6637,5405,9160,9333,915,7842,9115,7966,2593,9049,8028,2013,1846,6760
9295,7587,6922,6307,3855,510,175,2418,8821,414,6207,8485,9627,9506,8071,8379,3844,9342,6141,8320
9389,1128,6555,6210,5639,9585,9919,1785,5091,8812,5010,1509,22,6026,2007,6233,5211,344,7928,4717
2715,708,5116,970,2718,8058,9708,5571,5157,3937,6222,2421,6686,7272,2031,5768,3580,3268,9620,7533
7216,8171,7211,8213,469,1527,7445,9277,7896,1821,9912,6159,7773,770,7560,8493,1694,6339,6284,4661
5612,3895,9842,3300,5763,1595,3187,6140,203,7151,8080,1321,5869,4144,7177,2433,3237,1448,3348,8060
2621,1815,8555,9735,1286,7672,1964,3450,9366,8348,8890,5529,8623,9481,5151,1403,6105,8083,7861,9634
1170,1538,2295,7833,7754,4165,8940,2214,9056,1427,2838,8866,8872,955,2674,5425,9814,7081,1904,9714
958,6628,2390,9045,324,1879,2265,7043,8859,9172,8191,5112,5828,9302,4574,7998,456,6918,5191,6324
9785,5840,8076,5307,3199,5928,4512,6826,7417,1634,8067,1816,2237,5279,3865,2833,8211,9799,4927,4922
6165,7932,5697,7415,6977,3692,2814,7143,9041,1831,8702,8033,1271,9558,758,7089,4846,6575,374,3494
3385,1154,4290,780,5532,9899,8444,7967,1991,4609,7199,7479,2100,260,1567,1206,6755,3812,2534,1310
7329,9878,7465,1452,34,4961,5814,7409,4601,2141,2129,9742,2528,2059,3598,1698,5781,1150,9664,8680
103,722,4449,3926,2360,8875,6599,9380,7677,7007,75,6206,3557,1433,4802,9588,2401,7653,3611,47
6535,7454,2896,7160,3462,8335,449,3521,9644,6356,7958,612,6276,3029,9263,2734,9668,4952,9897,2163
3288,7883,5835,4204,9694,426,3506,6081,4725,8910,8679,8388,8954,4509,6762,8720,2675,8189,1282,8724
8133,7251,1755,3364,6531,2920,580,3934,734,9532,8727,6443,7433,3157,2779,532,5344,2023,1445,3781
9681,26,7719,7388,9409,4019,7021,7964,6779,7106,6697,9915,5075,5731,6671,6689,6476,6092,8953,6131
6853,3087,3727,6720,8547,2328,9669,5030,7041,9572,2776,5995,4171,7490,5917,338,3280,5115,8092,8981
1779,8516,8944,3444,7296,9666,360,9844,9801,7142,7318,3961,9501,9002,7225,269,7959,3302,1376,8635
9566,5804,2520,491,6846,9602,1099,6409,3204,3443,9843,5103,8483,6895,1042,557,7386,8816,9939,3832
1145,3652,3148,810,116,1323,9440,59,7834,6453,1792,9150,9903,1229,942,8232,1442,2039,8134,7586
724,7339,7813,8473,4568,7515,1866,453,1504,3854,7703,3551,3562,4639,5296,8735,6322,8061,2837,6831
4989,9641,7162,3883,3976,6658,5227,9174,2166,2227,4261,5051,8116,6708,7195,234,9882,7771,9723,1902
3835,4269,4970,4938,4541,5236,9216,8287,2095,9836,8795,480,8773,3139,9133,1044,2743,8371,9317,9752
7442,2917,9081,4767,3830,8708,6775,8742,8288,8218,3021,4623,5318,2691,2476,8142,6694,1852,4606,2884
7716,1028,1660,6040,9640,1933,6021,2596,9337,9132,3402,7812,7053,8750,9499,2077,7280,1269,7015,7048
4866,7473,1082,9944,8637,8312,1180,4159,8737,5077,5627,3153,4764,5387,9179,2850,9468,8919,6510,5535
7875,227,7349,8492,7766,9000,4732,547,8289,8118,3231,8837,6340,8234,9147,2347,7806,4721,9099,8662
4075,337,4273,2761,1395,9543,2962,4856,8730,7030,1349,6771,9989,9272,1315,8722,8784,8095,7099,5043
6794,5190,2829,4079,3252,3484,3423,2741,4799,139,3391,1631,7941,9169,6964,2304,843,5952,7976,275
4786,8104,7888,4734,1986,5135,1004,6842,5659,3708,1496,5256,3535,9079,9346,9693,8102,145,1419,3363
1312,7258,1259,3399,3338,6659,8982,7486,9433,5624,8801,3846,5114,1155,1823,7809,8603,8088,5691,4712
5658,9304,9270,1242,8110,8860,1988,3900,6740,3675,9990,354,5154,4398,6184,9143,8619,2406,1260,2485
3018,6,8916,2664,7282,94,9421,5769,9054,8409,216,3436,2130,2774,8684,5546,7546,4534,7226,728
7147,3230,2908,8767,6344,1072,3116,4233,9167,5544,832,1684,6173,736,3542,6789,6968,8929,8668,3922
6945,3457,1759,2552,8961,7483,7389,5230,1056,4478,2380,7930,4386,3841,3020,8154,3149,214,9068,6348
1399,6827,8285,6792,164,6406,7393,7061,1059,1479,8206,3453,4847,9792,4349,9355,8037,7299,478,4713
3838,2514,3170,2730,9282,9747,8282,1279,4681,3857,7470,6101,5493,5438,2120,1589,49,9347,9618,6378
3593,6192,3975,656,7475,7562,9535,847,8894,2420,9888,4363,1843,3429,6536,8389,9097,7970,2144,3656
8664,7561,8945,7118,4001,5885,4731,3024,9851,8895,7403,4124,3891,4278,5134,3800,8455,2233,8402,2466
6119,8480,4578,2581,4508,7780,8974,8248,8224,6311,2284,6786,7434,6952,4743,3958,5901,10000,4012,4436
5287,4873,167,7009,7467,6029,5194,6870,6624,9122,9175,197,3324,5275,8614,7102,4580,2049,1793,5294
1106,251,2525,1636,4384,462,6427,8646,1463,8366,9560,9770,3467,5727,1687,97,7835,7982,2441,7401
9649,37,8090,1931,7391,3005,8602,4605,560,9639,7034,5568,1863,217,8019,4304,1002,2160,5745,418
3277,598,4525,8618,9816,2738,2373,3990,7664,2522,3536,8467,3074,6505,9490,5443,8143,5753,7115,8439
5054,9957,1531,99,4736,4990,8292,9552,3352,5269,2642,1733,1592,1543,3992,590,2789,1277,215,632
7032,5150,8709,9408,2669,3242,6013,2644,8949,5356,9171,8685,886,4956,4822,5055,2942,6679,2784,6402
2065,7502,1770,9745,121,285,8502,9063,6542,1113,7596,5554,7676,3362,3938,2553,7238,6666,7346,1461
3097,8109,7291,1146,2985,7387,44,3610,7464,9737,1672,3978,7027,1630,2370,8574,6002,6247,3659,3259
9251,6710,8716,5594,1120,8696,7363,6584,6998,907,3039,3628,1547,9964,8519,3676,9715,5668,90,5341
6966,7148,6355,2721,9397,5698,3188,1063,1675,9554,5475,3001,7589,6971,5715,5417,1651,8023,8937,8836
5516,242,9713,9921,9200,8769,6403,5625,8329,7252,571,9015,8390,7624,8924,6581,7285,7845,4206,7
5193,4930,9485,5317,450,8747,112,2320,2711,3196,2895,2181,6075,2475,8551,172,4173,1434,1639,229
7253,7350,2410,4559,1542,2326,9264,3973,2717,829,7499,343,7207,5507,7072,9790,9178,2099,113,3346
6787,3605,9208,8749,7063,7167,8198,9258,5679,7357,9746,7752,6629,8583,8632,5614,7879,3223,2184,3109
5710,827,967,774,9182,1126,9845,1854,4448,4301,6638,4143,9334,1594,5566,2847,529,8792,9661,9879
8406,7448,6245,8564,5332,6425,2495,1849,3790,7899,6352,7094,1387,6983,1438,5616,9245,3964,6394,4600
4967,2344,3635,425,7306,1885,2893,556,3337,3548,9776,3982,9387,4917,6663,421,581,1485,5000,213
5328,3092,9720,1720,7972,4244,4857,8040,7655,8299,1488,8718,8829,5099,7437,4618,7227,9284,3911,9457
2571,5083,7110,9533,7359,126,8609,9788,538,495,3555,9219,719,256,9348,2425,3447,3083,3887,2627
1195,1397,4585,4971,4733,3062,6850,9144,3448,9530,2604,1418,7735,2018,8193,3206,1578,7186,9092,3608
3968,9910,5070,8273,8789,7241,4477,9390,4656,7802,1261,3022,143,8775,1841,4859,2209,2934,4690,7513
1732,5038,4503,8456,7358,837,4855,144,4673,4675,9070,3499,2856,9918,3654,1803,7277,3133,8762,2919
799,2764,3509,6693,5803,4888,2996,1776,7685,7468,357,8764,3777,6328,2236,8261,4787,2700,4307,9569
4409,3371,6527,2069,1417,1681,7785,6927,5261,7531,6024,6087,8471,7076,7985,1162,2921,7892,9934,1782
3913,9848,8959,5994,1127,9757,1552,5891,5447,7794,7304,3253,9008,6568,8018,9837,6553,9601,5601,7543
1758,5289,2256,5377,1021,4936,9237,5188,1256,8883,4624,7858,1032,1670,6862,2429,2766,9868,8941,7691
8861,5951,1225,9902,7880,5729,9658,9637,888,1136,1424,8810,1052,7565,3132,670,2277,7112,5958,7222
7751,482,4942,7702,2650,5410,3523,7572,8667,3405,9684,9344,9228,5337,8162,9162,7639,1689,401,904
1263,4929,850,9590,5681,1944,9833,8440,6358,8418,171,4558,8980,8697,1031,1705,1369,2097,8745,392
9257,3098,2516,5500,8030,1875,6735,9444,2620,7995,5709,8942,7100,8370,6972,2702,2215,2054,9873,2990
6058,2438,9159,5899,8222,8391,8888,8965,7492,1517,6630,5255,7753,3374,8957,5954,5118,6681,4603,1553
4164,7574,3779,2492,5121,6062,6306,1696,306,5980,2629,6908,7741,8642,2800,7989,6987,2480,3247,7372
5586,5610,7618,5907,4646,622,2240,7498,6347,387,9281,7898,3319,628,3264,3177,8351,6313,519,7343
1149,3646,132,6893,5617,1851,4085,8736,3576,3622,1324,1248,8453,6072,9548,4187,245,3663,7179,7570
7550,9829,2239,9383,2835,2986,6711,8448,8992,9308,1878,9407,9292,6196,5180,2317,1609,9398,9087,4162
6287,6175,4196,7636,678,1357,5656,1084,2871,7159,7736,8835,1850,4004,2635,6951,6447,1982,7797,937
1889,5621,738,8318,282,3023,3977,7817,1998,2089,3417,2781,6057,1886,2412,8395,5505,3674,778,1292
1877,1940,1134,4011,1686,147,4526,3581,2297,1973,2947,9966,5593,7906,3823,3789,8649,5811,1921,3758
8633,8426,9232,6541,6798,7963,4250,46,7903,6227,8008,9881,6953,8124,978,7481,5999,1916,9029,8527
7863,1355,5857,8893,9528,9827,3631,4668,1124,1608,8891,9297,1251,7400,880,3584,7153,1009,181,2843
355,2016,7425,2110,1665,3805,4121,6769,1798,6608,3037,8786,1377,8814,4497,152,3493,5585,1147,3
7155,9142,4063,6203,4621,5183,1613,4768,4756,1907,1712,2822,8996,8948,9319,8416,9033,6984,3055,8305
5684,6705,2935,7798,5822,6688,900,18,9356,1105,6178,2173,6900,9032,3373,3731,4282,5127,433,7516
8372,6917,6392,9505,5400,3802,2262,867,8225,9909,9107,8269,7292,4535,7300,6613,3930,8436,1026,3863
8912,6297,258,7681,6547,6114,956,2507,2876,5926,5053,5963,8918,9405,2055,5361,9600,8881,8839,4932
5274,604,870,8571,311,9791,1676,5035,7459,349,2255,4556,800,7743,3615,3111,685,1441,394,9606
8446,419,1597,4257,865,6813,5648,8246,9074,5785,9670,4687,5559,4218,3489,2109,5937,41,6816,7628
7907,2407,507,3103,5583,6424,4561,8361,3852,6253,3743,9460,5992,4664,7144,2318,7616,5477,2140,1658
7240,8101,6516,3868,9497,3241,1701,9148,6800,9689,2804,423,3006,4348,7536,6981,4482,7908,9110,9828
3078,8604,7969,9942,6610,9913,6350,2030,8148,6764,9303,9872,9236,1819,9384,2325,4903,5935,4530,8266
1679,8159,7981,6731,3906,5767,5226,2248,7082,8598,5985,332,7404,2493,3972,8979,6578,7585,5140,3341
2915,7910,1198,5172,9889,3618,1612,6388,6181,9525,6601,8470,5572,5851,1956,361,8988,3248,568,7871
9427,9803,9249,6009,8848,5887,9751,4476,4676,2207,2865,9121,2685,975,5929,7333,8997,8384,8433,3490
4504,4486,1585,4979,5326,1135,6815,1183,7831,5382,4650,7756,5642,4706,6301,2726,3734,5915,4751,5277
1327,4613,3432,3086,8065,9749,3898,1693,6564,45,2894,1076,6431,966,9368,5524,9540,3375,1257,2911
8025,4858,4572,6861,2844,9604,5334,1506,3016,5367,7847,3778,9692,191,5807,4291,6454,8462,3893,1390
9401,1528,4305,3638,8121,5155,2447,3270,8223,6343,5444,7526,6992,1605,6843,7327,6919,6504,9412,4582
8099,5923,9470,9559,2352,2015,7799,7396,134,2145,3413,9695,5179,9377,4810,3089,7348,2859,6153,8613
7181,6985,87,8249,7929,8651,5920,6477,8304,2498,5235,162,4228,5048,4863,2698,6910,4326,7601,3203
2315,596,1791,7789,2651,4860,5370,2147,4797,8098,8015,1188,5358,3662,848,8853,3650,2201,9452,5724
5531,6419,675,8710,2362,4070,1091,9312,8956,703,6031,2398,6438,4176,3096,5556,9995,9545,2368,7114
7917,5389,8550,5600,1213,3667,9643,5310,681,2176,2808,195,2677,8363,488,4545,7750,1200,4160,8554
5047,3235,8984,521,2338,6216,8003,3729,2477,9811,4748,8907,3516,7169,8825,9473,7564,4199,5717,6572
1802,464,1408,9808,5605,7913,8595,2179,1903,2805,8341,4130,1970,5771,5144,7760,3994,9055,9564,4707
4949,9163,7953,8227,6148,2939,6144,3057,8911,252,9153,8952,3210,5442,878,3648,1393,8383,3183,220
8490,2768,5894,6290,3803,2374,8567,2270,1487,5295,2051,4008,7037,784,5028,8694,803,4362,8711,3526
5138,1015,3554,9729,1138,4627,2786,787,5693,1929,2940,3577,523,8706,2970,7707,8151,8677,8562,3602
3632,6652,492,7311,370,110,8172,1196,1276,9204,4625,3291,9129,5855,548,748,4718,5497,873,9831
5101,8529,9221,4500,8933,2452,8378,3722,8790,1190,6600,3705,9244,8693,9987,1016,4850,8066,6139,3894
7381,5323,8878,7017,7524,6695,525,2442,5079,5631,7822,7273,8823,5690,4141,9599,9923,9455,5404,8998
1768,8898,972,540,9437,5812,874,9860,2113,9069,9743,2869,7933,5160,8463,5174,3651,2350,5796,8746
4200,5800,9338,6938,8421,4978,2494,6784,5619,6802,1494,8774,9489,8002,6980,182,5757,4116,6211,3162
6754,2527,6538,2456,6299,7126,8509,3361,4777,673,3918,4339,6084,8131,1927,5872,2228,5720,9030,3525
1001,8938,3819,8597,3267,6965,9482,3919,5314,1548,8541,4941,4820,7309,1799,7744,9818,2945,9562,5941
9605,1014,8673,8056,2981,9838,235,415,4792,5537,3719,7484,2151,5949,73,2579,5213,9858,8233,1680
4089,8753,5435,3176,6237,9769,6156,9782,2450,6466,9537,165,346,1912,785,1466,7457,6260,8719,9961
3966,4426,4433,1288,489,166,6457,1760,2902,9095,5700,259,8873,6379,1457,8909,2611,2536,1539,8397
5743,5974,1473,8559,3343,699,5582,8253,4132,9863,6566,6455,9513,1172,6657,9718,1513,5080,5340,2692
7364,1291,8328,1939,3182,7204,7414,7323,3003,2313,4126,1896,4985,5875,2290,3594,7056,6014,6783,3776
9028,4093,8425,7097,8581,4045,3048,4163,9077,2258,6670,7637,1311,1295,8592,5164,4369,8039,6753,9861
8243,6160,7405,4332,6042,7305,9875,9819,364,5569,6004,21,7746,9683,986,3269,1057,5145,8486,7708
9431,2712,8195,9498,6283,798,4633,723,4634,6259,247,982,9539,2826,9442,2074,4192,9425,9992,3546
760,4852,4336,9509,3538,4087,88,567,2972,7890,1845,7673,4038,6462,5380,4885,8377,8073,2820,5570
9642,6539,8122,2218,7801,1664,3433,8505,6742,3685,7402,4456,6169,2550,7024,6751,297,5772,4835,3190
2225,1224,852,9314,2365,5297,4330,3974,7807,8906,1702,1350,4848,1861,7036,5502,5845,9361,1237,4655
7133,3979,4026,2653,4321,2332,9550,5481,4314,8977,1171,4948,192,8491,6415,4741,6864,1222,3556,9985
9825,7667,8501,4729,7035,9239,8695,2655,5097,3287,960,358,8935,5452,2164,1615,655,8479,1771,9001
1688,6723,1354,8344,4246,5108,6242,4588,159,4918,2060,3381,5787,9598,2090,4817,8643,526,8897,9220
1316,5987,32,2997,9709,2549,7675,573,1526,9614,4117,4037,5879,7183,8804,5564,9874,2834,1762,4645
5104,4577,2048,962,6461,2161,6704,5918,149,5712,9040,6490,6363,8523,6915,4140,3864,8629,2722,4695
1649,7630,5201,1039,2739,8601,7796,828,1976,8589,5046,4259,5821,2778,2439,4658,9824,9500,334,8999
6867,4793,8354,2502,8951,1253,6282,3195,5305,9925,1160,8691,2747,5359,6183,4966,2505,536,3869,1599
3736,9298,7427,7710,5732,7154,7968,9510,6729,4773,3378,9698,302,830,1704,4837,5509,7068,2867,4807
8270,4923,8447,9938,9402,6302,7049,8242,114,7852,9403,1169,231,154,5545,1736,445,5231,6381,8435
3004,1361,5203,4533,4739,1537,6076,9507,7201,6370,1439,4179,515,4388,5726,5575,5321,2082,7714,407
8766,209,5260,3565,9728,3140,1119,3483,805,8874,8634,1749,8765,5315,5680,7337,9430,5032,3828,6833
8178,9885,8013,1340,1810,3294,1935,117,9114,9592,5790,5718,6632,8570,9922,5777,943,1116,5020,9896
4364,417,350,4078,6145,4640,9036,6725,8108,4459,8260,9265,6687,375,4267,4825,5095,1870,3563,7378
6077,1677,7670,1756,7927,2172,5553,4840,8847,6592,694,1129,6863,2504,4466,6122,8228,3504,3600,4279
5147,384,7288,1559,322,341,7373,5395,3281,1778,4338,6421,8164,1420,5308,3036,9847,3745,6136,9477
1958,3921,7461,4889,2815,3407,9180,6946,4389,2872,2267,1303,2400,5479,4998,4413,6298,1339,4188,4453
7420,6291,5126,330,2158,5591,4587,4312,7180,565,2686,4834,7924,5555,9260,8358,9703,2906,4598,3762
1336,9369,9999,9193,198,6634,3040,4962,7727,2632,7450,1241,3726,4372,5736,3782,6856,877,5739,575
9813,7175,8220,9019,5153,8420,8963,2288,2770,1862,4096,5719,9102,4152,6902,6675,3701,8932,3211,5508
5801,3944,5738,9467,5221,1117,9187,9734,12,7626,169,6888,4015,7711,930,7209,1249,2169,1215,1772
9305,4785,5645,3369,3212,7878,3655,1191,3681,6703,9527,8675,5021,3909,9484,6750,5945,9974,9986,963
3620,9131,2818,4190,8315,9280,1794,4819,5884,7131,5386,9862,458,9273,7979,6673,9867,642,2613,7623
8987,7552,1801,9241,280,1189,889,2353,244,4910,5854,8254,2202,9183,6807,9173,9980,9628,1411,742
6399,5792,2434,3067,6039,779,5453,2977,3859,157,6526,7331,2588,4294,9414,5393,8683,759,7108,466
9365,5703,3907,3220,6073,8495,4266,9761,5366,368,2812,2385,3818,7944,8369,3836,709,3695,1055,1098
1713,4911,5784,3102,3592,1255,9062,2124,7385,7724,8029,6312,3582,6609,8082,9185,2067,1480,9612,945
323,6907,2499,6682,7840,2220,3524,8631,7416,4983,5948,3750,3640,816,5808,5832,4219,2937,86,4861
1235,9680,8922,6331,6246,7067,3136,6346,2102,9364,7322,7725,6957,7832,2072,636,3612,9158,9716,4870
7279,1320,6841,9478,9248,8504,1281,2751,8394,3144,2794,7569,8756,691,1334,6215,1835,3396,6112,6325
8533,2646,5338,6994,3960,3282,2530,8422,9234,3418,6272,5495,4831,52,3125,706,6641,8950,2569,5335
4940,530,5247,2960,6147,5369,4973,4300,7411,4185,2005,7495,4226,6064,3110,4086,9386,1697,9117,9373
4066,1990,5534,5437,4818,8543,7615,9106,5106,3117,66,3088,3791,8410,7912,9736,2824,6337,3989,3289
4879,3953,6437,5424,5957,5017,9937,3379,8803,7064,8302,4064,2595,4251,2782,1175,4845,8199,8149,3988
7029,2454,6213,6429,4341,2052,7103,3273,7671,5858,183,7229,1019,6367,6318,105,1807,2242,7051,4392
1894,4119,1997,4393,913,7914,3696,4766,1691,4256,4548,6054,3470,2402,6428,9914,8245,9413,1951,9011
9207,8340,9051,7684,5498,6529,9659,3845,2590,5049,9758,7617,1278,9880,5511,365,5615,451,8930,5630
307,6727,8526,476,882,3633,3711,4454,4914,6168,5578,1211,4023,4470,1345,6052,3870,8236,737,17
7891,6079,5056,1368,7047,7196,8291,382,8186,8900,6709,4471,6576,1965,2983,8534,7340,9622,9976,3313
4383,8500,1673,436,8807,6515,4377,9557,2149,3768,1460,2032,3049,866,5536,5060,1738,8740,4946,3365
9157,5139,5860,6701,2314,9615,7424,5457,6068,4110,6684,9459,3145,2057,2188,1112,8863,8309,5263,3732
6434,5291,9429,6622,928,8365,3825,7370,1501,4480,4472,7107,8905,2926,8393,9936,2182,544,2282,8840
6889,2909,7980,8915,484,5385,5007,5548,8780,3274,376,2678,1181,8294,8044,6834,6699,3502,3122,2469
4073,9276,6369,5834,1051,2998,7276,5782,6469,3928,3099,3984,855,4133,7652,7548,6882,4597,1178,7508
2414,4953,2515,7723,7962,5599,8212,4095,842,839,6736,5733,4599,6497,7469,2825,249,4360,5036,5607
9472,4404,2591,9515,9821,875,9518,3452,6594,3151,7217,9596,7265,8862,6335,5867,9773,1734,2705,3816
3530,7267,4464,5760,6209,6982,7397,676,7283,4800,8748,7223,1812,6623,4446,6714,2114,9108,2378,2583
3128,6896,1992,8047,9210,8802,479,4214,1718,7326,5085,7573,9024,7137,1555,5300,6770,4297,8787,8657
4231,1834,9350,310,6506,3748,6791,695,4135,6150,1761,8557,6258,4107,9613,795,718,1331,2002,4417
2606,7119,696,1465,6467,6090,6805,296,9374,9139,698,4412,9638,8322,2042,6939,5148,7868,7214,8925
1572,8728,5245,9466,4808,1706,2656,3284,2170,3047,1049,9152,7768,8185,106,7438,2589,1820,6472,5195
7826,4322,3908,2343,5678,3517,2478,7732,6164,7965,8156,7122,2219,6550,8832,3714,8647,5281,4915,8417
1918,8704,9898,2566,5805,8845,6293,7018,5002,2823,1648,4137,8469,7408,2159,6837,5122,2341,8460,9012
7578,6220,9965,2956,9688,9376,2134,4120,379,3721,3873,7254,4081,2034,4735,7692,9982,6940,905,8352
241,2316,5892,4616,5817,6003,2889,454,4715,2036,2974,4289,7353,4365,7598,1892,8630,2276,2247,5484
51,2576,1364,9774,1963,63,5972,9589,4303,2383,7213,7023,6557,7001,7600,814,5354,6115,3641,8518
8561,1540,3683,7266,5865,7039,2564,6485,7157,6872,9098,5202,5233,8488,2610,3322,6886,643,9269,1913
9796,9,8759,5207,287,6480,8085,5589,2777,1787,7943,1179,7152,686,2725,8644,481,431,5903,2887
4271,4909,467,2855,2524,4506,5482,7866,7643,7837,8401,9636,9738,4102,4849,2093,1786,1564,3025,4864
7303,9876,9932,6573,8084,4898,7805,8150,6747,8457,5628,3500,4371,107,4996,5608,977,9238,2235,1435
854,6855,201,1404,2115,815,7742,3624,9286,5898,8399,8075,1415,2257,9947,3586,1522,9395,5519,2107
7430,7717,8054,9616,9279,4113,7609,8271,8544,1804,7085,1695,4951,2539,6032,1901,6028,1549,3193,9991
3306,3395,7005,3914,130,4451,1859,83,702,4310,3050,534,9611,1582,8864,3201,9247,3932,1619,8621
6597,15,7422,1184,8755,6691,9151,2294,1893,5012,9574,118,6724,3027,6828,8215,2142,4368,4612,717
1966,8707,6050,7443,8068,8298,1739,4178,2881,8168,5774,7380,8989,463,5889,366,7540,4647,9426,2208
8443,9809,3511,893,8129,7823,184,7602,6408,5347,8605,8259,140,4826,6587,5927,6788,8648,5384,1529
9340,2999,6809,1703,5843,919,7581,4347,4479,3590,3901,9730,5428,4129,6621,7421,5581,1946,1140,4839
1275,6171,9328,4241,1430,9839,9812,4440,9188,2405,4059,4757,6033,3331,5019,2565,8216,7793,3232,5320
8086,3150,7923,7000,2287,1784,3760,1110,2695,8214,5503,3686,7738,4194,3485,16,6851,9946,2279,2819
7803,5324,4469,7747,9591,625,9567,7312,7971,9165,3927,1174,3164,6091,4118,5473,6989,8078,8739,6278
8669,9973,7541,1514,9186,2079,6334,9794,8698,8392,3218,2165,3970,5234,7418,5499,6059,3613,1111,5063
3463,8387,605,8280,9956,6229,7458,9832,5577,4125,9817,5059,3091,6730,8515,7293,5863,7412,4485,5871
5290,3831,892,6357,6554,8521,7086,5208,1058,752,2735,3996,3747,3161,8636,8531,3837,1302,6049,7555
5649,2448,4816,8731,3228,1632,3318,8903,79,6001,2623,5074,8042,61,9581,5399,3630,8408,672,9454
4285,796,8413,7259,5339,5932,9423,8123,932,6947,6463,5067,1231,7641,895,4553,4104,8827,7649,7811
7165,35,6416,1633,7873,9988,6100,1556,5634,5961,9226,7360,4432,599,8412,6478,2150,2274,8703,881
7787,3065,7894,6777,9176,6875,3712,7613,8520,3449,6774,927,9701,2025,3071,4696,4114,5728,1545,6665
8681,7718,505,3842,3496,2190,5173,9125,8283,3515,5159,8517,1096,9696,701,7545,5988,8580,4337,5398
7431,8588,6580,6975,7539,4626,9435,2795,2275,6121,9420,994,6835,8138,5146,9587,5243,7435,2416,410
5214,7622,222,5998,1719,2785,2659,5965,9243,8174,9492,8301,8381,6677,1226,1643,5862,5187,7563,5517
5137,6332,3737,4017,8725,8513,4554,1444,5142,7820,1223,508,7093,2546,9856,1961,4544,8353,4122,2586
9744,100,6517,6061,283,2371,4434,3684,4592,9629,6386,615,7235,2533,7722,794,9418,2760,272,3311
