1453,7309,8875,6522,1506,2581,6755,97,5233,7302,2081,5094,4450,3905,7912,7647,2091,4137,9371,5241
1829,7497,8239,5129,8597,2677,3867,8202,6838,517,1143,134,9814,9893,4002,8518,1458,1512,7723,5036
9482,4696,2962,5497,1737,1986,706,6400,9781,9757,1304,6716,4285,1728,4639,3258,3049,6037,6328,3393
5121,8795,4411,9973,2935,2062,9170,2579,9713,729,2653,1460,4277,3419,466,6014,3911,9150,5919,1344
6969,1557,6292,6369,7431,298,3659,6923,723,5120,1641,7469,3564,5430,6741,1319,3136,4150,1375,2503
8426,8410,7738,43,5231,9392,5319,2638,1015,672,525,218,670,8306,7034,9983,4313,7620,4434,1239
270,2874,492,465,6041,7455,6706,4783,6704,5603,3864,9595,602,7884,1858,7878,3338,5328,8645,5174
4427,9306,9646,585,2040,1930,448,1468,7140,872,7554,9263,5223,683,4604,6289,2736,5449,2525,3203
1946,542,5872,5572,5763,2116,2616,5310,6524,2194,8182,8231,2444,4724,2391,8615,8277,584,3569,1643
7614,7155,5440,4279,2086,40,9149,9307,2229,1168,1542,3480,8053,1752,284,5308,4692,3386,1830,2755
1058,8458,957,7698,1340,20,8403,590,6596,9348,7652,8912,3128,811,3706,581,3627,8850,9872,253
1233,8174,4045,8414,686,3963,955,5351,5529,6296,4581,8153,7775,1047,564,406,3733,1707,509,7754
4097,4441,5258,1002,273,1136,911,5207,6624,6178,649,5762,1262,5825,2452,4873,4582,429,8114,3013
7053,1408,1584,7279,2227,766,8019,474,2328,4958,2304,3703,8266,1586,2472,6629,8646,1238,6449,2830
9977,3922,5589,1975,2499,4156,5593,374,8112,1147,1035,7937,1253,620,8897,9112,4049,9534,4957,2305
2614,2343,1183,3260,464,2842,5150,6268,1481,1741,5131,8575,689,9695,1956,8279,327,2159,4766,5145
9665,3347,3056,3171,2348,9845,965,5677,2359,3180,9462,7796,1211,3876,548,6773,4624,6410,9269,938
7612,1373,214,2813,7224,1552,4803,989,1583,3623,344,2235,512,796,3590,5177,6329,6160,5081,8264
3043,1740,1337,7382,1227,6583,9068,9261,4332,3395,9464,1851,1454,469,648,3509,1313,1110,4109,3568
9699,9929,399,798,5513,8830,4269,7105,5927,3473,5028,2649,4518,8948,224,3500,1828,3901,9151,8256
5204,4011,6404,2893,1192,3129,4271,2846,5446,1270,2102,8163,2464,468,4702,1879,5034,837,1798,1548
9401,5518,9910,3755,202,7962,949,6997,6760,2291,2799,3452,3906,5400,1148,1187,6113,3246,8520,9114
8560,5380,9059,5349,3098,896,4128,7150,3458,6671,4084,2306,7854,3547,7217,3009,541,3689,9252,3938
6821,4541,3765,624,4964,5169,3344,4127,2059,1061,2482,8501,6192,880,8370,9635,3332,2429,6107,3292
5985,9169,849,9970,500,3330,3475,9175,4208,9104,4629,4119,6901,5609,8904,5779,6708,7630,5742,164
8689,859,7560,1305,6181,2314,7487,6141,163,4076,4348,4716,3759,5382,4162,5710,3605,1545,5314,9061
6278,1315,5072,2033,1277,3223,1574,3261,3069,1706,1017,7221,9621,2148,4955,1819,3730,4784,2511,8104
3007,9769,9652,2808,2863,2149,1861,1799,6483,2105,9959,3094,7438,1932,3453,2071,2292,3747,4653,6602
5181,9694,8665,8188,29,7278,7177,3990,6736,7165,5605,2387,5254,2620,3688,6655,6176,1082,4729,5799
2361,3708,3762,3015,2759,7658,117,5076,2169,2821,8479,391,150,8526,4331,2946,5722,4255,6945,966
9414,2307,85,1939,5139,5890,1410,5815,2847,8524,3632,8295,6726,1366,6226,582,1318,4055,8024,7689
3644,4852,8757,135,5569,3122,6617,1694,3459,2300,7978,2549,4347,1646,6718,5792,2170,8259,9413,861
4358,7664,1151,7151,6850,8902,4614,1889,1068,1338,7526,5730,3702,1397,6215,5675,4204,6571,4846,930
4362,2678,9940,2609,3988,9650,1729,2001,5060,449,4713,1041,3704,5894,3975,7910,9536,1186,928,5457
5678,5403,6224,696,4242,7400,3162,3874,4947,9416,2054,7948,6863,3401,3130,950,417,2777,6873,124
2134,3476,441,4710,6897,5877,629,9656,6537,4173,1144,1416,3457,4290,3186,8472,8252,9778,8090,5262
7311,6324,6389,4210,7041,7583,9871,8162,4659,3158,4694,5736,2255,3546,5422,3581,1003,8891,1927,4238
7290,8705,4071,8206,2340,6611,9404,8060,1840,5218,9835,7831,8288,1385,8652,7017,359,14,5661,6428
4072,1491,9820,5132,3618,3946,5633,3423,4576,5989,4565,1793,6646,8465,8145,4885,8483,2406,8517,6599
5647,8119,7463,5098,954,8334,1484,4680,1567,3977,8429,9925,7792,8138,5323,1303,2392,1106,6876,405
9225,4196,908,2037,1363,1865,1662,8752,5282,7936,8474,3789,836,3675,3531,1328,7846,3096,823,2702
6238,5578,2474,1282,6660,1016,8390,7089,3962,3293,1444,400,4382,8292,9171,277,1118,6068,8400,2913
9560,1838,45,5963,9878,6205,1266,5425,7167,9314,5026,3266,6930,1022,3003,2165,9237,100,6064,8796
9368,5509,3510,625,2933,1854,6495,6071,9597,2567,4840,216,2983,1899,1973,3021,5271,5641,7035,6209
9119,2993,7694,8154,3420,4057,9697,7399,8923,2625,658,1334,6745,9679,2039,7703,1987,5155,4265,3663
6650,2634,2254,5330,5115,291,8342,3140,2889,1982,9102,3585,102,734,4524,5864,8641,8283,4083,9093
9397,3587,1708,7750,9273,4468,6100,5118,7501,1519,6420,6834,8656,3385,1735,4952,4875,5778,5479,5246
7264,8469,7534,3570,9277,3382,2968,4894,4738,3279,7147,3074,818,5106,6588,8000,1690,936,4825,5261
261,4003,3362,416,5958,9731,1675,5910,4063,4259,997,7267,5286,4432,6061,7116,7983,2475,9569,8395
6005,2319,2575,6889,4919,2265,5835,4224,201,2489,3997,6416,5971,3799,4213,2869,3700,1961,1590,2006
7704,851,3648,1942,8016,7461,3116,9450,2896,3206,5083,288,2106,3957,1474,8889,2803,2287,3642,6950
6835,131,232,9426,404,8843,6648,7523,354,3872,1243,4759,4038,4553,3738,4108,7387,9032,4010,3064
141,7412,7562,2208,1463,2972,6440,786,616,1823,9361,5713,455,5329,9740,3296,9432,7821,8672,8170
3743,4350,1668,2267,8454,3184,6322,4881,7569,6086,6266,1223,1355,1133,603,2783,7207,8679,3432,9358
6971,3604,3039,9600,2101,4223,300,5486,6942,4036,3781,1524,7938,744,2967,1098,8622,8159,8539,6504
1489,704,371,5359,4890,2368,9891,7199,8568,618,1792,1103,1895,1102,5700,149,4088,1993,5189,2413
2056,415,2723,8105,5420,6235,986,636,339,9941,6437,386,6274,9345,5926,4410,615,9506,5164,5648
121,2938,3746,3282,6494,2303,6090,5925,3812,2301,2693,854,961,5990,8430,5558,9144,5560,8808,5350
5407,4185,1999,9715,4963,9907,8042,3767,8327,9948,4190,2234,1170,6557,5324,197,3046,39,98,4948
3854,7025,2922,5596,6765,3655,5200,5889,6394,236,5579,8655,5056,6841,9689,3576,6219,5073,1389,2522
4172,6752,4837,5832,8488,6406,5770,1473,5631,1821,4133,8512,3676,9861,6203,1237,8049,513,7030,5701
2506,5619,322,8676,4591,8621,6991,6518,6515,694,9206,791,1379,3088,5785,6423,8274,8247,3986,8070
5694,1605,2270,6234,9876,431,430,1628,4586,8513,9357,6044,2455,4522,4368,2628,437,1528,5222,6058
2126,9130,22,1929,2272,815,1530,1162,3295,9425,5782,4193,6914,3336,7734,3044,7752,7306,7594,7491
2207,3802,6275,2191,7065,7315,2602,5109,4420,3402,4832,2985,6359,2275,1537,4877,7291,4288,8002,8452
8846,9122,1520,6242,7027,9688,7014,6625,4418,5952,8302,2715,5078,8790,9329,2124,688,3800,5991,6376
8734,6893,7250,2866,4369,5716,9663,7735,5851,5623,6944,4545,3426,5818,8034,9857,1306,8697,8014,5522
1086,9898,4889,2839,5455,5590,1384,1508,1466,891,9766,8574,1107,2949,9934,7064,4863,6120,5697,1673
8648,9013,8183,8748,1581,3412,9384,3280,9724,9376,162,1569,7409,855,661,782,2560,9671,9797,7911
5787,2619,2188,1097,1718,7474,9372,8709,9608,8911,5334,6326,5960,2709,6013,5023,5771,8056,6021,6183
7406,8189,5030,9824,6129,7432,7769,8949,9016,8521,2573,8352,3507,8355,2527,6236,7068,7310,5376,8146
3499,7046,4017,3959,4609,7684,6593,2674,6552,1555,3335,6287,4778,5866,2172,1761,7552,1610,9734,26
5970,2798,1359,9592,8999,3126,2785,1943,4523,412,5114,2454,3115,6048,1322,6491,3341,6528,4809,2663
6864,3772,3327,7621,4001,5783,4532,140,1991,6447,2593,7255,2510,2244,2173,2259,5374,4379,4237,7312
5759,1464,5032,4666,2441,8130,5635,6480,2278,3216,3513,4521,1036,8922,4968,5608,3087,8172,7005,3448
3817,3450,6189,4272,1978,2470,7635,5564,4006,6918,5902,6973,17,9703,7622,3189,9704,5452,1727,3918
2038,5617,9048,3290,1232,6161,609,502,2879,867,4509,6808,352,8101,610,4721,1380,9921,7942,5913
9014,9079,9765,2153,4419,7013,8666,5748,913,1780,5220,2281,6426,5165,7868,4870,3455,2479,5574,9963
2569,2249,2082,6270,7392,6961,832,9755,8729,2388,2327,7632,5175,2837,5020,4308,6290,3656,3436,3399
2415,5932,4414,5029,7623,6908,6476,2512,3645,1732,9007,684,3754,5172,4736,3810,9238,724,2608,8684
1321,1919,4296,9131,2316,2097,5313,1099,9540,4494,570,2928,5458,7390,4437,3534,3925,2245,632,1205
6392,9293,4163,3226,9050,9554,1796,1424,33,5227,2787,3265,3619,9246,3620,5580,5068,6386,4040,8844
7261,2704,2524,1755,8177,1487,7770,4234,5903,1967,4342,5290,9942,281,6069,9488,4473,4751,3575,9369
8339,8763,2671,8612,4389,2491,8117,1349,3218,4726,8209,1612,9391,3523,1274,5385,5766,3541,3777,15
2279,669,8473,2932,1560,4741,6566,2793,1391,2668,2600,2171,6450,8179,5211,3858,9886,600,5502,5069
8584,4862,9224,2857,4480,4395,6430,1415,8069,4922,2017,7354,5428,8883,4442,3444,263,5876,4681,1702
1200,614,2991,6659,5091,2911,4490,1779,6258,1121,5895,1989,4836,7128,3356,9629,4461,1734,84,7297
4374,1958,8161,8834,5646,3302,6053,8561,1736,181,4232,6478,1434,5718,3955,9541,2615,5878,2125,9124
3215,2144,309,6151,8627,176,7954,2055,4917,860,237,1900,8571,2222,6788,9295,4091,7826,7509,3318
7771,3127,5077,2892,6309,64,1438,6512,2571,8476,8345,1801,2330,1980,3243,7467,8360,1112,3188,5692
6514,358,2326,4956,2565,6886,308,1933,8319,5598,6966,2477,3089,5485,9603,1109,8115,6473,6111,4638
830,8694,7956,2164,9133,7763,2296,7997,4168,2200,5229,7235,3191,1944,2439,8551,1564,5408,9197,5013
7566,59,8072,654,6615,2824,4647,6272,7726,1494,8271,4164,2367,496,5813,2885,8601,2407,941,2383
1856,562,5096,9146,7976,2034,7032,8215,510,1970,3961,2320,8384,4201,4401,6180,9930,6293,828,6157
8938,2904,2661,6199,5015,1925,1396,1587,4050,459,7051,4722,6572,8535,4387,5021,5001,4141,2697,3079
8792,8228,3182,9612,8255,5930,3429,7971,6982,7109,925,6191,5703,7365,1531,5248,5149,2260,5267,221
5361,3927,1180,7926,3628,4857,9848,9031,5296,2719,7520,3692,5025,1621,42,9377,4864,5906,760,3830
5917,4798,6782,1665,6316,1884,1672,3058,7300,2878,6197,366,808,2819,9505,3960,9184,2509,3940,262
1354,1077,4292,7880,8662,7323,2151,168,3673,8856,9498,8223,772,4024,4595,917,2496,9889,9611,4114
9460,7682,2790,8947,3492,719,5196,5294,3018,1561,1713,3840,1100,2825,9866,5040,3657,2217,2592,2466
4438,2646,1544,6689,6452,109,48,7230,705,8525,8268,8906,6796,2498,7683,1287,8169,2365,4853,4191
9605,9148,3408,1311,453,2817,5156,4170,5719,3462,5214,8634,4134,4371,2979,9794,2712,1461,4687,7668
5715,4858,4673,9828,2000,4621,6259,9083,6526,5448,6825,5519,2178,1189,2261,6797,8511,8698,5142,4081
1293,4780,9890,7462,2865,2900,2990,9684,2752,6092,4755,8608,7685,6487,6255,8036,7233,4900,6928,9479
5042,3268,9015,9060,9308,2084,4000,5299,4867,8493,3775,4051,806,9382,7581,3722,1633,4912,4615,663
7153,2192,4799,5010,110,1762,6687,5017,3739,7262,6775,8842,8125,865,8326,5253,9366,6579,6672,5247
4800,1686,44,1122,1286,8316,2998,9344,8287,4605,605,7570,5555,9000,2354,3311,5587,9095,5144,2299
5341,6262,1852,2174,5239,7328,2543,4031,2986,5567,4495,606,3148,6802,3989,8954,8220,8649,5679,5965
1023,2488,1926,6348,2659,4273,7600,7686,3848,6379,9354,8733,3529,9274,336,4754,8168,4440,9808,5689
1817,7296,9575,8213,329,6109,4573,8591,2093,1916,4712,3249,6060,5447,7716,762,8440,1276,2640,3040
4717,9351,673,7543,3229,529,3220,3251,2760,302,7990,190,9777,6353,3522,8273,5357,6063,8670,817
4218,714,8085,5836,5828,8893,3210,780,7241,8898,6594,4669,4579,9577,1158,350,2727,9483,3033,7513
9935,9311,8992,8136,7765,5533,1871,6756,1160,4627,4303,8787,4935,248,7009,9172,3322,9388,2195,6987
1329,4158,2426,5146,5798,37,5604,1426,9873,8263,5119,1764,3095,6587,7666,5640,8624,8986,7283,7460
3138,6354,7790,4492,5888,6994,6378,4907,1345,8428,4476,1188,6253,6325,4967,7729,3974,398,2283,7928
5732,7271,627,8585,4004,7338,1455,2540,981,3945,9658,346,6758,5192,5288,940,295,3111,6612,1014
3842,8853,8376,5187,6670,4254,447,7834,1781,1096,2599,5997,7998,9331,1312,3447,3520,7220,7127,4771
770,4052,9284,3355,4508,8094,6427,4166,5826,5300,3589,7602,6791,3763,6022,6910,946,5874,9038,3860
7784,4447,2480,4977,7076,411,5243,3773,5526,9373,425,4372,934,8673,4289,6938,4417,4287,4062,2884
5724,2954,7393,2156,505,8332,1632,5867,2899,514,282,5506,703,2844,4599,2769,2398,241,5481,2
7038,2546,9994,8008,9783,1538,3796,9340,1601,6264,1404,5292,2823,3313,1381,4942,6004,2948,4654,7172
1936,1630,9801,3914,3005,2405,5654,5515,4850,1681,6489,8761,8528,8233,5943,1209,1044,739,7755,9027
833,5936,2639,6564,7598,8879,4100,9838,1288,1161,9518,2695,2806,6630,3719,7135,3685,8320,6949,9653
8519,356,2347,2870,3991,7240,879,493,7125,8566,8838,3309,8175,2636,6008,4309,2795,10000,547,4552
2351,6937,2978,5852,7510,6299,5107,9279,4587,1011,6277,2936,1651,4298,7596,2772,9627,4677,6011,5130
1613,4876,7519,1874,5019,9056,9922,209,7000,3577,9243,2758,3034,9208,9292,397,6295,2669,7665,4821
523,4989,899,1988,9995,1960,5972,788,159,1674,1050,2312,7767,4879,862,9545,7308,887,4668,3835
7133,9325,3593,3135,4529,9589,3026,9043,2497,8669,4693,2662,2325,8693,5340,5908,1511,3549,827,5423
4503,6842,7931,2517,8331,1540,24,3489,3780,9606,1886,99,8083,5401,3964,4679,2971,1075,6207,5358
7048,7517,4737,9210,6124,4361,7476,3626,9971,5735,4366,8994,3506,1827,7713,9132,9719,3774,4458,5240
1676,4101,2566,8965,3566,3742,765,8730,9561,7576,8318,6474,9525,6926,5950,1247,1362,3209,2745,3221
7307,3862,869,6951,4537,2961,2789,8335,4200,1990,789,4902,4399,7749,6787,4531,4429,8924,8516,2483
5079,7129,8322,1006,8289,6653,7329,3153,8744,4593,8859,6174,4992,3943,1252,1501,6269,2796,70,9807
4770,6529,1715,4007,7380,7386,4933,5226,5304,6748,319,5916,963,551,4230,208,4455,838,5556,7181
3668,9992,9975,8499,1704,3466,1386,9105,2395,3164,2672,3539,3384,9568,390,488,8337,3456,7452,347
6002,9159,9706,6853,2209,7157,5565,9461,5777,1296,8582,5266,8772,2907,3109,8150,9054,3250,7372,9297
3748,3207,6652,3855,8822,6485,6794,328,457,607,1997,1941,6525,7054,2667,2970,3010,9099,2356,3252
864,2331,6173,1009,5847,3837,5584,6444,4534,637,4412,296,7484,6395,4634,7148,3807,3060,4352,9670
436,4376,479,6577,4496,1019,8329,6456,5549,6136,1757,2685,5436,2544,8981,4403,589,3952,3133,2333
6052,4792,7352,8503,1053,8402,3588,3651,5967,8230,3275,9742,49,5539,7375,6658,1010,5666,9158,9655
3442,7094,4574,4099,2720,175,5755,8703,4294,401,4652,8553,6106,8113,5302,2657,5575,3208,953,7440
501,5035,8478,4551,4487,4144,5197,4067,3745,3794,6009,3579,4999,9033,8394,5315,9181,8371,7001,5760
8759,9353,422,2887,8756,8908,4774,4564,3294,8167,1123,2009,6332,2290,5394,4087,8678,6855,5301,1969
2502,2375,2597,6570,1822,1893,3397,260,1824,2974,7567,3954,476,3836,3147,5671,1076,2263,4199,4264
4849,7595,6954,1295,5476,7876,4111,2530,8997,4125,2648,2623,3629,9437,5966,7442,3769,7857,2897,8165
1413,9832,1032,8717,3119,3159,9796,8892,5897,4651,4469,3930,3558,7084,4985,5141,3305,7959,8786,2732
7892,3289,2335,4704,376,2516,3832,8496,2514,4183,4596,3222,6847,7171,409,4359,1833,6909,8463,8123
6321,7592,3394,333,9301,2690,2531,250,4672,907,8122,9086,1712,5355,8754,5309,2332,7989,5124,8619
7862,9773,6470,6001,1604,8433,4483,4598,5737,2379,7456,3686,4479,1113,8246,9064,8963,5070,1739,7507
4775,6418,8885,6210,6505,3030,8482,246,6862,2804,8363,8955,7405,8128,349,6947,4247,6631,6546,3104
8137,8075,1640,1196,2494,6915,5982,2253,3441,5512,3552,1913,3924,7256,6874,9933,5853,536,6517,4633
90,8041,4636,7334,5209,7993,7288,9200,9179,4167,4930,6029,4236,9362,4932,1341,3572,5237,6070,6229
7471,3717,1089,2380,8492,4388,1448,559,6730,3217,1880,5809,8683,8559,1000,3326,7189,9202,3160,5901
1398,5126,8532,7117,2815,4327,2774,9073,1747,520,9819,2754,9912,9547,1532,3630,2908,9955,5499,742
3866,9737,6709,5003,7175,660,1770,902,6854,9294,8203,6719,1203,7933,6737,6778,2901,1377,9830,1503
6249,9465,2529,9249,8719,1244,8936,4563,5977,3050,9472,4131,3132,210,2626,7663,7529,6432,4078,3895
6319,5881,3801,6200,1179,9527,7260,3691,3390,679,5606,3744,8782,3615,4572,3882,4773,7506,6957,6384
1078,2197,4874,199,613,758,9253,643,72,2950,7245,5024,4828,2029,3283,485,7779,1577,8078,6320
6490,4058,3415,4854,8443,4135,4622,5372,8975,5097,7999,4428,5089,8356,484,6770,1580,732,245,6206
2603,4929,1782,1937,9730,6190,1257,5938,6815,8506,7143,5510,7193,3694,9867,4184,4937,3958,6798,9399
4115,184,7370,6030,2537,3548,4995,5831,4312,9880,5482,538,8451,7618,4517,1231,9885,7599,8422,4671
3845,375,852,9685,929,759,8573,2355,6040,2117,9986,3827,2015,3892,9319,2673,9101,1527,6828,1130
6680,7985,3070,334,7542,373,1352,3363,8687,1245,9459,2050,9999,8080,2371,9191,7348,2827,3233,3934
7636,5488,4280,7353,5611,8257,9710,2809,875,3556,8876,6601,6482,7696,6057,1553,1031,5686,5615,276
158,7468,9513,5213,1141,7828,6244,1024,3662,3435,5434,5595,4275,5468,7202,8760,2656,1202,6767,6095
2856,6213,3610,4105,41,5941,3682,8839,5861,9989,7191,2618,6591,31,5761,8391,6088,4030,7539,5816
3764,4970,219,5768,5495,7924,9039,7774,5116,7254,5702,36,6516,4637,3660,2150,2186,301,8753,888
8071,8935,9180,599,4333,4028,4409,1028,1611,8224,8784,5498,3749,3212,2271,5791,3543,5741,377,6027
3177,47,4631,5714,5726,215,6303,1049,1178,3690,3320,9126,9082,3890,8816,7326,9717,6734,7298,9439
740,5805,1327,6735,3678,790,1568,6357,6696,5138,1493,5859,1692,7072,1636,111,8118,6948,6753,6414
8087,7130,4064,6330,1502,7870,6843,4842,8234,9223,3016,580,9486,5923,4160,5365,5948,4178,6996,521
6882,6097,3486,3965,6803,9436,9645,5033,3883,6699,8444,5707,588,8258,3493,9009,9480,7176,3879,777
1722,3192,4688,4899,7104,8417,2342,7693,9212,2917,3776,9090,6031,9430,114,4649,155,6112,5898,2739
6370,6559,2931,1808,2028,8522,7066,6145,4016,3808,6578,7578,3751,5626,3234,1510,2088,6412,6372,5751
4715,3944,2782,4020,5435,7149,7814,878,7766,1067,3485,8439,1820,8344,6621,4408,2906,3839,4033,9147
9654,7872,180,3752,7075,8372,95,1935,7756,8308,3778,9309,8801,1637,2699,3712,7593,5133,7426,3795
9393,1514,2157,9664,6175,7861,4959,4123,4670,7331,7800,4248,1248,2184,8077,9896,4519,9429,5031,6623
4202,6135,3484,5659,7198,7947,3424,5543,2418,5281,8310,1951,993,6820,8771,2765,9523,3828,781,3339
9262,7848,9623,7773,4806,4015,9895,3951,3323,2484,1680,3413,1872,8385,4910,4464,2416,4824,7185,5810
3110,4797,3887,2548,2146,5353,1962,8381,6972,1578,4235,3494,9490,920,1145,2982,7785,1437,7805,9709
6857,3904,2891,4013,6169,8606,7961,2481,6020,456,6700,2828,7366,6091,4608,6261,395,2635,6634,5946
2221,3617,2832,4683,5059,7651,3838,8769,5634,8397,3298,2363,470,2761,8865,3031,9409,2026,3244,1300
4546,5687,5933,1412,6595,3978,7822,1479,7498,7906,9785,5632,6956,7597,8793,3894,4585,8500,6122,8
9201,9594,6890,4148,4098,1645,6383,5583,6739,651,4589,6984,9365,8767,9123,7712,7987,9242,7802,7781
5454,161,5277,7040,8817,7059,6462,4451,1428,6208,3803,1207,5183,6905,1080,3718,7106,4568,2274,6193
6380,6134,2598,7081,4198,7791,6424,7137,4752,3173,9128,4286,4973,434,1382,8765,7719,3693,9431,4334
6883,1897,6869,3036,9954,8369,8096,4934,5820,7782,5102,2802,2768,4527,597,7479,6362,5503,2341,2180
3002,730,9471,4380,6285,4407,3654,3038,6076,6693,7953,5054,5688,9299,7439,6562,7889,5961,9103,5871
4180,8956,2541,9173,4129,1546,2113,1888,3081,5191,847,4217,2137,5153,5683,4229,5956,8362,9484,5386
6521,3684,8888,9548,2048,1164,4339,2947,8736,4316,1364,1516,4558,5041,1405,9164,9851,4975,4102,8837
7473,5597,7029,3472,8244,3948,3878,6313,54,7504,2622,775,2432,8807,7935,1439,2731,5228,8973,6144
6781,9438,8917,8988,2547,7214,6331,6851,1631,8527,8562,9367,7830,5857,1726,7107,8064,1390,9443,172
9385,3433,1954,7320,3677,8770,2436,2078,8421,4014,3544,9915,1432,7209,3102,8415,3624,7188,8226,6618
4978,3805,7301,586,5311,7701,7169,7678,6989,3253,2344,8238,2228,2577,2621,393,5849,142,3724,2075
9630,1875,4703,8133,8680,7164,4566,3923,7043,7343,1191,4321,9380,1094,7357,1839,8432,9810,6294,9969
4757,6033,5945,75,6318,7803,738,5630,5649,6472,6079,9683,546,7746,7670,227,8860,6499,4182,1789
353,1190,4146,5471,6043,7123,1220,5293,6442,2513,4592,7894,7659,4095,2224,2378,6132,418,8919,890
3877,4562,6408,8718,8124,1197,3893,3017,4795,6732,1447,9622,6003,6363,7158,293,2346,8964,4344,4665
3366,8020,9077,710,4697,7671,206,1194,4626,7980,3916,7085,9789,173,8013,2605,8280,4660,2975,1331
2449,5,5404,8686,9883,6340,9741,2049,4938,8864,7860,4950,1684,5002,9775,1947,1807,4905,1898,6550
6131,1571,6554,7783,1222,6185,3709,2158,6246,633,3596,5179,6,2295,6170,8092,5501,7896,7325,4225
5338,5038,2841,8510,2784,4406,8878,7020,3976,4911,8592,4844,544,2147,193,3979,7223,4954,2679,4103
5099,9581,7855,3196,1903,4094,7427,886,402,5225,2187,2965,325,3559,6393,3928,5801,1518,5256,995
6172,2152,7056,915,6382,9565,7645,5860,7633,7356,2047,310,4904,5995,5067,6686,3653,9752,6742,7429
7270,1682,2578,1079,4497,8328,1105,2218,4315,6520,6288,900,9567,1666,5530,4936,7540,9914,3062,5235
5532,7544,1883,9932,2559,6399,6865,7218,8974,1679,7446,7986,5202,9457,9750,4983,9691,7650,7423,646
2942,7657,5711,4243,526,9023,3185,3669,8088,711,4748,7330,1073,7225,5552,5789,1507,5576,2624,6757
1876,4188,3431,8012,2554,5489,458,7695,4393,1804,187,4966,5886,5352,6754,9816,4323,7219,800,278
9582,4139,9187,8298,3488,6257,6089,5269,8055,7018,7610,6281,9444,3052,9423,6867,1418,5071,5111,2012
1477,2834,6067,3437,5006,9768,7690,3373,9412,6405,8459,7908,442,2107,5939,5270,9887,4602,4467,2766
9067,6975,4628,4211,6171,4037,8059,1598,3154,3464,8438,8364,904,9053,5600,6913,9,3352,8120,2366
7396,7391,3487,7706,2707,3263,6167,4601,2764,2820,8977,6642,7122,767,6297,2797,5016,9519,2705,976
7871,1509,240,3342,5754,9642,5618,1896,5494,3178,7565,5379,2216,8903,1357,9586,6308,6977,7481,6844
5500,8937,7777,9951,8281,4301,578,6695,8061,3973,2145,9762,5373,1920,4080,6128,258,9850,4370,924
8103,4762,8867,2881,7333,6459,5573,1401,6511,974,1905,9965,3714,8660,8778,6636,6759,6077,6592,6829
7705,9799,1904,7899,6931,4012,6099,3926,5463,6305,572,4756,267,9950,4662,6813,6046,9255,2791,6431
1472,799,5774,5746,699,4981,7086,7789,7007,3421,2005,7724,1228,1008,2886,8418,4306,6407,5838,2594
4520,4281,9220,8453,4979,8777,9555,6661,7958,7376,7292,4466,2606,106,6968,7559,5974,6943,4807,6355
1661,7835,4454,5620,2500,5775,365,5242,4174,9207,1683,5123,3716,5356,4845,6398,2691,9927,1005,8423
7874,3636,9383,4484,9659,2767,5628,6547,5090,8442,6245,115,8379,6371,2660,268,6214,1275,1539,7095
825,4578,6035,6056,9770,351,2890,9834,7478,8958,389,8626,7340,8023,67,1790,4658,9790,5108,8766
1891,3427,6684,3947,2999,1336,4212,5297,3310,9359,7888,1104,5193,863,6455,2007,7979,6496,2696,3672
9370,6713,6628,8311,7619,211,4161,387,7718,9615,5664,7897,3992,6078,7932,6154,7731,1125,9745,6819
2717,9720,2394,8548,8798,6590,8877,774,198,3649,4367,2902,4834,1654,4829,9997,1057,467,1784,3740
4610,7714,3998,3151,1175,3124,1845,6715,8880,814,4733,4005,8805,2836,2582,4843,6722,1671,9864,5656
6310,9566,8967,1551,7890,4648,7342,1060,8089,8325,7915,3625,2382,7886,4878,3490,2504,7152,894,6017
9579,9478,148,5524,6766,9037,4588,9504,1957,6963,9192,192,157,2211,9584,7648,6446,7810,5424,2422
2800,3931,4443,9204,4742,7435,5044,9982,7858,8537,8995,4711,3491,8750,987,2167,4781,1004,638,3024
8035,3888,3792,1325,6307,8141,1215,380,82,5752,89,2647,1738,2462,2556,2460,2277,7940,9203,7115
6531,4820,7808,7430,3149,7869,4971,3844,6548,1566,6627,8746,8927,6953,1635,8144,5668,5307,7625,3578
1269,4421,5135,6484,183,4914,6311,297,9882,1550,4946,5249,6885,3536,2377,5143,7360,5806,9854,1600
1087,7428,8554,3125,9651,1310,6743,5767,8058,7697,7587,3000,5988,8197,8740,3533,905,3467,7289,6892
4972,3902,9700,2242,2840,9271,5528,1853,2833,7295,9327,1431,4249,7944,1234,6352,2269,3535,8250,6202
5904,5765,1650,9674,3418,3813,4915,2831,4567,726,5629,4205,2349,9379,4053,6248,3680,650,9257,2310
9283,2670,2848,3137,6441,927,1258,5880,1593,7253,9229,2951,7111,8617,6094,7866,9633,6284,5092,7901
7994,3562,5944,8700,5670,9116,5621,7060,7381,9021,3584,6179,7972,204,5996,4207,831,9065,6534,2061
8581,8079,3006,8313,6026,7851,7655,2032,4550,3981,6387,5723,653,8227,2939,7144,7284,4727,2994,8604
6678,160,8929,6573,5371,7711,5674,6463,6523,326,7350,1945,6397,4768,3469,7242,2079,5259,3314,2372
1131,8401,8455,7850,6563,2166,8598,4215,1422,5217,8354,1065,9800,4498,3144,3307,3983,3571,5544,5080
1966,2080,4926,6643,8934,671,8351,381,2129,5274,809,3197,7282,1394,6998,96,9280,565,8301,6436
7740,61,1216,5884,7748,5887,259,7273,7121,2036,3613,2676,3237,573,1842,8570,3982,3503,5291,2535
9638,5931,1358,1165,7804,4530,9510,2576,3306,9161,3114,3198,866,7363,7136,3422,490,9089,2239,3211
9825,3398,8139,3735,4790,7,6527,3333,1129,2807,971,7514,1184,1226,7709,4620,2298,7398,5432,4258
2862,6558,3909,7661,3319,3479,5490,4463,621,5594,9571,569,7535,6663,9458,3141,196,2526,2551,728
4501,3868,3929,7091,1922,554,21,7546,5827,5052,3430,5729,5928,1678,9877,6567,8688,906,8389,5984
7183,6785,3698,3573,678,361,7536,4152,8847,8495,2403,6108,7582,348,1492,4192,2132,5185,6497,4026
2876,842,6746,595,8625,3123,7402,9530,4431,6343,4691,1558,7691,3146,834,9771,4489,4939,5221,4147
4311,9196,6433,5921,3786,7251,5203,6391,3377,1644,7629,2215,7541,8708,2521,1565,5712,167,5332,11
5393,6784,1285,1278,5086,8200,7252,6439,5093,5411,3550,3674,2175,169,5037,3193,1152,7071,958,3797
7913,113,4802,9522,2318,1576,6351,8377,2057,5333,312,8854,528,414,4811,34,7465,3065,969,611
4430,9057,2829,8062,1882,5885,6879,427,4632,6677,1652,674,3299,5087,7856,2746,3410,1998,4882,8097
8102,7601,4764,6848,8721,5345,7772,8716,2880,165,8457,2943,2849,7859,6010,7208,6283,7287,9984,9163
9336,1046,7206,1534,2555,9978,6312,882,2360,8882,1056,5272,8164,2665,5074,3324,6533,2323,5279,2564
5577,8609,8776,6932,2139,127,2065,3369,2838,7591,8835,2411,4154,5049,6921,3388,3264,7653,1199,4415
3360,4526,5464,2447,2457,6102,408,5170,2095,1163,7969,7436,7028,9754,5397,5062,8640,8577,244,2771
1719,8576,2574,6711,8747,7672,530,6115,1873,2183,9708,8166,3443,2542,9374,5053,9496,8265,5378,6728
8382,433,8348,3611,5953,1120,6356,2204,9137,9209,4772,3281,2533,749,959,9084,2960,8814,3242,3950
3666,9456,9546,7162,7500,5514,9721,6196,3912,8507,3358,4435,9019,5362,7268,9508,2916,5949,2409,6498
8755,8398,5360,1983,388,9562,7113,2302,5993,1559,9433,1114,926,6401,6703,7470,6539,8039,8296,8303
2127,3348,676,9419,3875,8005,6464,6451,4789,4214,9672,677,8464,8504,9378,1885,5862,2230,5344,3679
1846,5268,8272,7571,8921,9911,4110,8347,933,816,3913,2652,8841,5377,5459,1660,9628,52,7415,2185
2073,2883,9529,1400,7139,8208,1330,1140,1901,8486,5493,1271,9847,2980,487,2930,9028,8171,3594,7385
3346,4165,6085,8343,2053,2451,3606,7939,645,1314,6535,4132,7355,1361,3621,1773,1093,720,8909,8727
1814,5653,2729,2508,2334,6651,506,3853,5273,2703,7522,9063,9142,743,7617,6475,4580,4197,9722,7008
3414,5942,7615,1721,6250,8567,5745,1235,7324,7555,7451,4851,3537,5194,1387,5734,5369,8743,3105,9517
7525,7727,692,363,8232,9727,5693,2021,6454,4142,8810,1423,7547,8026,657,8134,6568,239,4991,7898
6662,1308,7173,994,9901,7039,266,7339,7414,6300,1797,4883,6345,360,4,3574,8193,1608,2751,4018
2044,2877,6222,191,7955,5433,7823,793,83,5788,6685,6317,9494,1588,3658,7649,5466,5834,4120,731
4319,4320,8481,5095,8985,4571,1656,5642,2389,9360,9780,443,1117,3374,3821,6920,9913,3516,6023,8217
7589,1230,9313,9738,6149,6347,9240,8970,2520,2231,5937,2016,3701,6837,8210,7341,7080,9081,3783,6649
5868,7891,4643,3085,8152,306,5429,7643,3167,1155,4302,7609,5343,7921,6536,1029,6477,2168,877,7516
9417,3145,8725,5690,2321,792,7090,2252,6965,369,4140,4226,1052,1881,6344,7793,7699,6314,725,7294
947,7527,5161,7613,5790,1210,9509,6263,751,8890,5412,7238,9287,4394,7564,8190,9138,2515,6836,6365
6831,7903,6939,2427,3846,3683,4471,6032,5699,305,1625,60,1816,962,619,7367,4176,6952,1689,980
9193,6620,3953,4808,8249,5541,5392,6723,8806,2788,7192,1972,979,6417,5959,7407,1777,9473,7485,5840
3029,6508,3175,6751,1368,8780,9300,4996,2843,9532,8881,5747,1626,6880,2495,3032,3919,1159,2550,8530
8741,8242,2944,5841,3833,4994,1867,8546,7673,567,4245,2698,5969,2563,8338,1711,8462,3829,9576,6856
5899,4222,7458,6597,1101,5920,8873,1850,8508,7321,231,2855,1634,9236,6895,9870,3048,1135,3995,3118
8025,6674,3161,9230,6710,7832,3213,6039,103,5817,2002,3359,9092,1374,594,3439,8797,9784,3411,6143
5055,5983,7304,7970,6542,9802,3551,9919,5803,4268,1236,8685,3896,3661,2617,105,7875,6683,4179,7453
3316,8661,7660,7098,4730,6917,8791,1724,3761,6047,9487,1693,7204,186,1834,1525,3793,698,9844,7069
3519,8196,2196,8914,6647,136,2293,9751,7849,8068,7787,9803,2350,9923,4021,5100,129,7394,3312,3392
1054,5557,146,5327,1725,6613,7549,8872,5918,5696,4848,4400,8681,776,748,3736,7174,73,4897,4906
8677,4719,4819,5981,3331,7882,4041,6846,556,9451,7914,5184,2393,1048,321,3984,3609,549,1974,2130
6911,8057,568,8340,313,587,5922,6126,876,5662,3090,9386,4046,6055,35,5061,120,7266,5685,2722
7154,2643,3760,4655,4830,3078,7677,6411,9836,4090,74,2558,481,8408,6861,1688,9469,5535,9106,6164
769,8894,7132,9826,3899,7057,2069,8447,7867,9036,3272,2642,1406,223,7813,7249,3063,2977,3881,4266
4291,7083,6419,5891,7443,6228,7788,6729,1894,2589,9507,5545,8944,5934,1033,5663,3779,801,8219,9074
2011,6254,3567,424,1193,8461,91,9943,9162,483,2226,4720,1657,2845,3856,1062,3121,5708,6260,2735
4276,8132,2631,9390,6223,1469,9468,2241,8764,3190,4548,8359,4267,8824,1034,9018,7548,8253,7865,6790
5206,8084,7093,8336,7269,9005,4511,1563,5284,6906,6150,7345,9323,6561,1007,7950,5929,2987,9938,1018
3631,4262,8742,1108,3230,1844,8460,8051,8849,247,3117,2871,226,2176,8514,4322,5367,5980,9420,6366
5772,8600,756,5212,4433,4069,6152,3635,8983,5757,1766,6899,7977,3219,7413,8874,3143,5986,1934,27
7679,3120,3202,4357,362,1795,6814,2096,6934,839,9687,6509,2937,9501,8800,5215,3993,4786,3563,3816
2612,2762,4739,7853,6872,7416,802,8437,8706,3093,8309,8191,7700,8241,9418,3285,4035,7532,3607,1497
4940,1272,5257,7314,5588,5814,4623,9928,6479,8587,3291,6241,7222,2434,6158,8607,1476,7492,7368,9714
7812,7227,6349,5935,7925,5427,4767,461,4597,3072,6702,5426,845,5198,7836,1703,323,9917,2024,8695
577,80,3400,5140,8593,2353,6761,1069,5265,943,6763,4982,6992,4618,623,2381,2492,9905,4244,1832
1677,5444,2233,9779,4318,5453,7232,7303,4804,3481,6860,2706,9320,9156,4583,4861,3271,1459,6507,701
6721,9920,8991,7359,721,3517,8939,9052,1996,1938,2045,970,7437,7361,7843,685,1283,7929,1769,3561
7077,7667,4607,3595,9563,9491,8484,8930,6337,1730,4664,171,7776,1442,8248,9956,6251,475,8031,8222
8707,560,2570,1847,540,5154,9884,8466,8828,9939,3337,8221,3106,8952,9078,3633,753,3084,8368,4039
5224,7528,6468,9588,1648,9118,4282,6084,9011,2420,6231,3057,9168,4949,1443,3134,8052,6866,2155,3727
9349,6062,8980,666,2308,583,6042,4761,6740,6273,7496,1649,8833,3809,9985,6852,9852,5830,919,4869
1051,5845,1020,4866,5705,4299,9609,4986,1691,8494,2051,3194,4138,5147,9055,1791,8550,3,3504,6116
8374,4377,4353,9533,4391,3582,5312,1959,8538,8467,5152,9744,5167,3407,8762,2748,7239,745,7992,357
8578,1292,6619,6460,9987,4295,5005,5658,4181,3269,9481,1356,9049,7488,9991,7170,4061,446,2023,285
1655,1710,249,8726,9120,2122,1260,5637,7968,9427,5962,7829,2223,1914,7369,1647,9010,2437,1085,8380
972,5676,9087,4616,7616,6692,480,3047,4029,8046,2085,9145,4816,6051,4307,1663,8148,7052,7011,2003
5208,8093,1523,7236,9467,9863,1465,9924,7603,3365,8819,7725,177,1620,7450,1609,5295,8323,5807,4859
28,9259,2478,6569,1485,4743,9140,8186,454,2630,185,3790,122,9763,1787,7319,7418,5418,235,8158
8048,4324,6025,4822,8367,3732,1720,9813,5844,9062,2953,6738,2136,4240,6276,8549,2875,8091,787,50
4460,213,4812,2115,5354,873,6827,5531,553,5858,1471,2955,1870,1877,9080,3328,9428,1629,2315,3131
1811,9936,1696,9155,3483,7318,2852,5409,7424,8045,8531,9188,8361,2284,6586,5731,4459,4945,2419,8491
1533,7272,7397,5389,8960,9619,8815,7201,8349,8594,2637,6604,9085,3865,2726,722,956,5599,6218,3440
7627,7265,6812,9231,4847,8032,9211,1515,8915,4705,7538,3969,3933,4921,9792,7717,1624,4818,7743,7194
7203,7349,3383,4734,3622,8868,1699,2046,3387,2210,4341,2258,1399,7833,6007,1912,6589,4054,747,1911
3236,6127,1451,5364,7550,1208,9673,675,3681,6817,3381,7299,9239,5559,4257,3756,8022,342,3785,2701
2645,6632,2545,8468,440,6574,5717,2471,2329,355,2018,4345,7825,7243,6640,1326,5396,4943,7275,138
385,6935,3863,9363,5517,5469,6717,6466,8544,7293,2456,6690,1181,8127,6306,7346,4557,9840,3255,8314
1012,8803,805,1547,1367,7508,7494,4896,2611,9596,5467,7531,1045,3181,9644,7795,8976,9051,473,88
985,271,4228,912,7184,2273,6541,9226,2583,8664,7108,2859,4337,668,574,4569,9305,9330,8731,254
4059,6845,9339,5159,1992,8184,463,807,9485,3696,8237,7631,3713,1753,8269,8017,9141,7021,1623,6448
7078,4513,2756,1369,9839,8639,3334,330,868,7815,5391,3321,3900,128,1837,9477,2486,3051,1826,6576
5008,2374,6881,1714,8278,4706,2757,3496,8735,6265,4073,9516,9729,6501,3278,2370,2182,56,4510,471
9736,5342,132,3071,9178,5508,9024,6967,5417,9996,9387,6336,5999,3871,5117,3022,2421,8910,2700,8871
421,6105,1171,9117,228,6978,5101,2161,6824,4667,372,9535,4695,2779,3720,1759,5048,804,2539,6551
707,7247,8651,9668,5850,6919,4143,5104,3707,4145,8131,6610,9827,3273,3240,8987,8009,1436,5219,6849
4093,3434,9512,7112,4206,1084,4233,9248,6904,9267,7216,7640,2966,9403,8959,7138,3608,8420,1281,2925
7092,12,7909,6421,423,1786,5370,8690,4895,5136,9174,3428,2591,7351,3820,8515,999,563,2584,9097
5987,6698,1348,6118,9195,9115,3502,1831,4613,3935,5421,6970,6946,1212,5317,2412,1150,8121,6694,9364
3389,3142,5824,8142,2035,7737,5781,2929,727,1402,844,1785,5585,9947,2443,2461,2202,4027,1195,3259
4590,702,6486,5199,6341,4543,4827,5854,716,3150,1869,4793,6165,3725,3086,379,7472,992,8028,6582
3553,8477,1323,4363,6147,8829,5178,8243,345,5402,4810,1585,3985,5461,639,450,4314,3527,5992,8783
9256,290,4514,4121,2400,1774,6925,7489,7611,499,9221,951,7120,8596,5166,4009,6941,812,9338,9682
6467,1775,5244,2013,5022,9858,1985,3187,4788,292,4153,7383,4630,203,9968,1572,6104,7887,5773,6240
4776,6712,843,3097,1505,1490,1137,7662,8086,78,3166,2099,7780,3498,6810,3376,737,9909,9544,8116
137,5536,7195,7809,7031,8251,317,1825,2160,8487,9434,3100,2749,8294,634,3891,1201,383,4839,9602
8858,5477,7024,779,69,6232,3113,4927,7707,5009,6878,1670,5027,7608,2311,8895,4676,2957,8229,2650
5278,8001,2468,6900,7246,1582,6916,2402,2465,7103,6799,5451,3560,7864,9711,2964,1535,1965,5882,4612
7604,2324,2604,7003,335,9976,8653,2805,3380,545,1166,4270,7588,4305,6429,4893,7114,174,2142,4077
3641,4909,7373,257,8933,8383,2501,942,2811,4962,7923,2114,9291,53,5669,6083,9166,3025,7022,1411
8536,5335,1240,8502,5563,535,7580,7722,6327,4106,8523,294,6335,4375,6988,5994,6616,5337,552,9160
8109,2313,4796,5415,2505,4886,4118,156,3409,9632,280,1744,7146,6962,5007,1218,8951,2232,1658,8047
1687,1204,8852,9400,46,8650,3353,2903,7161,8855,9176,5863,1767,4888,9812,4898,205,5582,6301,1267
6237,2077,820,910,8160,7362,5250,7187,444,3107,6121,622,9782,718,3970,7917,7050,9411,7837,9625
6811,4635,16,264,4646,9748,8073,2801,1709,5439,1289,9865,3814,8961,1043,1219,7838,1478,2467,2882
7730,4485,1430,3917,6385,1309,5245,7966,6999,9640,5057,795,750,2031,2083,7145,8642,8448,4855,7229
6216,1134,2070,2424,5924,8926,7389,2607,5591,7742,9228,4253,1172,3495,3406,2052,9445,4047,9636,9410
1063,2641,6936,8682,5065,3020,2433,5413,6804,1294,2958,9952,6774,7799,8129,9069,7281,5063,6402,7557
9454,883,6156,7067,8216,6177,3521,2246,9648,7337,9441,4066,4486,4092,497,71,1128,1440,8732,5856
3301,5951,8590,9945,5287,274,511,6560,901,7586,123,7764,2952,1214,4385,2664,9843,1371,1700,6608
9515,9676,7444,3460,9798,1783,2738,8715,9902,5050,8941,3857,746,8870,5592,8557,5566,8659,537,2435
2588,9288,316,5822,8006,8029,6140,9035,2984,6927,2814,4044,4617,2734,2747,2309,1931,2376,785,152
76,1280,7335,6540,2523,6403,2248,1064,3811,81,5280,8620,6130,4559,419,3152,1778,3241,4644,4246
7417,7927,5802,4482,4252,3023,5043,1862,9728,4815,3054,7669,3438,9025,7226,2090,856,9244,4159,3643
5727,7196,7981,7920,4675,7905,4317,9761,2683,6725,3001,4731,8671,4661,6657,9696,5276,6368,3525,1346
8505,5004,2692,1758,757,7786,8701,9189,1393,4034,182,922,7572,9045,7179,8419,9185,6375,4042,964
7322,6280,1332,8498,3101,4961,7827,2945,881,1224,2438,7692,4304,9853,715,4500,608,4969,2687,2060
3345,2724,7644,378,4043,8195,8135,7605,7190,8945,4065,9661,7336,6688,3482,7410,7957,9660,2654,9500
5325,2072,8971,1667,2534,9495,1167,92,8555,6809,6887,6038,9440,5151,4777,5525,4096,396,5896,1554
8863,3612,5883,7274,857,4698,7842,2220,2025,6985,6805,8781,1964,6302,7553,1575,5784,6377,7073,6701
4019,4561,1030,8774,5160,6575,9772,3449,6530,8613,4997,3920,2586,7124,4686,3446,612,9213,5976,4413
3723,3987,2781,9070,7521,1261,691,234,9666,3939,5046,3076,5264,251,3073,9557,9739,3454,5833,5492
5721,5568,7378,2740,5113,4426,5879,8675,8931,3061,3370,6697,8204,8720,8658,3910,1040,6182,2926,2905
188,2087,9405,275,846,990,8635,195,58,6080,8775,5811,5275,87,8896,1653,7047,7002,4841,5955
2336,7688,5695,9598,7797,2872,539,5039,4354,1342,3340,889,3371,9620,151,1963,7733,9617,4474,8033
659,8236,6980,5907,212,5954,9298,1072,9186,1414,531,7675,4594,8187,5839,7624,8899,8299,1153,7074
9756,9002,7885,9216,3583,4475,7182,1924,9559,4444,9831,438,7016,4987,4540,4104,4422,7327,8140,7388
2708,3235,5186,6780,5339,8823,1417,86,2810,9974,3908,1339,1768,914,9442,166,5158,8178,8198,4209
4194,5865,217,3108,4025,9953,8826,6676,6807,1596,2552,5383,6679,713,8558,813,8636,3757,2909,8446
3903,5562,4478,8346,8848,7408,8545,9823,2750,63,8388,1529,9407,8712,5475,3004,3112,6465,7996,1848
6361,3396,5173,4136,9578,6733,1659,8366,2850,8556,3941,1907,8657,1298,1866,8324,4584,3580,8290,9222
1347,7847,57,2162,4745,1602,2681,4457,4329,9270,5978,4600,741,420,2721,5496,3391,5749,9415,1748
9199,7841,3225,6492,9962,1746,8497,6148,6049,8989,1350,4220,9833,9071,8589,6506,8065,2337,5289,7626
3819,1909,7023,5320,2397,1818,3886,130,9046,6705,8962,7483,8710,7720,2898,2386,5504,8982,1146,4336
1953,6315,1771,8942,3825,6609,4462,7448,2236,735,5236,4378,9198,8350,9268,8610,5893,9677,9029,7585
8050,4988,8107,4113,3425,2423,8674,8176,8802,3729,6093,3067,9040,4709,2632,4642,4056,2601,617,4423
1908,9076,9829,7951,7422,9470,5540,2250,5561,7760,2205,4805,5905,9705,2675,7574,4723,8475,5706,2181
2262,9408,7681,5914,944,2058,3277,8490,489,3478,5484,2345,4187,1995,8192,9892,1549,4536,3248,9980
6990,9958,5251,8663,3232,1541,3791,3170,2812,3091,6789,1952,5084,9341,2920,2121,5627,5410,5406,4404
6350,1745,9448,4283,6388,2414,3477,2580,3042,5667,426,3671,1482,516,3524,5511,8373,8940,5873,7744
4880,9723,5416,1800,6637,2816,6186,5521,6098,2019,5232,9152,2487,8404,38,6500,6933,7505,8547,7477
8728,9044,2177,8751,8156,1111,8441,6585,8043,9317,2064,2992,93,7364,2561,7907,5613,8018,2518,6194
8407,8529,6230,5740,4556,9318,9135,9574,829,2956,7099,7420,2276,1083,3824,8038,5756,5018,8211,5795
8411,1802,1923,5968,5105,3238,708,7160,5128,6912,3014,435,6707,8887,4195,9580,7395,8950,9601,2214
9254,2425,1950,7732,2198,4925,2390,5797,9712,948,1427,557,7518,4239,486,8076,7215,4801,4707,2098
2154,977,9328,9129,7949,8110,4424,2201,6409,8629,6221,144,4060,3350,1918,4928,2128,9072,2976,5682
9455,9406,5610,9136,8293,4785,3599,5780,2997,6993,3557,3538,5548,840,8605,4817,5720,2094,794,9167
9355,822,5957,1429,2934,4794,4714,975,508,9526,491,2867,9788,8739,8416,4251,4089,1403,6153,6247
1157,5652,8820,2572,7646,5395,8630,3008,8037,145,2453,9001,9966,494,3254,9647,819,7634,7758,7883
935,803,4398,3103,1836,4022,9760,9804,9906,2780,522,9585,8405,7377,3949,9725,4920,7010,1849,8788
9842,1081,1001,428,2369,62,5848,515,9693,9614,797,9058,5655,1499,147,4346,3308,9218,9088,1452
5460,5786,2027,4383,988,4397,9931,2854,6096,179,9476,6580,1760,403,6903,6342,9312,1091,931,1765
9593,2861,8284,5190,133,9332,7058,2595,1317,5000,3647,3511,8021,8925,2959,5419,4507,5607,1259,8851
8723,3055,1955,7280,9743,3512,8595,7234,3841,1815,9143,1810,4171,1843,8968,3766,1878,6364,6816,9012
8691,5744,9572,9607,8580,1299,7019,7916,9879,3169,5122,2459,9177,6635,5478,2940,4452,7753,8918,225
4953,655,7445,9949,7537,9539,8240,7475,7674,566,3639,6396,8149,5470,628,6666,1255,3787,9818,1723
8485,6656,978,2711,7900,8907,9449,2256,5808,1642,8205,8572,2289,6367,3041,2476,6519,8254,9020,367
3019,6894,7984,5473,3586,642,6256,7015,2384,8631,3650,2590,7761,7710,6390,4189,9075,2203,4126,6769
9587,8832,6871,9542,9707,4446,967,4263,6282,8534,7561,9489,5381,6217,1994,3349,1026,7482,2440,4297
579,2995,712,3417,9718,764,7736,1435,6162,4700,5570,7840,9868,3474,8614,286,8996,5542,9121,7459
8699,2042,1522,8758,8542,9346,6870,8235,9631,8471,5368,3239,3172,8207,8424,1198,472,6981,773,3099
3852,8809,8106,1229,1249,8599,6034,9944,4392,3670,307,9531,4470,4349,4177,7590,6019,6605,5326,9692
9134,2131,3227,170,2189,4472,2442,2119,6922,1042,6669,3715,3788,4351,332,3956,9157,1070,4048,324
6225,6731,5586,189,9624,9165,7794,3228,9241,4663,1446,3806,9113,2141,1273,498,8932,6211,1979,1383
5103,1185,19,6298,4381,4746,3287,8722,9316,1092,2206,2108,6995,9194,9641,6833,2596,2193,4325,255
6065,5546,7012,311,407,5947,7079,4690,3288,4525,2317,5998,8972,1388,9154,4356,884,8711,9735,1695
681,3646,5321,5125,252,3256,112,8214,9127,8946,9811,8044,4976,3598,4903,7918,2528,4791,9499,7511
9334,1890,6654,2463,4871,9552,6338,6673,7545,8647,7277,9960,8260,2430,8201,2894,2688,4112,640,7180
6645,8353,6006,9008,9266,982,3080,7715,5793,8812,8738,8066,4364,4504,9272,6413,3083,5450,5051,8749
4765,4384,9698,9492,364,8724,8813,9006,4293,1409,9463,7551,9616,1921,5363,5739,1174,5520,1806,9903
2264,4872,1638,1742,8434,4856,7863,631,7798,1021,3378,9686,7166,3037,3317,8713,4149,2008,2651,1268
3784,3075,1265,6458,6082,4186,55,7358,7244,7747,9110,8979,1256,6252,9375,2103,8330,9639,4554,272
5673,2294,8668,2396,2716,8611,8861,7811,3637,5255,8212,2237,2485,810,3375,4499,1595,7379,4901,8015
1407,3734,9047,9446,7332,9570,9350,4274,8953,1906,2076,7142,9389,6638,9109,6553,5911,9869,8173,6556
8857,5238,9856,6087,7654,477,1971,8436,2927,2089,9979,3996,9667,2431,3497,6772,9746,3045,1805,6681
3798,998,318,2694,784,7768,8007,7347,6119,7741,6445,3936,6015,7819,200,7873,2655,304,6924,3367
9100,3859,662,6532,3214,3640,5085,229,9550,4960,1794,6907,1074,3351,6028,392,6762,7042,7702,5064
3276,1860,8333,6279,8011,3416,4684,9022,9573,527,5088,7877,6137,8602,1591,5306,5456,4701,6598,9219
2266,462,591,9251,550,5758,9961,9759,2684,9900,9435,6198,7449,7879,9537,8509,283,5445,7344,8799
5346,4699,601,8157,2941,2219,1977,7441,3823,1526,2100,220,7680,337,9381,8445,3468,94,7126,6220
6818,6443,9521,2532,3257,4169,9967,6859,3771,9822,9846,1763,8957,2362,1221,923,6891,7852,5624,8386
2538,7237,207,604,4079,8435,3540,1316,5438,9787,1664,2918,1594,3898,8406,6682,9096,6461,7131,1176
8315,3011,8745,7305,8789,7097,1751,7577,3880,7110,656,3092,6979,626,4365,5691,3885,1071,1513,7248
3889,9466,1597,6664,1217,7579,7503,2104,717,1206,755,4838,4887,4360,7641,79,641,9874,1984,8920
909,3035,893,996,7991,9004,5305,6543,8393,6166,8470,370,1607,853,697,5842,8427,9701,5011,8218
6000,968,5639,2914,1669,848,5047,5387,7818,1500,5643,6800,5347,6744,2996,3542,6271,2557,2868,1090
3405,5979,9643,7573,3850,2140,6983,3077,1536,1291,9926,9610,3555,9793,8990,4405,5909,8692,6138,3471
6045,6286,5698,2536,9214,7061,1733,7004,7982,9618,7044,8804,7656,1562,5375,2864,8998,8270,2074,410
178,1116,8081,8831,945,1445,5298,903,2399,9111,9916,2410,6081,3921,4241,2923,6668,1126,1698,5875
1812,2786,5625,2111,4402,2247,2020,5148,2733,4747,7974,6072,256,2753,6438,5855,4923,8095,3532,3873
4657,8714,4355,1290,5195,6839,8378,9125,7006,7464,5316,1251,8586,1809,9993,7425,2851,9321,3329,4884
1433,4549,6639,314,6633,9990,8696,8928,153,9315,5437,1470,3597,9343,8901,5180,6373,4547,3667,918
8181,9447,8291,9957,3614,1772,6584,1855,4918,4645,5764,4951,6163,4506,1717,6184,7205,6960,8884,3361
9260,7988,6110,3721,9908,7102,8583,119,1917,5260,6036,9091,9669,2860,2725,3300,2243,8409,2792,952
4603,3315,9286,7285,5733,1013,4814,7904,2741,9337,65,1241,6793,8533,503,2858,3284,1173,9265,664
7096,8825,4577,3664,8969,6727,9264,571,1475,9098,2680,8978,4570,8365,2773,6614,8886,8840,7178,7134
3508,5336,1976,6018,9275,5127,3600,6724,7845,1378,3518,7512,5505,1543,3652,9859,6513,1716,4533,9678
8387,3179,8262,368,1619,5650,7141,4732,7824,1038,2730,4619,8866,8588,5157,8245,242,6565,1617,9528
9613,2682,1419,6750,4560,7036,8003,7070,6054,1579,2212,287,635,7967,7964,7607,9285,2553,1592,2251
7973,7419,826,5547,1813,1025,6884,303,439,3966,2357,6358,8282,9326,778,652,1353,1589,7037,9860
1420,984,4491,2873,6626,4718,4155,897,9662,3012,338,5384,4924,4338,9604,7568,9302,1486,8392,2689
2921,4340,1892,2658,871,6457,9564,1324,4256,1395,592,2010,5318,9749,2915,7628,2199,8633,2490,5480
4326,18,1701,4436,23,340,51,1182,2770,6201,3994,5082,2853,680,8063,518,9795,6641,7533,265
6453,9590,2613,1320,1154,6822,3304,3163,6188,8984,4216,9356,5638,9094,5171,8869,6795,6159,1697,8489
230,5110,7433,7945,2385,2895,4085,2912,1603,9556,5390,3526,9026,5769,4689,143,9335,2358,9791,1615
7556,9394,1132,6801,2446,4998,3831,2743,6146,116,7639,9139,5210,4260,9806,7751,5283,3728,4865,5075
2473,9786,2686,8827,331,6902,4826,2022,1059,1370,394,2776,7575,9558,4539,768,5776,8199,9322,2338
4493,3616,8654,6823,2138,6117,7524,4542,4448,1496,2988,7200,7466,895,504,6714,125,5134,2110,9289
4744,9497,6133,8862,4386,1887,4310,1250,5602,2587,1614,1307,1788,4449,8616,8603,7952,4330,9821,154
1756,5812,5612,6334,1254,1421,7082,4782,7316,8341,5516,4740,1685,9153,8040,7943,5182,7159,3710,4990
9837,4445,7212,9453,1618,8412,1910,7495,1902,4373,5964,6333,9649,2737,4151,3782,5483,5230,1573,1213
858,5550,7941,6012,9972,7026,7801,2404,6304,4641,4032,13,3139,5672,1301,8632,9296,7231,9233,4868
8779,7946,7454,4831,7210,9232,3815,1037,6422,9333,1857,8312,6764,2919,1803,9553,6374,1928,4008,7893
5684,77,8704,2493,9753,7421,4779,3726,6212,3059,5622,8637,5657,1302,4227,9402,8225,9003,6195,2339
9342,5487,3404,9862,8916,4944,2213,4261,3915,6103,4835,2225,5162,1864,9964,8993,4221,2408,8098,4892
6667,6929,1968,6606,700,3176,8399,5491,7447,1622,687,690,139,7839,30,7637,445,6877,7502,2068
6607,8845,5846,7434,9395,9190,7584,194,8579,7480,5366,2714,1776,460,4575,9733,9290,3554,8811,8643
3711,921,1915,7257,9681,6555,6346,6139,9107,6204,6544,9452,5753,8480,7881,4219,1940,2288,9702,384
1750,3932,1279,3247,118,4931,752,6050,7820,2445,5869,6434,5045,6771,9276,7168,9767,4749,1343,1169
9310,644,2629,5066,5234,5538,6024,6073,9398,243,6806,4760,4465,3705,9774,1863,4555,555,9897,8773
8644,3357,8054,1743,2568,5645,7457,2120,2286,2282,9514,3515,1457,9937,8450,3267,315,6233,9543,3514
8285,7401,4984,7975,6545,7606,9474,892,507,4453,9981,5796,2364,3818,343,5014,9324,6792,6976,8307
3870,6469,6959,4082,2133,6940,6510,667,5405,1425,9396,3354,6826,6267,3861,3082,1124,3270,4343,8027
7930,2519,6603,5636,2179,7486,850,7213,575,108,8030,101,1835,5709,4107,222,3053,1392,9817,1376
4130,6888,543,1521,7919,9583,841,3758,1284,3205,9599,7515,6339,3343,3028,2763,2030,9998,9234,5973
2109,2778,9680,1467,6360,6239,1335,1156,4913,3999,4300,2742,6898,6749,3403,1498,432,7263,3731,9304
4075,7902,7119,6958,4769,2135,9066,5012,1138,3274,6415,9918,2458,3665,9764,973,7960,6768,8358,576
1,5680,9637,4725,9493,4941,2888,6974,9182,2417,9732,4528,7844,4813,3066,5551,1177,9841,9626,3204
8836,8300,1488,1088,4708,5553,3168,5216,1142,4611,2067,2981,1115,5137,5554,5819,2190,9758,2728,2428
7197,238,6538,2268,4980,561,3884,6777,2163,5263,8628,6896,9888,8456,4070,534,3530,5537,7963,8540
5442,2713,8375,3372,7807,9215,8010,8900,2710,6675,5058,1360,4502,3262,1616,4993,1754,9347,2924,4625
558,9303,1606,4544,6125,9282,3379,6059,299,3245,2822,6875,8623,9041,7228,8768,7816,2507,3967,5303
6016,6074,5581,5728,8702,7045,8304,2627,8425,1365,1351,8818,9809,4074,8305,2066,524,6955,9205,7259
9855,3231,7687,5322,1449,5665,3325,7411,682,6323,647,5534,7721,9551,4488,8004,3445,8564,8074,3465
1264,8194,9183,5112,8321,885,532,3286,9034,5975,7100,9503,8396,1504,3972,5523,6720,7317,6114,4758
9988,7558,2043,9278,1627,1127,3545,821,7371,3505,8565,8943,3157,3826,2257,5348,9502,9591,6187,9524
3822,8111,9815,4787,4735,5252,4284,5804,733,9217,7088,8618,3195,5704,4124,1948,596,3602,9657,5163
5837,8067,4068,2118,9549,1066,9250,932,4753,3027,9716,4538,5201,9475,2401,960,8099,937,8431,771
2610,2469,3461,598,6747,630,9904,5892,8966,8569,3603,4175,2240,3804,3451,4157,4908,7676,983,2041
1055,9042,289,3174,4231,8667,5168,7062,9894,533,3368,6581,5794,5399,4116,5507,6665,4833,7186,2322
3297,665,279,7258,6840,6066,66,495,7101,3199,9108,4750,8267,1333,3753,761,4122,107,7922,6155
25,7965,8821,7895,3697,6964,835,3942,3501,3155,8275,3847,870,3971,3699,8794,3364,1372,3201,783
4117,341,4674,8155,2644,6868,9422,5743,9805,6691,9247,3592,8737,2112,709,7118,1517,269,824,451
9245,6600,3750,5644,5750,4656,939,8543,5571,8276,3695,5900,4728,898,9227,4516,6481,7728,2280,4860
7033,6622,5285,4974,1599,3068,4515,693,3156,8357,6644,2744,4328,5660,3601,5431,4505,1450,2448,2633
6425,233,3897,1119,5912,2775,874,8297,5176,7276,8905,482,1639,4416,5443,4535,6142,3463,9690,519
7374,5414,7745,7934,7762,4891,991,2562,8286,5188,1841,5843,7403,6227,9875,2794,4965,4481,9030,2063
4425,9281,6243,1495,4278,3737,4685,5441,736,5601,6779,5821,1039,413,1480,5681,3303,1705,8913,7563
452,9747,3200,9776,3843,2352,7778,6783,7055,6503,8449,3907,7493,6168,9235,5614,4823,1483,1868,3869
5870,6830,1556,4396,7286,6291,8413,2989,8082,2666,4650,7313,104,5388,2973,4203,2004,2826,3638,3980
9520,3851,6986,3687,5331,5474,7995,2969,5829,2818,5472,6101,8185,8261,4640,9881,7063,126,6488,7499
6858,8100,754,6471,4086,2835,7384,1139,8180,1981,8317,8147,6493,1297,3768,5738,7211,5725,6123,695
1246,10,1859,320,4477,3165,1095,8552,7739,5205,3565,7757,916,1263,1731,68,1242,7642,2963,6435
3968,4763,3183,1225,3634,382,8108,2123,4512,8126,3937,7163,7404,7806,6075,3849,5823,2014,8151,4682
7156,4390,6549,6786,2910,9258,3834,3528,6502,1149,7759,593,2297,2285,6776,8638,2718,6381,1949,4023
7049,2450,5800,8563,7490,478,4456,9538,9511,9421,4439,7708,5465,4606,9675,32,5915,1462,3741,9352
5527,9849,2143,9946,4916,2373,9424,4335,5398,7817,7638,3470,8541,1456,4678,8143,4250,1570,2585,2092
7530,9017,8785,5462,3224,2238,1027,9634,3770,5651,9726,1749,7087,763,5616,1441,9899,3591,5940,6832
