1496,1526,7723,7209,3206,2323,949,8861,946,3879,9518,4719,153,4861,3123,3501,571,5787,5036,3269
3172,2376,5602,7186,2277,7905,9690,278,45,2345,3312,3109,9082,9419,2993,5680,6994,9948,1651,590
4441,4870,4335,7295,9256,5208,7100,3626,1369,3622,2927,75,1762,2991,4753,971,263,5544,9130,5712
848,7248,6139,7477,3993,4222,6505,132,7139,517,6711,5513,8536,2262,8449,8736,6234,9927,4592,9272
3669,5207,4813,3194,4473,2849,2212,7465,5009,1548,7048,3623,7083,8212,7114,5215,9463,5961,9442,3356
9266,5735,6791,5606,2650,7308,2370,5666,4465,4487,3491,5429,3798,1428,1056,7748,4006,665,1684,3452
6632,5336,4121,4156,8070,1239,2353,8112,8686,4916,4594,8076,6101,2556,1101,9826,5467,6896,9623,4528
9426,9001,3971,529,9945,7428,1194,7298,7995,1370,896,4578,5032,1883,1014,3445,8893,1085,4439,8844
2263,1931,6740,3555,2676,7727,2878,6843,1874,1829,5172,6966,2009,7039,9946,2789,9572,9915,6737,2218
3899,5472,8855,4096,1617,8646,3278,3950,4728,2401,8860,6333,998,4428,2686,8961,643,423,881,2829
1986,63,8746,4154,8519,4843,3416,4501,8459,709,3376,6885,2600,1110,6753,222,3880,1104,1739,5756
6143,5199,8675,4805,5876,5126,1593,2106,4898,2692,9655,2467,3605,968,9330,4904,1297,1570,3997,3349
379,4549,6947,9674,1559,1343,7702,7862,7626,5898,8721,2621,1659,1215,4667,2121,9773,2419,547,352
1499,5378,3311,4341,7566,7715,1184,6215,1150,330,815,9216,4835,2110,4026,2019,5342,6347,6324,9267
1925,4625,606,8639,7358,6419,9568,3570,3665,4573,8878,5414,1687,8685,6548,3052,3948,4493,8837,361
867,4386,1764,8183,933,656,2558,8794,9070,1909,777,6041,3776,1195,411,3866,6079,2593,2404,6841
9950,3482,7126,1626,178,9095,3655,6986,2831,8919,4113,4925,7313,3389,7095,4492,1763,8302,4572,2868
4601,5153,5476,7151,5303,4847,5349,3650,4825,8086,7404,2050,6298,915,9505,1807,522,9331,41,4031
2161,865,797,3819,1993,4418,1443,8263,4318,9876,7628,4794,6051,7719,7560,635,3408,3675,466,8170
7182,577,102,7863,2244,296,9462,4090,4365,4084,3026,6502,4586,727,5403,2215,637,2632,7945,4120
3957,5233,5089,99,1728,5584,1322,6956,3873,404,3106,3137,1640,7254,5338,241,6358,6022,8462,1920
1988,5642,3928,9752,3869,3610,367,6627,1185,799,8329,834,3635,274,6498,3585,4946,3513,1024,8624
323,3743,4854,6601,3014,2962,6080,9033,1639,6081,1382,4054,4868,6894,3919,8828,7861,8934,5280,5020
990,1291,4834,3215,8246,3829,3410,2331,2315,7549,4937,2242,7675,1658,9713,9473,227,3201,9630,2522
424,7516,3495,4562,1784,2655,1394,2169,8434,680,9656,4701,4499,171,5275,738,430,293,9180,1775
604,2470,2182,1736,4824,5293,518,9023,8245,3224,2013,485,8468,6960,9413,4332,9421,8649,2281,3136
3870,803,1407,1599,6777,5363,4957,3848,1033,9,2826,8097,6981,8107,4201,2413,924,3761,5034,849
7409,9351,5790,6927,7097,2866,3624,3541,1796,7013,4147,2942,1809,3453,2136,1414,8136,34,4990,7961
5918,1234,1980,3832,9924,8341,2132,4252,1717,1326,5161,4451,3539,1073,1557,9672,6985,2577,5593,2887
5549,8032,2115,1151,5849,6953,8894,4769,3239,852,6401,1933,7072,2359,3969,1376,7569,712,7438,1702
3250,1339,5075,6129,8824,3274,2918,2256,2736,8605,5891,7667,8879,5955,4952,6650,7323,9429,9649,6023
504,9642,2758,7557,1396,9588,6708,9018,4124,3661,2573,9301,2337,331,1823,7096,5757,6751,244,2912
9456,1408,6819,5858,6299,1118,8781,7203,2763,1464,807,1319,2502,8315,6248,1560,3131,3699,2251,9795
3347,3892,1057,6808,4134,5590,7498,6586,536,2261,3835,8461,6314,8503,3705,8871,4889,2880,2944,1375
4309,1725,8669,3212,6405,4411,2835,147,9577,4287,444,7576,9681,6745,2520,4497,7898,1459,5902,4581
3693,3972,4958,1018,7607,4858,2219,4342,1782,9583,5940,4184,3006,3031,5315,5587,2137,1430,6148,639
3976,5399,2518,2909,6485,3801,678,5385,6928,7505,5861,1034,843,813,8950,2003,6536,419,1228,1590
5417,1220,1258,1614,8866,5041,594,1838,5535,3039,6658,1383,1970,1290,512,756,1607,9369,6318,2797
7614,2352,2538,9953,2063,8396,187,5151,2628,8000,4304,7167,5599,5921,6609,3045,2129,2921,3043,4440
6718,4574,654,5130,969,5423,5664,6954,6839,857,7070,7132,8276,2015,1044,2839,6957,6576,5175,1722
6007,9777,5677,1306,6111,642,2512,7481,9164,5501,3429,687,8115,5308,479,1785,7251,1745,1172,2290
5541,4884,6495,1733,4466,3360,670,6633,8111,8734,6803,4078,7015,268,2965,4608,7589,4185,5699,1657
9557,3161,6913,7288,7502,2820,5775,8469,9279,6224,1867,4882,4250,6648,5251,3852,8865,7876,7086,4372
2848,2408,8232,9582,7173,5123,3111,6799,734,9357,5774,3526,2098,346,4864,6014,1554,2662,8739,7247
9193,7634,9951,7230,4588,6477,7318,5088,399,5354,6456,4881,362,9607,2247,1136,4375,3683,7617,3709
4758,1020,4402,4042,3049,5186,9887,179,1830,9800,9735,273,4261,8985,4088,9646,4,2855,9670,6084
5693,5522,1858,579,713,4809,4272,5622,8173,1197,9444,8280,801,6316,1001,8119,1473,611,3558,9513
704,3383,7480,7914,9603,4557,607,3942,3795,2619,13,1286,5094,6247,6781,6076,4760,1632,3786,9687
9328,4202,5053,2326,6644,8930,6398,554,9597,1547,405,1353,5672,3619,775,3086,1884,6085,3554,6562
2272,3632,6207,2544,5434,9179,5187,7381,1761,5337,4419,7356,974,2259,4971,8339,3781,1553,5889,7730
3259,7761,5532,663,8372,2665,6965,6465,9422,7279,3054,9135,4883,8650,980,2526,5864,1984,5674,8052
3299,2545,9810,1081,9592,224,4366,4775,605,1550,3844,4781,4347,8130,46,7615,1159,2533,4313,9002
468,3552,92,5392,3667,6068,6815,6646,3887,2675,3038,232,1119,9109,3181,9029,5503,3425,6344,5784
1719,7442,3117,2624,3614,2988,1467,804,1821,4276,131,2683,1400,3404,9571,7867,8464,4303,8144,1340
2008,9339,2485,4911,5290,6583,5782,7120,1418,7520,6755,7565,724,1361,4886,5626,754,2891,644,9345
26,1880,7250,7429,9341,2787,8134,9308,3831,9499,4074,1537,6223,9701,4245,1914,7162,9573,2046,7779
4632,2613,9763,8845,2767,3289,4814,5483,398,59,3284,1312,9038,7190,7018,3656,5580,4444,3900,3886
628,7208,5591,7509,1839,2957,6169,2547,6592,7336,2749,5047,6372,9232,2373,7880,1247,2931,3369,7201
5633,2911,2634,8264,8774,4644,9342,9146,8225,4358,1555,4723,568,9275,2029,5801,6973,7835,1893,248
3960,3230,6441,6497,7240,2877,5796,1114,19,7282,433,239,8616,5948,1181,2903,5146,3237,8640,4508
9006,2754,5272,8235,5214,1817,4621,347,3540,1855,4452,9007,9544,3226,8391,1853,2343,1476,3861,5915
1200,3063,5893,9348,2964,1660,8,6232,1315,4200,290,8190,3536,1808,1860,3498,5213,9227,1035,7794
770,2765,1756,2334,7112,8693,2598,3328,3186,3238,8409,1966,1690,2967,7283,2784,1546,2714,5415,3725
9106,5909,3545,7474,9111,3348,9394,246,401,1384,9028,7725,4251,1350,6533,3223,9269,1697,8556,7237
8578,7486,5616,6593,1164,4302,2718,6069,2335,5004,2025,8098,4733,9234,2677,856,4910,3974,7739,116
6213,9198,5830,4941,1072,3929,1654,9758,3718,7320,2534,2307,8335,3677,4279,4649,365,1927,858,706
5691,1479,5968,2603,8003,1391,6407,6184,3850,3520,1167,1636,2082,5105,4945,1223,2238,3015,5800,3433
7367,8706,3020,8163,5988,1354,9188,3708,1889,2557,4367,1446,6107,5357,8430,2451,4907,2585,4011,3167
3651,8954,6151,5466,7284,5913,7369,5165,8450,4093,120,3618,3304,8643,2992,5309,3906,2188,530,5738
9999,1498,195,3508,7859,1481,6617,5356,9772,5116,6709,7161,2817,8209,2342,1673,3700,2314,7252,6380
3421,3174,1828,5751,1027,940,3987,2472,4738,7451,7827,4873,9496,9448,1672,9756,6172,9404,2201,7487
4136,5176,5644,9781,8699,375,1624,8776,4240,3221,6940,438,1360,91,6967,8355,3047,4435,8187,9068
453,4007,8810,4249,3686,1627,9595,6423,8545,382,7810,3173,4293,5077,1871,5326,4307,7357,9079,7873
3512,2906,3599,5073,7910,4178,2949,8651,1131,6065,1621,8394,1805,5011,985,9027,4852,1846,3857,7921
279,1602,9675,9988,3521,7815,9659,5625,3401,458,249,6100,6225,2328,4094,8989,7970,8514,2119,4887
2532,8599,4603,2971,3862,6034,5899,511,477,6479,8798,1606,780,3524,672,154,3826,8156,7008,2112
6321,4698,96,3523,298,467,5101,3617,1460,225,6523,4041,9199,535,9236,9739,1978,9994,4076,4745
3145,2020,17,3460,7440,1611,3528,6337,1107,360,4218,4322,5304,3788,1263,6193,2640,1063,2254,5118
2005,2515,1897,7350,1355,3621,9329,3490,5511,4003,3641,6782,2859,3044,5253,1116,4028,4171,2775,8903
9658,1123,699,7987,2836,7149,1522,2016,5933,9817,2637,6664,8665,3479,1731,6442,6313,4986,5273,3114
1906,5683,7158,1416,8184,2142,345,7175,3560,3644,4071,1879,8862,4718,8512,9052,9677,5497,4092,1720
9698,7469,7052,2802,6220,4029,259,895,4744,9545,2478,7061,4420,5133,5072,8509,7968,7737,8635,5833
9801,576,4377,4024,832,6749,9576,5258,1619,6040,4507,5406,988,7830,4782,8614,9294,3143,2018,7623
6510,6251,7745,3351,4896,9335,6026,2523,4514,1032,9026,5498,5191,740,1794,2768,407,4765,891,9467
2828,4381,250,5554,7030,6436,4504,3029,8414,8523,9278,2091,3073,3101,3083,3671,2959,77,8889,5653
9150,4237,7631,395,68,8592,8752,5567,5436,7846,8816,1345,1404,4110,8694,7756,1338,4461,1061,3967
6342,4844,3354,4536,4482,9346,8703,8473,8757,9747,7478,4673,4617,3702,3402,2574,164,5178,8073,7882
1252,4315,231,412,6892,3182,7568,4576,3483,784,6615,7293,8077,7443,7225,8987,7147,2846,6190,9528
2194,4951,7604,9237,1176,3070,7579,3462,6649,5449,5248,1944,9501,1939,2716,7524,7584,5556,2869,8286
7206,1015,8967,8320,4349,2396,8562,8344,3105,810,8679,9469,2546,9691,7913,510,8282,8756,9812,373
3724,5730,6834,1273,7682,8466,4323,4324,3500,1314,6238,2387,9051,3188,7153,5381,3220,5515,8747,4310
2735,2209,996,1357,6735,7707,3574,502,2592,1898,929,1859,3480,6427,908,5344,2798,9371,8310,719
2948,6795,9254,8140,3904,4791,8977,9284,5665,4618,3229,8480,1441,6125,960,844,2872,4693,1938,4628
9430,6801,5185,7646,5115,4352,7893,2140,6499,1284,4212,9965,4565,3142,6504,3846,8565,8155,2670,9611
8283,503,2720,5731,2455,1212,7773,5260,3802,7649,3175,2257,7936,5754,5285,8458,6369,9970,6825,5608
7307,5709,3096,3471,9322,1765,3685,5145,1676,981,3431,4837,3996,2501,537,2591,2322,2118,4546,8267
6712,8723,3333,2844,4181,2937,5935,7645,4527,8371,9846,7508,3048,9790,2907,8811,1990,5055,5920,3277
4396,4677,9459,297,6,874,3517,6678,2360,6754,5488,7470,3461,1835,6559,2715,6122,7460,4209,6071
9072,7599,6539,210,1992,4488,9664,9652,7899,1468,3062,6977,1332,3746,6192,7106,173,9532,7278,1445
7805,9704,951,3087,7453,5158,4426,2286,7031,7493,5460,7342,8034,9604,1257,4063,5324,30,3983,2073
3108,8102,3127,3885,475,8048,6685,2465,9415,8010,1888,3506,8557,2667,1255,5753,6074,2781,460,8941
9215,2226,1250,4979,516,7844,6821,188,3000,3586,6075,4476,4425,5085,2819,3440,7044,3415,1132,7058
7705,3346,7232,3153,2513,9550,111,6567,1300,7513,74,8116,7195,3730,4863,257,633,7903,4199,2330
1279,8204,3504,6574,3364,3148,8050,5286,1849,5978,7693,1696,8615,140,5546,4046,4271,6833,9246,3563
965,1949,281,5989,3448,8515,6469,7396,4195,2166,9967,6366,4107,4531,4355,8622,8931,983,6812,3129
4790,6613,7581,8758,29,7722,7980,5971,3396,7796,769,8268,6276,1166,2197,7383,2410,3162,8528,602
6747,5885,2308,3027,8348,3265,5742,9682,8608,3775,3903,6359,7315,6363,1530,9084,8890,4640,4383,2128
5729,2152,4509,104,3438,2812,8160,3254,682,5287,4260,5442,1475,7652,7832,4294,6604,5444,5881,4039
2223,3413,3335,5435,977,5958,5424,567,9132,6693,7309,4048,6176,1573,8347,4590,6171,6386,5125,4481
2883,1141,1972,7462,3151,5641,6056,7747,8812,9610,8054,3843,4188,2984,5865,2288,7821,1457,31,4101
5777,5079,9043,5951,9906,3030,6295,1664,5343,6496,2380,548,4664,3285,4933,7691,2159,5716,3556,1603
4754,2659,6571,7405,1145,1174,3822,2357,935,4478,5048,6530,1126,7507,408,3088,2503,3865,3190,9527
1797,853,2684,5719,2203,2456,5196,5702,1053,8902,3012,7877,3756,212,7292,1365,7929,3882,2289,5029
671,5878,2972,9016,1523,3443,4467,8620,5320,6743,4939,5611,5618,5694,2936,3373,6845,3692,7792,3050
1878,2904,8590,1519,2294,3147,578,3649,4429,7701,6902,9221,2176,4720,8416,6857,1707,6767,4391,6057
3688,243,5943,4901,1991,8069,6720,3952,6906,2661,4597,6135,4278,7996,5810,167,8569,2381,683,4111
5962,5038,2035,7276,8588,6535,752,9091,2040,5316,2476,7185,3991,4817,1544,7233,963,4605,7879,4973
9086,5024,7978,5355,8216,6904,9071,527,8689,6306,2080,3968,1759,6311,175,5669,150,958,2703,2171
9224,9684,7489,2612,9661,5785,6240,631,1760,299,3874,3441,816,5636,6381,4641,3638,7339,5523,4083
5375,4948,2672,920,7571,2642,5739,307,4033,6563,2938,5230,5438,6097,7456,7275,3562,3494,1959,8313
7454,3203,2731,4474,2192,7789,9373,3757,2564,7587,6707,5564,8753,3133,4289,2349,3559,6457,2301,739
9926,276,1177,661,6118,8301,7181,9617,1723,6992,137,2566,3803,2431,2636,7221,6211,4516,8380,8399
7503,2042,8226,3267,8437,5369,1812,8626,6059,4558,3444,8745,9934,8490,5820,4410,9804,388,6035,5888
1597,6921,1461,5473,9601,1872,2693,5758,5637,3177,5313,7545,5662,3597,3721,3036,8883,6301,3222,534
2160,3717,9726,1693,5225,3710,5710,6073,8338,9523,6511,6464,2568,8411,677,7600,514,3961,5798,3361
2266,1793,6070,406,5358,5890,4993,9943,8884,5345,5986,426,5944,4273,6175,1318,3170,8176,4226,4500
5271,612,765,2638,1601,3169,3424,8496,5836,9012,3629,4915,9905,7392,3964,8350,1335,7184,6688,5398
3097,283,4395,1500,3715,6132,8819,8257,3095,3168,1907,4757,1042,7311,3616,7391,3533,6677,3662,6582
8997,6242,892,9424,9385,3762,6911,725,790,4699,7130,997,492,8548,336,7597,4281,5263,8137,1147
9212,1363,4779,6425,2405,5409,873,2552,7005,3199,191,8793,866,3681,4989,7627,9258,6197,1187,1201
5692,9807,6979,5629,7098,2543,1283,1060,4575,9333,7661,7042,4068,1942,4034,9174,6675,8568,8612,1996
808,6391,2371,4515,2276,6461,4159,9940,8019,4421,1329,2910,1466,8691,3763,7909,6621,5245,684,8936
3697,2995,5581,4138,4784,228,9450,3061,7732,7372,9287,3286,1210,6263,9228,5236,6104,1977,2705,9580
937,5592,9376,7268,9720,1389,4908,1900,24,1002,4405,3589,8357,9388,2004,3778,2079,8645,8217,7852
3258,6020,9904,2101,1885,690,4424,6166,3684,5007,5192,8676,65,4598,8194,4751,6661,4519,5652,6202
4060,7651,1770,8382,2947,3833,1727,332,6584,1324,8388,3357,9062,9406,1749,6935,8700,6338,4345,4713
1852,6946,3,7923,272,6836,821,6195,3989,2310,3628,1489,6669,4329,5698,9093,2390,6840,1818,4233
1946,9507,9995,4221,4010,2761,489,6766,9488,9211,551,6218,8390,2973,9716,3057,3893,7976,5082,6119
8236,8814,9187,2586,9457,4929,5984,8189,4535,1634,8494,11,4401,2481,4414,976,5016,3103,4244,4823
7807,6955,4668,3217,1552,9309,8162,170,8239,1773,7695,4131,7962,5646,84,4285,5081,3827,8571,5966
6006,2561,1462,2480,8603,3322,7547,2344,1734,1115,3592,9789,7286,3281,6043,47,1309,6739,7325,7883
2211,9359,3273,9219,2196,2321,7388,6509,2122,9238,4936,5428,7529,2500,3387,8817,2199,7593,23,306
9460,9849,2521,3210,5318,4089,4803,6655,3107,9155,8654,574,1397,2769,7850,2946,4707,1344,5400,6191
3824,7401,6269,5360,2976,2271,8876,5181,8364,143,6048,5441,1735,6698,2581,7658,6415,6002,7099,7820
6186,2770,5761,3024,5167,1295,6715,3740,728,9666,1577,7795,7881,7906,1311,62,3703,5212,1645,4300
2060,139,5156,8854,5325,8062,5980,8092,6982,3759,144,3313,8247,8448,1480,7674,9055,6448,3017,1321
6487,4268,9445,5621,6528,5265,3082,1679,4513,7354,6228,2610,7041,1954,6517,2384,9788,6161,4189,2348
5035,124,4622,5807,5870,4709,5084,6216,5604,7463,1463,7780,7753,4176,8219,7911,9092,8294,4830,1802
7105,3814,4620,2409,4931,4674,7249,6924,6568,6473,1583,8171,773,8518,6136,8243,4943,8904,8007,9641
2477,2185,5209,7535,1362,2719,218,8334,322,906,608,2213,8012,519,2043,1287,2412,8725,6199,1588
5066,9121,1766,2135,5261,6917,4224,3941,5348,900,4256,4831,4838,2727,6968,1190,7709,3485,7445,6847
1202,2630,7892,8695,8001,3888,3511,6262,3228,1139,9291,1698,3908,5452,5108,2392,4554,5465,4855,1221
3527,3287,9047,991,4778,291,1926,2724,8748,5763,3058,1615,4469,9263,1541,9960,1272,9925,4163,4874
8379,5246,8174,3001,5713,2782,6785,3820,9968,3163,9032,4567,9461,7256,3529,2680,226,3673,1420,7985
3568,2246,932,587,6865,1912,8444,9782,1232,8305,8604,5387,1668,5595,2001,7490,6049,6837,5121,6842
7981,310,3388,183,1841,7060,90,5536,7812,5572,5585,1945,9126,9375,3780,8630,7468,2514,3856,4647
1486,6254,3422,6792,6421,7171,8598,3505,6773,1352,7395,6553,4067,8368,8025,2107,7572,4174,9922,6872
213,6846,5521,2778,4019,8038,2069,6028,2653,6682,1031,2929,8947,3157,3454,6696,2366,5180,1746,1515
9247,413,901,4180,3119,4965,5107,4684,5164,5319,7939,1474,9883,288,9048,962,442,5957,14,6686
6945,9761,1052,4277,4109,5942,7024,5044,1088,6915,2953,674,5328,5329,1584,778,5224,8501,9191,6389
1788,1755,2616,495,2280,8132,3782,3945,7768,8560,9888,6541,5741,1168,6364,5332,8063,4662,3981,3466
714,6561,7534,9401,8271,5144,8847,2792,6731,5202,6134,8581,1330,391,4533,6602,2759,3828,9454,9613
750,4002,3575,4547,2747,3256,4631,422,3324,3400,5793,4139,1700,6569,6734,6036,8923,72,2038,1724
2149,1653,9112,2324,9311,3532,1482,6393,5922,6722,350,875,7192,6727,8524,5367,8808,539,3868,199
3338,1037,1351,1649,1425,2511,5291,3496,9262,6241,6414,9574,5223,9035,7253,7512,7588,4571,6852,8281
1267,8591,5374,9715,9608,9647,2075,397,5061,6544,8172,5284,702,3004,6775,7860,559,5393,6451,9991
1377,1832,6103,5013,4626,5222,8981,5306,8287,8835,3859,8227,8720,7769,7353,7603,4845,4238,3926,7078
994,8361,3337,2601,3954,4975,4714,2092,8270,3578,9474,2981,6889,329,1323,5654,9241,2623,7123,9097
3244,592,7338,1948,7839,4351,6470,6256,2141,36,8667,9304,4606,9754,8373,9880,8288,1243,4715,8846
9318,7564,2555,3242,2870,9498,5974,3535,9325,2383,8580,5395,348,3449,3902,4437,9579,5482,5507,1517
7259,1789,2232,8769,7348,8576,6431,4862,5570,4456,1877,392,6354,6558,9378,4009,5069,2955,4955,4290
5813,830,1521,1387,6934,1798,1095,1671,5517,3406,6217,8905,9475,2695,4027,7946,6050,2081,4561,6478
1539,8683,8330,198,1269,9785,6001,3343,5006,1490,2039,1012,6273,3647,3011,5952,8440,101,4922,1524
5252,4795,1296,5826,9168,432,4660,8550,2537,5843,3390,5759,5296,9030,8241,4325,7119,5610,7960,7527
4648,2186,6417,8585,701,7165,1790,3561,3371,8099,6600,425,2026,6331,7026,3294,7601,4821,9066,5773
6758,6733,2618,6990,1713,4679,3897,7610,8951,4434,2260,2427,9956,9403,8891,8792,4913,2365,7522,3041
3329,789,3023,7390,9693,570,3876,947,4008,6196,7400,761,52,5139,220,8083,3894,6390,2021,8446
7941,6518,4490,2278,2559,1902,697,8375,5453,5667,1534,2377,5278,9814,8431,123,8340,5603,1156,6362
168,9605,7043,1976,6997,302,9157,85,720,3766,9056,3860,2773,1238,9252,2737,9755,4725,7681,5495
3344,2293,5241,6412,2788,3853,9522,8244,616,2753,6355,8864,9855,5586,1869,9041,1308,5923,5963,9668
3916,4017,1714,8043,5426,2249,4983,3171,3534,4982,9297,5437,9120,8413,1068,5114,270,8395,1127,4334
3609,4187,2741,8956,4755,5147,7784,9453,8850,3380,2444,2358,4552,7787,4542,8575,7069,3731,4512,4895
6619,5831,5850,2,2085,6365,16,675,9683,4600,8888,2704,6052,3509,9288,4454,3793,4692,2963,1348
5050,7416,890,5960,6525,415,8653,452,4602,5104,796,1612,5518,2231,4197,9334,2744,4498,1864,4905
8057,4463,9590,3439,4368,746,3933,6388,3064,9173,9848,6972,5500,5294,2645,6895,3100,3787,2400,6521
7878,8126,4032,8141,6588,2436,8125,3806,8151,9486,478,5588,4776,6702,3502,6625,8148,5792,692,9614
1928,1887,3414,6897,1198,4801,3914,6780,8385,755,6856,9962,6652,9347,1508,3319,8595,2757,6501,4566
6723,8773,4453,1313,6270,2950,4972,491,7760,6529,6673,1148,4970,9452,3584,3472,1975,7826,2658,2320
9192,6385,418,6820,2699,3467,6278,6674,7297,8129,2236,1957,1328,5568,2062,1850,8907,1565,2930,3515
9917,6577,7836,7644,1862,4447,4587,5857,1372,8047,4526,9834,3938,3975,6854,4582,6989,8916,2776,7262
435,8677,942,3990,2785,2479,8299,7115,3009,5945,7919,9399,2457,3503,8248,8529,4539,5054,1458,6029
2746,3191,6817,4710,51,9223,5969,1605,2506,9024,414,1112,5794,8290,8623,4800,1644,1525,5227,4902
7122,1558,261,6283,7377,1421,3179,9815,4380,21,8718,6771,3634,7413,8727,2190,2041,9792,7777,2200
2222,2389,1831,3149,6939,6667,6663,459,5817,1964,1732,1379,2899,5605,1444,6700,5351,4312,5455,6880
3889,3486,7510,6245,3391,5552,9878,275,7446,4338,4040,6287,6320,5679,4956,1682,7355,8084,5389,4102
3691,5106,5190,5609,538,1917,4344,6555,2074,4241,5229,4741,2589,333,3458,1983,50,4704,8971,6226
716,4613,2810,7144,9947,6222,78,6304,9344,8483,7343,7621,4872,1712,1049,9129,6683,6200,8383,6657
9502,8135,8973,5237,3984,982,3469,7511,6142,7294,9918,8946,7179,247,5235,3670,9273,5956,4257,5749
8474,4639,9731,5311,8369,1630,5471,1836,2433,3035,311,2144,8127,2172,8013,1265,2783,1275,1953,1003
6575,5177,6645,9428,9598,948,989,7922,8311,1062,8053,897,648,4058,3878,9721,304,4211,5927,7942
7928,7598,5846,9737,6540,7137,1757,1193,3124,5506,6230,7073,9251,1581,130,2843,8522,2031,5499,4840
3008,2560,5538,3028,37,3080,7842,651,2454,472,9907,6374,657,3769,182,9306,8438,6732,641,7638
4726,8234,9602,6370,4722,7816,3271,3059,794,3075,2527,7111,8319,5195,3842,8250,9200,715,4750,4888
3427,1962,9639,2283,6547,3830,9370,2051,6091,2626,6580,3385,282,1800,5939,2426,4406,6790,9418,5155
8881,3493,6760,446,7258,4030,4529,5583,2687,7387,826,8886,7234,2728,316,9049,1721,9205,8754,7992
540,8895,3698,2214,1943,1055,3307,4540,2425,7224,4836,4735,3543,8648,8714,9102,1071,4919,2248,8359
6284,5377,8042,999,9830,3235,7869,2777,9533,7528,1669,5152,5005,5656,4179,7532,618,9201,8428,5527
2975,2057,2583,1930,3176,385,4392,7925,2378,9416,3579,880,8839,4359,6250,3298,966,6692,1472,439
9435,7530,8540,8628,8696,4203,9319,1207,632,7085,7666,5769,3745,7931,4364,9508,8228,3602,9065,2739
6949,8705,9158,303,5228,861,4378,1367,3931,5947,5827,9025,5512,300,5748,9584,910,779,3234,617
6093,8044,8927,9362,3881,8167,4213,9859,6472,9009,5589,5789,6474,6292,5760,2488,6360,6177,6236,4918
9423,2945,4932,2296,9521,3197,2285,4340,353,5533,7164,8284,1875,1665,6784,5490,9274,658,9959,5485
5998,7855,9852,1470,3883,2147,7554,3607,4457,2629,9113,6606,8627,9154,3072,7824,9383,493,6483,9546
1388,5887,7198,2094,203,2696,4354,6030,9283,4947,7924,2990,1826,513,321,7285,4857,7159,1144,5704
9618,126,3809,394,730,2865,4665,5725,2155,4264,174,8231,5639,2391,5267,7998,5464,6750,582,1403
2090,7036,6459,9827,2327,2096,8609,9864,8559,4611,5231,6434,6009,2233,792,8261,3631,4330,253,5655
4942,4314,1427,6728,7838,3978,6607,9468,267,7583,1211,4170,9835,921,9324,6114,5098,7047,5204,7271
9971,3492,9076,1225,1487,6037,9931,8121,5874,4721,8935,1535,3518,4777,7034,7329,8159,5339,9753,5658
6534,2563,4152,6032,3459,8067,6883,9885,3016,5247,2969,6746,7848,5627,3165,8921,6120,3606,8117,8504
5086,8838,6543,2748,8447,6794,7764,2298,8218,4968,100,4108,2505,8317,1007,6506,645,7133,6180,6239
201,3593,8631,1955,1154,4853,863,6867,8482,211,2447,8517,5331,4694,252,8354,9088,4833,4629,6851
8265,2117,2267,2178,6659,4906,5938,4038,7620,8279,673,2639,6993,3911,4128,3596,8663,6887,381,3090
9985,3051,928,7229,1264,2504,5982,6622,2153,4859,9253,4232,4206,8743,6447,7134,7548,2339,6443,9087
868,9202,2611,4491,8690,8374,9059,5835,3018,3678,6289,61,4789,601,3262,4443,4118,8763,8657,8147
4360,5907,1260,7135,5218,7216,3332,6053,1833,3913,7092,8544,6336,35,1528,4871,429,4044,7563,242
6572,5298,3566,8472,7245,8041,4607,7050,8255,8177,6932,5270,5571,9586,6578,8363,7231,4000,5575,7948
2902,9218,7868,4436,5746,383,6690,5979,3122,3207,9108,2701,8500,289,4869,2994,5420,9393,2913,1084
2469,6281,6350,158,2014,4057,1810,5074,1411,2027,6237,2862,4409,5140,9159,443,7636,659,1077,5382
9081,3633,5531,6209,7444,6124,483,7837,824,2897,2446,1333,718,8917,7575,5802,7332,793,5266,4559
3164,838,3121,6704,4921,8425,4506,6349,7014,1811,4624,4214,7884,3065,4860,7418,165,8277,6480,5219
4984,7492,7857,8826,285,7673,558,4763,1845,4748,6147,1729,204,1386,623,6670,4762,2239,473,4909
7143,7215,6699,1536,6492,8004,1768,8564,2861,1677,7045,1157,9539,127,5640,4408,6768,7238,4151,9425
4164,7546,4646,992,4363,8546,3308,8831,5037,6672,6327,6798,5238,764,2656,8164,4122,4666,2916,3779
9722,3213,8911,5021,216,2840,3910,6188,2711,6963,4808,2156,957,6206,5015,5504,3680,8457,378,5052
7004,1013,8432,6303,9912,1741,2464,9380,5578,1009,6923,7145,5657,5983,8593,9433,6830,3246,8203,3139
7778,4737,2531,4822,8005,7423,1963,6507,6757,7110,7858,3639,4253,1256,6019,6024,258,7334,6285,1929
7422,6246,1608,3548,707,3841,3891,8551,2756,9483,8672,5193,9040,902,3420,6930,5001,3487,5954,5565
9929,9688,5330,523,5596,5663,9204,9495,8456,8316,5407,4496,8772,9045,9217,8060,8223,5364,3918,8108
6860,2072,1791,98,9866,4591,9162,2864,9054,4849,5917,5823,6015,4193,7124,4517,4291,9643,8068,2341
8022,9374,2399,1868,6330,9706,8033,1857,6974,7526,1254,2801,5530,6642,5542,1058,6503,8408,4114,7121
3362,2852,2329,4743,160,9395,525,9736,1748,8429,3418,5844,4267,936,6900,2460,7849,8071,5396,3571
366,8913,8962,5322,8018,9992,3767,2430,6761,8784,653,8755,5427,3081,561,8848,636,6453,2688,9207
4917,1915,7094,4747,9816,2070,1406,4144,9255,6643,6933,3594,8539,1417,1774,6998,9796,8312,4564,6266
1158,6916,5099,898,1620,1028,7538,3811,5087,8085,7033,7889,3293,9892,9724,5875,7447,7640,7141,5404
6662,7574,2647,6087,5619,2258,5090,9809,959,2064,39,1182,2053,4544,7023,5703,7665,7500,5217,3804
4398,8427,7740,8211,3251,8114,117,745,995,9901,107,12,7207,6858,420,7738,9836,5829,6909,3233
4064,9074,5314,1288,4004,3962,4186,8298,1981,1,3525,8730,7020,6173,3659,5859,3270,151,4691,4460
5747,2167,9195,2131,2886,48,9699,3211,8751,3716,5487,5028,3292,2202,5254,6788,2006,4125,2827,1203
693,3940,205,1325,3722,7606,317,8118,2928,885,7635,6770,2725,5696,4816,8198,6905,7220,128,5573
5509,8275,1011,5631,3925,6772,9316,2879,5103,3895,7573,5620,5871,8621,4198,9427,7541,4400,4998,9128
6426,916,2386,4954,4891,6635,3066,6444,7749,6377,4766,1777,2443,5134,9326,3094,6783,5714,1448,4923
1469,8039,4712,1678,256,9248,9116,6244,2210,110,7993,3340,5110,8969,5779,1080,6400,7537,8892,67
6671,7301,5855,292,4967,7370,1041,7793,2287,922,7843,2461,9890,3419,9813,4604,5853,7718,7517,7077
2771,2978,1527,7019,9057,5112,5912,8760,7009,6874,6039,9708,6475,4637,6375,8238,8398,8463,6397,5737
1100,3134,8205,7927,9530,6796,5405,6294,7633,9794,7402,2588,1415,3144,9877,4470,7399,1331,7362,4687
6194,9004,2830,9317,6835,930,6756,1392,2796,973,8804,1670,6170,1861,9874,2450,8213,4173,6159,7590
7642,2195,1248,4229,6000,8321,2851,76,8274,6863,2498,7891,88,2177,4422,1585,4669,640,9771,6430
6705,5120,845,5019,4140,7901,8030,1040,5925,8161,8790,8770,696,6126,3470,3765,8764,6984,2934,7720
2595,3268,7321,4914,7954,8080,9728,8765,7170,5977,2536,287,5842,7166,6227,2896,8015,9127,6205,7932
6361,6481,4065,1610,8095,5764,884,8195,1099,2394,1806,6317,4879,8532,6903,9624,528,550,6092,7160
9397,7264,6554,6920,2842,6937,8451,7729,5659,6713,4530,7988,172,541,5525,1752,1589,6440,2093,2305
5371,8072,1556,7212,7265,9741,3314,6980,5614,2010,7758,3260,2086,4462,2282,1956,2745,5450,5856,1804
4638,6404,254,2651,1822,8051,4994,2951,2482,8647,7027,5025,6556,6983,8636,572,8197,4739,8782,6901
9793,3412,4091,2932,6160,2439,6432,3867,8106,2468,2576,4137,5715,520,9895,3280,6409,2596,8143,7683
1495,711,9412,8452,6062,1188,8165,9400,7063,6631,8549,8882,3279,3728,4248,8732,5489,1087,1854,5188
7290,3598,4959,5724,1999,7419,630,5981,7304,3658,1276,7613,313,5264,8538,2982,2923,9098,9865,4242
1997,882,2270,8999,9695,8771,4162,9575,445,2977,2766,8196,3463,2562,2099,431,3875,1346,6922,4227
8914,4556,277,1434,5728,9669,9487,6418,4938,800,9847,7501,8741,1891,8486,8471,5985,339,2742,842
6450,9315,8342,4635,5946,8229,8256,7116,5550,7412,4930,9558,1509,7580,6341,8467,1229,2841,1307,917
7432,6489,5670,9321,1121,4599,4551,2303,8454,44,2473,119,4759,5097,5458,9139,9766,6787,7108,9844
4321,7851,6587,3231,8710,2145,4577,4978,1005,7550,7051,1769,614,5200,6323,9282,6681,7076,7244,5480
4243,1125,3773,7625,9075,9015,6042,7781,3741,7176,7300,4412,9161,5848,8242,7488,6816,3637,2582,7029
4183,5928,6560,129,1982,8254,1183,2884,3208,5012,9261,2061,2415,9569,6155,5822,9517,7424,206,5439
3245,9543,1625,4555,5391,3915,2551,4077,5109,6005,6912,214,7406,2011,555,5812,2437,9858,141,6371
230,6133,543,3257,2420,4893,2649,9472,6829,7183,8841,2793,2017,2660,262,7494,2312,3189,7205,5819
6150,155,2901,8809,2077,49,5447,8738,9471,6167,2049,8087,6804,7697,8759,118,6105,7935,5206,2874
4175,987,3898,9913,6013,6876,7059,9061,2173,4438,8199,6628,6154,4894,1205,4746,5688,2671,386,8307
8278,8955,5733,4100,487,6710,4798,2587,5959,9531,8594,8618,7822,7411,6706,3395,284,3155,2605,6376
3982,3871,9105,4495,851,9585,8602,2347,7386,4899,8358,8502,1575,8327,3821,3359,1437,8061,2709,5900
7670,2838,5695,8932,3713,9446,2066,6231,6463,3317,42,5839,9700,5162,7242,8887,609,5170,3263,9160
6203,2183,8325,4806,5051,7724,8488,7397,4706,1066,9166,4810,294,753,8352,8215,2123,9186,5953,1701
2706,1336,9750,2814,6403,8731,4014,8470,664,4865,8607,5992,737,9986,8597,3345,4851,4950,3748,8915
781,8788,2416,6741,4962,7322,9621,8412,3377,351,1050,1237,5469,5470,9101,53,1545,2228,7037,4328
814,356,1542,9768,6948,6630,7704,6108,676,8479,4974,4614,5022,1562,9257,5362,553,926,1792,5872
8037,9732,3851,2492,2524,8796,7476,9978,2508,6826,8356,9832,1244,914,3426,9549,9738,9891,1683,2429
6265,6500,2565,6910,7101,5934,7035,760,1036,5740,7482,3772,1004,8104,1985,595,9080,3726,837,7417
9838,7142,133,125,7214,4633,2974,9289,192,3409,6612,7733,6862,9434,8506,9171,1010,3695,8510,8709
1780,8193,4158,2664,3791,9974,3240,9625,2299,1280,6581,5904,4961,2422,7218,855,4080,888,9103,9969
4740,811,3403,6564,1402,8692,6614,7710,7950,9077,7874,7788,5886,1253,2594,8728,7163,342,5014,9899
9902,7865,748,771,217,4280,2726,9353,1947,6831,1106,3091,1117,9589,8843,3863,3980,6286,8606,6908
2786,2823,7926,434,1051,7841,9466,9599,1105,6099,8849,847,5623,7324,4413,7937,7330,3849,638,7196
8031,8113,2853,923,6482,5803,4346,9786,4471,4005,3663,767,669,9305,7136,1646,6090,1936,7975,465
2179,6899,4155,7871,2491,5300,7618,681,6031,5539,4286,9779,4339,8674,1609,6971,1600,5440,4129,9629
7197,5299,4818,1952,1294,2553,3184,7966,8322,733,9244,1566,8200,1918,4799,3625,6805,309,9663,6878
8735,620,9733,4370,2627,94,6221,9504,6201,546,3282,2960,3132,1779,9213,7436,4259,9730,4056,5788
6322,4645,1899,3965,5964,939,1067,593,271,7407,5795,7662,3816,8185,6413,7699,3564,5632,2243,5941
8633,4087,7366,5250,1189,9535,7425,6429,8945,3953,4205,335,3200,9939,6764,8990,6025,4079,5,5643
6513,4284,8980,8404,621,6508,8169,5347,3068,8749,2435,904,2825,8139,22,6914,5310,9063,1501,6634
2958,3542,437,3615,3379,7373,6879,7553,8201,9019,4228,3581,7068,6102,7080,4390,5973,2398,4511,5582
6565,1901,4336,6420,9336,1161,817,9327,343,3986,462,2496,8974,9627,7559,8096,975,9303,3739,8833
4194,3601,8929,4518,9490,2030,7611,4541,8834,3227,3158,9983,6605,6950,7897,4165,2165,5040,4018,8014
1432,7032,6884,1478,9710,6208,7260,6869,3392,2654,1022,8386,3514,3923,2459,2423,8896,57,2733,2678
6665,7054,2644,8787,1750,5046,8610,3138,9806,8366,3120,4988,5783,6603,2393,8485,3930,7728,7562,2088
2440,8783,1008,15,8924,7679,9220,5113,7235,5317,7829,6537,6721,8573,6011,6268,8543,364,3451,3141
1089,6264,6964,6310,3576,4797,2083,6886,1813,8101,1327,2604,6462,2002,4767,6691,4210,4464,1364,9443
417,2863,7138,476,7461,802,4389,2102,1426,4333,6290,5058,9954,1270,8807,2452,3973,6864,6353,6522
6123,2130,6697,9437,6999,1967,8492,4262,1381,2350,1674,8530,2032,7393,6033,2407,6055,9386,9973,6868
5600,1995,2191,6524,4752,1453,1090,3687,8220,7514,4553,3612,4811,3247,655,6410,6545,6282,9222,1685
6776,9226,3790,6054,2424,1504,3297,2274,8998,7659,5174,9147,575,5365,7823,6329,9172,5519,1580,7038
8511,6765,5477,7347,87,2104,7082,6925,4878,4885,8589,4320,7840,9451,6296,565,2674,4123,6550,5809
840,3202,7452,7731,2151,1803,7944,9840,8673,1776,4616,4675,5697,9935,2375,9506,58,7811,7243,8036
4727,4570,6701,9361,9355,8768,6395,4231,2572,9875,8629,7801,8968,708,1259,4569,8360,9259,9500,9485
5914,6458,8056,4167,7654,3732,1532,4247,3538,8761,5171,9910,9337,7671,5198,6078,9184,3115,742,8508
7685,2710,3959,763,3565,9290,5189,8439,7959,8965,4117,8566,6987,8877,8393,9515,2024,883,7359,5791
7582,7002,2184,6689,3516,4659,5169,6345,831,33,6110,8681,8400,893,5274,1102,7567,4098,9122,7257
4489,9634,1960,5092,7947,3956,2721,8016,2036,4016,9137,2679,3934,2068,9640,3550,3296,993,1092,1103
970,2489,2044,5932,3341,6942,9556,8789,4403,3774,6490,4130,7485,4374,5684,9802,8122,6446,6810,7594
9099,7280,325,625,6976,5700,1568,1563,280,8465,6822,2181,8666,8729,6466,586,5555,5897,1827,4052
2406,7103,9845,8715,5765,805,6962,961,9181,2255,9050,9805,265,7087,8405,5560,1358,7361,3316,3140
7497,9903,9420,5321,1932,6387,4145,8422,5557,7958,1277,3640,8059,6277,18,649,3325,3557,8336,500
2815,5806,1783,8367,9637,7767,7310,556,6597,2663,7328,4960,7064,8489,9364,7084,3398,6182,9268,6382
2961,7533,1246,7028,8531,7643,2892,400,8410,5359,2850,5111,8027,8827,1155,7270,5078,3160,9510,5119
2734,818,4143,2388,6778,327,6875,2497,7193,6109,1998,8918,8028,9567,8384,7371,2474,4319,6088,7272
6253,3595,7081,3877,2037,9997,3342,7656,7217,8527,7949,2509,3353,8960,7062,6302,2507,3394,3922,9089
7806,806,3660,7655,1303,9678,8424,1301,9381,1518,1667,5607,9711,6640,723,7637,5524,5154,5799,7306
1074,2590,4157,5520,1405,6315,4596,6130,9229,7368,209,2702,9689,2237,1240,7455,6806,402,5203,9565
5128,1196,3582,8910,2821,5543,613,5102,9897,3834,7266,3970,667,3499,354,1293,1638,95,3430,3323
5141,4807,5825,6641,5824,8740,8869,8803,6978,8836,2633,7222,7515,8802,6424,774,5244,9458,8186,3643
3326,1529,5183,9005,4676,3936,2207,2438,8547,416,5862,5814,3378,585,1493,7228,2730,7364,2318,5446
8983,931,1742,1675,1569,5462,6623,3551,8953,3005,9719,2333,2780,9955,8328,9982,7915,2837,4288,357
7763,2362,4685,6185,5443,3890,5445,1216,2143,4991,5129,9828,2133,878,4532,6717,2297,1778,9409,5720
9703,3999,2332,3283,1098,4132,7089,9509,7435,2225,8600,9382,4764,5818,5279,112,4274,524,6163,7102
8795,2059,7011,3760,5601,6379,5994,6494,4828,7459,9784,8943,4926,8853,5383,5924,6406,1743,2625,7140
1882,785,2867,9480,9384,9358,7802,4327,2340,2510,3478,1661,4912,7352,1078,6907,1595,4326,2397,7630
9090,295,5884,2162,471,7289,2071,8291,1815,5780,7543,6072,3112,1870,6943,9952,4119,619,9183,8662
6488,1069,8944,5312,9819,2541,9861,1122,1442,9058,4563,2150,2999,9360,9046,7335,1801,4981,9402,470
7894,9757,3510,9196,7711,3770,6137,6888,69,7299,3456,8349,9554,2174,3022,4717,5148,8988,4216,2989
1961,2369,7847,9119,3102,8251,4992,3901,2575,3056,5137,8304,8521,2646,7632,2095,1124,4266,573,9203
6975,5821,1026,2382,7653,1505,7079,7696,2486,9821,2204,5070,358,972,9712,5673,9338,2602,8418,1209
7692,1048,8724,9519,1111,629,2441,4204,380,376,2554,859,1578,6807,3549,751,4832,6383,219,2941
4230,1666,4976,647,2445,7226,7504,2449,5027,6596,531,5997,6328,4394,3034,8138,2033,146,835,7472
7239,5845,9407,9134,6638,3943,7156,4749,9723,1747,1753,9142,2354,499,2542,5461,8333,2858,8899,8658
5727,5010,9477,6995,8582,5919,8579,3334,7956,8870,9526,4220,481,3350,115,7317,9343,7075,2103,7302
9225,6146,3553,3261,4771,9871,5597,2889,8202,5837,6636,7596,9824,40,8389,7496,9231,6402,3104,6044
8040,3126,598,2023,194,3825,9242,3368,1704,6620,9541,9313,5068,3920,7351,7495,9387,6936,7057,2125
5418,7017,7326,5475,9697,2475,4037,3573,508,2979,8976,5834,5463,2493,8873,1366,6094,5132,4483,5000
6416,9760,3729,3074,6779,4683,8079,1359,7129,542,3912,5734,1894,134,2351,4236,4095,5023,484,3276
4711,9104,1249,3146,876,8145,8525,3352,7561,1892,1814,5869,3855,6802,3243,4223,1483,8785,4875,6291
1374,3815,6891,7194,3204,7750,8314,4166,9021,2252,3232,8149,1663,9514,3847,5916,9039,6512,8897,4545
8049,5723,1895,237,3837,3442,6308,7344,9209,2641,7934,374,5675,349,9034,870,2729,7450,9044,344
1551,8476,744,1656,6748,8806,6064,5017,6449,5376,6531,3627,2295,4445,6437,1695,8020,2580,9060,7154
8966,6493,8659,7762,5242,3019,812,2857,3924,3209,7713,9377,464,6800,4388,6210,766,9665,1950,8777
8168,2187,9676,2833,2495,5216,6326,6106,8574,3216,5249,2463,5173,8801,8191,368,3587,7775,6198,5390
5030,9391,560,1169,927,2952,3253,7678,3590,1941,5413,5990,9096,5474,7864,9230,8337,3785,5160,7071
3079,7464,7742,8381,5615,5257,1635,337,1971,9636,2245,4657,2732,9547,448,4787,5995,2316,6616,7972
1586,6486,1751,9798,2920,2528,9744,2126,3078,5386,9743,9037,4025,1316,3219,4653,1165,5901,7187,56
1086,1709,7333,1039,7236,2800,8103,7473,9581,3768,7157,7622,9775,6095,8534,1371,8066,6411,1824,2998
469,9564,3489,9949,8179,6725,1843,3098,1261,8445,7246,8655,3636,3674,5686,2890,7734,8266,4848,686
4654,4997,9921,2968,9850,8868,4953,9260,3998,3248,7676,7104,762,1341,660,9694,1146,7854,8309,6468
2306,3572,8497,5516,6823,6516,2227,2487,1994,1711,1449,498,8940,1380,54,549,4839,2206,3613,9140
221,5561,9138,6476,6181,5786,7856,9570,8698,5157,7684,8577,308,8252,953,457,2494,569,3113,8002
6149,9392,8678,6579,3949,7331,7890,5334,6797,9811,3135,8088,5671,6549,4150,70,3450,741,7346,269
2275,3544,9281,1819,9144,8671,7736,6814,7000,1662,7908,7555,3150,7521,795,7608,1368,142,223,7540
455,5926,6089,4190,9538,1903,2956,7853,7759,6695,2617,7090,1282,6279,4369,8637,4521,5240,28,2609
8711,4082,5847,8563,7414,4520,1230,5937,7669,3355,7267,4085,597,1940,1134,4846,7379,552,2997,2418
8436,7755,1688,6680,4160,7001,1231,581,3706,2134,9350,8407,7660,9893,105,3603,7800,2803,9493,7376
8986,5852,7458,2919,2154,1591,7174,705,7751,4656,7025,5163,8376,6066,3994,1655,4146,2894,6877,9478
8023,9749,6515,1334,9165,2483,6595,1540,5505,4379,2698,2607,6591,7109,9767,2548,1692,9476,2300,8958
6724,7989,8750,7721,4820,6233,8555,8150,2666,8300,1436,984,9276,4731,3792,6115,5877,8297,1973,3577
1233,3305,6252,4615,2882,1410,7639,9482,1006,9609,1514,3007,6882,4708,184,9889,8641,6017,7012,8948
251,7255,8175,3608,8269,9320,8365,4023,1594,688,8797,3985,1989,9894,5690,1433,4373,4283,2466,7605
2668,4636,1629,5569,9787,1628,8090,9017,4049,1245,5062,5776,9734,5701,8260,8799,7804,3588,9841,6647
679,8992,9930,6520,5039,1029,4357,9264,8378,827,9073,7542,7552,73,7327,8520,8972,3951,4815,8331
3321,3192,749,5766,2148,5056,8082,5366,9884,7708,8619,3836,3723,1149,5327,588,9938,7735,2198,3185
6566,1140,8491,8708,7866,6235,3690,2279,4265,3823,1910,5491,2089,955,5576,6552,7277,4928,1904,8611
7431,1409,507,941,3630,1492,903,8829,9966,506,5096,9312,9833,1021,5767,7953,4161,5379,580,5416
461,2935,7585,3657,5431,6624,615,5705,6668,3734,8644,4407,2458,377,1120,7688,8541,1289,3818,9208
6730,2795,1059,4059,6131,7,6532,6859,8323,8178,8100,1236,3939,7952,4503,7385,5425,1173,3838,1876
913,1285,5770,9042,2917,3432,2058,9920,3218,3447,1484,6958,5184,8210,6428,5685,2045,1511,114,8926
7770,355,7785,9842,6144,9149,2180,1000,5234,1413,7433,8719,7872,5095,8075,8688,3125,3777,5340,3751
4234,918,7997,2374,3225,6021,7650,9332,8345,9808,5892,7986,2379,162,2087,234,1214,9003,3676,6850
564,2525,7180,266,8353,7223,8133,3178,4729,1549,7955,5911,372,1219,694,8632,7752,196,736,7963
4269,4020,5689,8397,9745,9860,7340,4850,8180,7466,9520,4651,7706,8909,9206,2157,2954,3315,544,4742
1094,2939,3110,1710,1825,6629,7943,157,4969,8535,3437,2012,7648,43,850,646,7241,7833,236,4449
1494,2253,6367,4311,5905,1412,7536,919,5526,5042,4127,1423,3291,9620,161,3600,2164,4301,8823,4655
1046,1320,8443,1905,4772,8249,8207,2752,5277,3753,169,8863,7525,7010,2847,1235,6519,2530,1771,5676
6061,2774,5778,3476,497,4317,5071,6121,9776,450,6229,1456,757,7689,2403,9972,1356,5353,4112,4442
5867,3381,2367,5771,4103,8182,2599,1175,4688,7003,8064,9078,7319,135,8441,5124,8994,6759,8872,8484
7803,7483,9170,5256,950,7273,1152,9534,9280,7766,6179,934,2076,8285,515,566,5678,1399,2751,1199
7128,1431,7680,5772,8401,6938,3025,109,8867,6666,829,1160,703,312,841,5936,2363,862,9615,7314
5486,1241,9503,6653,4537,9975,634,1890,8055,8660,8697,3701,447,9145,4013,2313,9765,6598,9707,3128
3301,4568,2791,3040,9882,5076,822,9197,9512,6243,9638,1564,7345,5558,103,5211,6546,7641,6152,1401
5816,2428,8406,4661,8332,3071,9696,8046,5033,7888,6153,5563,7484,3154,4522,5930,3817,2540,872,3668
6988,7200,6077,2268,2471,1491,5194,2229,3118,9178,8065,6719,9996,3966,71,6168,9094,4524,5508,9981
1908,1919,9083,8006,314,8426,7797,6258,5645,8786,5131,6455,3255,4182,1974,7700,9296,8880,2302,3196
9285,783,4348,5065,9957,79,2854,1271,176,108,8716,4141,1096,2453,6116,2146,4595,9115,4829,3944
3872,7971,4055,7870,6004,7940,3794,5093,7845,9447,2395,7698,8596,2579,3522,5448,8505,9031,5430,1440
6157,4075,5433,5370,2606,3905,7577,4579,6637,596,7664,9240,82,5562,496,4890,7551,5879,6438,6991
7591,5529,2871,369,3180,2208,1025,6297,7531,1937,8717,4106,3664,5492,1911,5868,3417,6996,4446,9742
7886,9692,3909,8830,1455,5996,1708,8583,334,894,4560,202,340,5860,9632,6951,7091,6384,6793,9036
5150,3620,2028,9020,9702,3077,7210,2170,4634,9596,5421,7703,9008,952,1886,1647,3032,8318,5493,4494
8421,1935,533,2230,9124,6769,5534,4297,7269,650,8089,819,6608,9163,4169,4686,954,2168,5352,7021
3465,2234,6138,409,6038,4061,4877,2779,2490,2193,2108,5397,3475,8475,1848,5373,3711,1030,4900,8346
8670,7410,7612,877,1076,8487,3796,5910,8642,2898,8682,7441,8920,6716,9414,9396,6929,1251,7152,5598
9118,2304,3813,9657,6288,1016,9980,9390,1631,3845,1816,6656,8963,5268,956,6368,8158,6471,6117,4275
5122,3214,2895,6060,3884,80,6003,6828,8617,7467,3042,2888,3995,1767,4086,4627,2499,4827,2055,5708
8737,9648,772,9536,9156,8567,7668,823,9431,6849,9644,8634,8680,8928,9660,9762,4191,8984,5478,5067
6590,1510,2905,5502,3423,1613,1571,2250,7825,5451,8478,9791,5537,3937,726,6293,1633,1178,1093,55
2116,3464,5976,9628,1622,9349,5361,3166,5634,6275,5281,7281,8912,4073,5551,6618,9818,3152,9746,6325
700,3336,324,9552,6610,735,3682,7421,7427,5805,7219,181,5967,9013,562,8553,717,9492,1186,8074
2764,3372,5372,7957,7544,3797,1691,2597,4361,4148,758,6866,9239,9286,9780,1278,8702,4070,6392,8898
5117,8726,6941,505,4696,6570,4254,1592,8766,9210,2224,9863,7895,5411,9740,5384,732,5179,1512,6280
193,4642,2007,4876,1516,7917,3193,8832,7616,8460,5908,8222,5008,9265,4756,1840,3411,2065,6300,3488
319,4987,4999,8815,2114,2856,7202,9942,1513,4724,4734,4384,1786,9270,3755,7983,7022,1865,5660,9465
8906,879,7977,8324,3457,5197,5239,7951,8957,3737,4650,2755,197,9439,7303,5297,2284,9438,4995,7349
7744,2614,1866,2873,93,6763,5307,9686,6394,2723,8779,3547,3067,4996,9011,7380,3046,3839,7772,4105
9651,5647,1681,3330,7984,9717,3339,7118,4099,8885,389,5896,9645,5768,149,163,7177,2240,3764,2434
666,791,9153,2689,6848,1851,1863,5100,64,2309,1754,3320,9593,136,8120,6467,938,5063,2717,3907
8157,7067,8970,4681,6183,6526,909,7398,3436,2832,4700,3800,3958,4299,9367,1281,255,6599,1378,2970
1075,8993,7056,1471,6312,9551,5577,238,7065,9839,6261,9548,1533,8742,9797,8707,825,8996,2516,2205
9933,3530,9616,5182,3474,6214,8131,1206,6684,6219,5456,2915,871,2983,3198,1837,8584,9662,6058,3979
5292,9944,7817,964,9873,6611,4142,3010,8542,189,159,4940,9820,4135,1873,5221,2980,8453,6818,2682
2615,3689,1641,9182,7066,1310,6010,4356,7798,912,4484,4610,2845,9053,6660,3733,6012,7261,5628,4985
190,5635,5613,4350,1799,8272,207,6098,10,7757,8153,5002,3055,9654,4682,5566,9990,5388,3704,9725
5711,5143,9976,8433,7663,7274,9612,9491,9464,486,3720,3519,8362,9366,7771,3754,6527,4920,9014,5080
8859,7199,4448,3807,1419,5743,3932,8949,121,2808,7040,710,3327,4036,1091,1772,8188,1043,3159,521
359,9941,3272,1520,1604,1064,622,8959,10000,5880,4580,4455,2807,6319,2996,8687,721,3840,3810,4538
4015,6514,787,390,3752,4841,8978,8026,8094,6589,7907,9167,1921,1934,2700,3365,9837,4690,5906,9000
7374,8392,3679,6742,5276,7016,5866,9964,4819,6332,8554,8011,1842,9516,4689,1616,7131,2799,2691,5579
185,8435,8684,2319,9432,6067,9799,7291,7783,8262,5003,4153,9354,2421,4977,7578,3156,7449,1506,2000
6738,4115,6809,8166,7434,2346,8293,1213,2635,8558,341,8105,722,2697,786,3642,5617,6654,2908,9455
788,3992,8908,7712,6027,2273,6871,5804,798,7457,2643,1968,1718,1758,180,7213,1820,6340,7818,8656
4927,5651,1192,8979,3130,1393,7964,5401,925,2690,2549,7741,3666,5624,9314,6422,6639,8713,7743,1302
4387,1082,4001,9440,9591,3037,3758,1795,5468,1834,9010,1045,3407,5149,6736,7448,9923,3645,9368,9372
9136,5726,5736,9110,6919,7813,9594,6729,2834,3195,3183,4812,6813,1138,9909,4866,685,8805,3719,8128
4643,9606,4612,4796,8995,1065,1652,8303,7967,9295,6844,945,2694,8208,6127,8933,2372,9340,8818,8237
5138,8273,9673,4258,9064,6045,4331,8109,652,4783,8874,4393,5419,2368,106,5965,4768,5295,2707,7965
83,1924,4126,9626,5732,2738,5333,1538,5797,428,4416,6687,2567,9363,9141,2097,4255,3033,5026,3013
8937,4397,4479,2535,967,5630,5815,7774,2158,2127,1699,5210,9886,3854,8825,7426,5220,4880,3455,4585
1979,8058,8419,689,1643,6346,4867,4670,5972,2708,6811,1716,9323,7808,5718,4773,1680,4192,3921,4021
5262,9961,3808,8045,2924,9067,7609,5142,148,3784,8952,6271,427,5494,7127,3435,7168,5059,3531,2529
1054,5668,828,3374,4935,9979,7316,7586,2584,7819,5721,2569,6356,6373,7506,3648,8377,6551,6744,4050
2264,1958,5894,2056,3654,1447,2816,3002,8922,2054,4133,7933,5459,8181,4826,6046,4295,9635,3652,8733
2221,6714,5949,905,208,9107,911,7178,2570,5083,393,7570,2750,8403,9069,4308,5091,698,6396,3060
9563,3747,9671,854,9650,9131,9989,3864,370,7499,2987,907,3310,9680,1705,9177,3241,6855,4219,563
6573,8704,4371,7624,9365,2578,4732,9100,7974,8214,7378,6204,9436,4035,6408,8942,5479,3382,4966,8308
7491,2648,6164,8991,2940,8351,2681,8289,8587,8938,9937,1162,4924,2269,8343,8744,9489,9633,729,7973
1130,2876,8387,2220,9587,5031,9293,3187,5269,8813,7657,3266,5528,490,1204,3714,6460,363,3405,8762
4550,2124,5682,3694,7437,7799,5548,1218,6156,264,3236,9470,2311,8009,7363,6881,3507,4792,2448,5841
4292,7920,4404,7006,456,5064,5408,2804,9748,7887,9249,9352,2519,8455,1987,4672,4051,6898,451,338
8498,1485,4705,9176,1922,6676,4548,9869,8021,186,1507,9133,7754,371,6352,4671,396,9714,5496,3799
9214,6853,4842,2712,1561,1477,2411,4619,1224,2811,7900,9872,410,1503,8024,8081,3093,8495,4583,5302
3249,5540,1686,3468,8856,4695,494,2361,3749,5832,2052,5323,5903,1576,7046,6145,2113,4663,4177,3397
5226,6694,3295,5368,3275,421,509,7930,839,4697,8295,6585,1738,1268,3099,6249,4623,9169,1969,9398
5752,3386,5854,2402,1242,97,557,4472,4502,3567,9277,2414,2484,2657,260,833,7475,1650,7211,2139
9190,1274,4534,9540,1965,4235,9245,9914,9555,6162,9143,8415,6445,8513,6824,8572,384,9022,4786,7093
9307,2762,9494,3092,2622,8008,9405,1781,7885,6726,8601,5305,809,1347,3653,691,5574,2986,5043,480
8664,759,6083,2772,2517,8481,6158,4485,200,1262,6944,1266,8570,1951,3375,2462,7592,7746,5510,7146
1304,7519,864,8152,4427,7938,8552,1531,9622,4980,9484,8964,599,4415,7148,7619,5205,235,4423,1598
9963,9379,1153,7204,6774,6096,5346,5049,2943,7969,6339,5350,4736,6703,4353,5259,3672,2925,7991,454
9310,320,9843,4305,215,6309,8253,5402,9553,1715,6890,9829,9542,3604,6187,2966,4047,978,9529,1574
4468,8477,2216,4246,9764,6961,846,1385,9410,8326,9932,2217,1689,4934,4897,138,441,8091,7074,5301
3738,7341,4196,20,7172,8613,9117,9851,8258,1079,4282,3896,600,4376,4225,5135,6926,1916,9705,9537
8586,3744,1137,4081,9998,6305,9243,7834,2338,6047,7382,152,1582,9911,7556,1450,8221,1497,3988,1703
7150,3366,2432,2794,9497,1642,3003,4022,5838,626,2336,4523,4217,7227,5018,3309,3963,7107,8901,9185
1737,7155,1113,6112,2084,9152,7113,4306,526,9300,1740,9619,2824,1881,6082,1451,5559,7053,1128,1429
3290,9977,9778,2235,7694,6873,3205,4104,8652,4944,3331,4903,9175,6255,166,9578,3927,8851,3569,2900
1923,2047,5649,5661,8306,3434,603,1298,9524,9831,6870,2806,8858,2550,7686,1170,8840,2109,8124,776
9271,4053,1222,2291,4505,4963,1572,9417,2805,6491,5057,583,1109,7263,589,7558,695,4964,5288,4584
5722,403,4459,6827,5484,9411,8775,286,6274,4298,4149,3789,9870,3358,4892,9718,9879,1847,9936,743
5060,7169,7809,5547,387,9729,156,8800,2539,1179,7902,5882,4417,5168,9125,836,6086,3021,869,9299
2673,1596,305,5283,662,6452,7896,66,9525,3384,7125,3696,5687,8154,7049,731,6931,5341,4066,5159
545,3771,5380,1543,782,7786,8110,7647,5454,5999,3946,6861,2175,5931,6212,2685,1398,113,3303,6832
2760,8123,60,5873,3783,8017,8402,6348,3935,2818,4399,1488,7687,5545,1047,3264,7189,4804,768,6433
6165,4316,3736,6178,1454,7690,5232,5681,3428,8029,5136,2105,7408,27,8925,2893,9511,6959,6970,7312
6016,5863,6008,5432,8821,8780,4072,6435,8822,4270,3300,1623,1038,3484,887,1317,7471,1422,7912,7717
2608,1337,3473,3481,5166,1342,6259,3750,5289,4716,7990,4593,6334,1108,6594,5717,9233,3646,6557,8975
3076,1191,2067,6141,8767,1227,5991,8820,8420,1502,8230,9868,9881,177,5706,1135,9562,7726,4215,6018
9085,1435,8206,9408,7403,5929,4263,8701,1083,3712,3580,9770,668,4525,9958,3477,5243,449,7305,7360
2442,9235,9825,4385,4486,2355,6307,5638,9441,8493,2138,8224,1019,1171,1567,7296,9600,3812,3537,4949
7479,9559,2713,8875,5514,4296,4770,9759,9302,1163,2860,8296,7999,9727,5750,6918,1579,8778,6128,2926
4678,5410,4589,6174,9356,4785,1395,886,624,1844,6893,4680,1856,4609,6838,7918,8507,440,7523,7982
2189,5755,9898,5993,8499,3367,9389,9560,3977,1217,2325,4543,122,3546,7287,1373,6113,5412,1896,9822
7714,8712,9151,3069,6399,5707,2790,8625,4475,1305,4208,9189,5282,8668,86,5648,8516,5987,8722,5808
233,5762,1913,326,4703,9774,4856,5481,145,9783,8146,4788,4450,1070,2292,8417,301,8852,2163,463
4780,9803,2985,3742,9867,7776,6651,3363,6335,7782,1017,2813,8857,1180,2022,3583,3306,1143,2885,2120
8900,315,89,1787,4382,1299,6257,4433,5127,6063,3399,1618,2364,25,7831,3302,4062,8842,9631,2881
7365,4730,4793,860,3707,4172,5335,9896,5970,3089,1023,482,8292,1424,4239,1439,8982,5975,8526,1694
5612,4043,7117,4362,6626,7539,2669,9916,7420,4097,3252,245,4045,3116,318,5851,8939,2822,1349,9908
8233,7415,7875,9667,436,944,3735,7188,7337,2631,820,2933,4168,1129,6267,2385,9685,6272,7904,6542
9900,4702,7916,474,3497,1587,7191,7828,8240,7389,8370,2722,8638,2875,5840,7394,6789,979,8035,8661
3446,9679,9479,7430,5553,2034,9823,1706,8533,5255,3084,2317,9856,943,5594,4116,5045,5394,5457,6343
1438,4774,9481,81,6351,9148,9123,7595,1744,6952,7088,7814,4802,9862,986,5201,8259,5883,7518,8561
3288,3727,5744,4012,9561,2048,4337,591,8192,5781,9987,2078,747,7007,4761,7716,9653,2356,6762,6969
6357,1452,9919,627,2111,32,4343,5745,8442,9769,9250,9984,6260,229,2922,9449,4480,5422,3947,3393
1637,7629,6454,2743,2652,9854,9853,5950,6140,9292,1292,2265,9194,7791,1726,610,488,2740,9566,4652
532,9114,6538,4430,3318,9298,2241,889,2914,899,7384,7994,6378,9928,2620,6439,6752,7602,7375,3370
6484,5895,1226,1133,1648,1390,4207,7439,9993,3591,3053,8142,5650,6786,328,9709,1730,4431,3085,1208
4630,1465,1142,8093,240,501,7672,3955,7055,2571,7765,3805,4477,5811,3611,2100,4510,584,9857,3917
6189,2417,38,3858,7979,7790,7677,6679,8537,4658,8791,8423,4069,4458,9751,2809,4432,8078,5828,1097
