801,6674,7142,7791,3931,7002,966,7636,73,7080,4444,3288,6189,1231,1085,4789,1481,358,4201,6866
2878,1114,2212,4209,7553,2180,1065,1418,9117,3081,5324,4278,999,114,9564,1894,6144,2746,7402,9167
9142,8974,5378,9104,48,9424,9276,5782,4447,4463,9635,8657,2293,2676,4466,514,171,1806,6319,365
4307,250,1486,7434,3921,5881,1765,5187,1718,2847,3249,6894,3235,87,138,3682,6864,659,4181,1772
7020,7141,8639,3440,32,728,4004,8151,6046,4080,3387,3960,7576,810,7072,3813,2130,9318,4380,528
548,5802,6900,2069,571,6800,5398,3431,6776,2306,4853,2765,2076,158,7839,235,9591,2270,1657,5311
7975,9616,6058,9019,6403,3585,3521,3664,1696,3275,3634,2022,8263,817,5922,128,4563,1434,3233,2790
7547,7112,6604,362,4980,4090,7271,8011,1015,181,6870,2211,3261,6838,8575,3882,1263,1925,8089,9754
7504,5742,1316,1560,8650,9349,7278,7646,1918,490,2732,7903,6310,9203,7394,8188,4318,5917,4075,7175
3984,354,3808,6729,909,1984,137,1182,4213,1221,349,1133,9787,6178,6277,5959,2913,6565,8423,286
462,7004,9373,5185,4842,4902,3646,1737,3538,2301,4000,3152,7812,2596,7713,6757,4403,44,5661,5953
3545,2461,2993,3977,5871,8563,271,2213,2502,9706,709,2533,5168,71,7579,9545,8319,5978,8594,9368
2416,8784,6520,3888,8220,2436,8367,4280,1538,2161,7009,4096,4863,2331,2186,8315,7160,9597,8680,2026
748,9091,5107,3293,1811,3572,4136,2893,3970,5716,5810,7569,317,7574,3859,1381,1876,6352,148,8380
4064,4654,1057,7523,1606,2494,1618,3320,4165,2539,2908,1796,6248,6733,2333,4051,3829,3762,3540,1064
1527,2021,2563,2044,1137,6492,7024,477,2678,8260,6830,9884,6331,5059,5448,1992,5403,5925,5101,425
608,7432,3479,3623,7129,3867,5965,254,8012,2094,4775,1150,3927,6619,5368,3587,4458,9937,7821,2796
847,995,9001,7825,8403,7086,9301,4532,7995,6102,936,3221,7936,4258,6687,2995,6955,2007,2367,696
679,3784,3967,2221,794,5335,3359,1740,6680,409,3809,783,796,399,7192,1583,1007,2959,2850,6976
4286,4802,7635,5111,7494,4975,5495,2677,2918,189,1893,5440,1160,5581,6098,359,2825,5426,1568,1720
8943,1587,7719,3045,4268,4832,322,1181,2799,4483,4210,5542,8189,7887,9719,4152,7600,4706,2489,580
1377,1350,6034,8261,495,1000,9572,7018,8156,2103,5539,1091,1642,4805,2687,2392,9640,863,1450,3908
8752,981,6005,2674,7439,1530,6190,6908,4577,1519,8698,5625,8072,900,8001,224,9524,9278,34,7044
9226,2706,4885,7032,115,7153,1764,5675,7706,3782,3491,6247,2247,1310,3098,8913,6262,1728,2701,6906
372,2235,2148,989,4153,6353,7095,7870,361,5732,2631,7358,3060,6793,127,2164,1325,6984,6305,7672
1233,3546,3874,67,8665,5979,1520,1363,6126,9931,8264,8295,4566,5257,4157,3005,4679,2090,5443,6055
629,4755,7045,7534,3286,3310,8587,4182,4229,1426,8107,4177,7633,1008,3137,7245,8588,7551,6779,1171
6259,1507,1556,103,3297,7479,917,4138,8976,8323,3373,5416,6763,2965,4928,6585,9228,3999,2356,8929
9989,8750,8603,4249,2506,2268,2483,1487,9566,3537,4021,8764,7137,7769,8925,5178,4826,6054,3798,3252
3647,1818,6461,4765,8332,3250,4666,7049,9280,2941,1145,3641,131,3708,4949,4830,165,2085,6409,4911
4098,7092,8435,2686,2721,3516,2210,4238,3437,1104,26,1178,3300,7377,6135,6448,2326,6335,2155,6198
9207,2023,4767,8584,2568,3230,5602,6807,3425,5037,8030,8998,9793,8671,5143,8679,1159,2008,8499,3199
1899,3321,2656,980,9275,6683,4686,343,77,6375,9337,858,7892,4115,6394,9651,8465,5248,1201,1664
323,3007,2517,5759,5042,4386,6901,2618,5804,1240,4011,9417,433,3812,4771,2168,7393,5966,4536,1678
8363,1582,8500,7974,8633,2440,6695,8782,1338,4168,7148,9023,5749,2663,6550,1939,750,2339,729,3385
4287,9966,342,1994,9932,595,2042,3620,7997,1763,6201,1970,4412,8781,1474,5154,367,5487,3772,6947
6675,1543,2251,1457,6990,9358,503,206,1675,4102,5796,2571,9539,4860,1501,5821,2681,4023,6106,2165
8559,8190,8706,8042,2041,3027,1755,5472,5163,7862,2393,3244,9515,9659,836,4837,4964,1075,5914,2486
5233,8548,7847,953,7100,9796,2570,7794,7660,931,6704,990,6913,7277,4702,8361,512,3276,24,2067
6398,2879,4175,5792,9003,672,8253,6477,1229,4285,1359,7418,3696,4773,5438,6476,1849,4703,2391,8617
1043,4340,4852,9205,7334,3688,4155,7411,2276,1128,1785,7539,1924,1636,9647,749,3095,3626,1784,3013
678,1024,7146,1213,4595,587,8536,5343,1929,3756,2208,4966,1323,4781,2347,1173,5475,2865,946,1222
757,6829,5003,2157,5790,4263,3774,1957,5271,2633,2472,5738,16,7324,7727,4207,5242,3299,8971,8327
6027,7615,4035,8213,5363,3978,5949,4420,1739,2389,6340,9187,2336,4240,5156,4931,2903,5290,8447,7705
5761,3037,3993,6435,8099,1940,2708,1307,5068,1237,3694,3986,3327,1890,4916,1612,4191,3881,1390,8554
4788,7939,5726,5551,9168,3598,5036,4486,4673,6450,4619,9134,1299,2670,1126,7396,2176,4838,2362,2142
2778,840,5400,1584,6217,3576,1550,2468,4313,6524,6977,2046,3917,4642,2403,1313,5603,8922,7103,576
1822,2104,7069,5766,996,4100,3407,2852,9182,2051,5479,1683,1170,8191,385,1482,527,8348,2404,924
8478,2006,3318,4145,9939,3160,7182,4680,1567,3558,1539,2455,2405,2872,7729,1138,6693,4099,1375,3121
4415,3922,7098,1902,9125,2484,9752,9871,4292,2230,3065,8629,3184,8903,5480,3889,5969,1857,2190,958
9407,1081,540,8874,3834,7655,1512,414,1923,9289,2361,9305,6415,633,738,501,6159,6875,3239,9527
3785,9285,8197,611,3836,3047,6634,8133,6158,4295,9254,1814,1371,4758,4288,3701,3014,4861,2611,6209
8761,8245,2624,4560,2689,8232,1617,9633,1101,1385,1429,8420,7058,1566,5952,4029,9548,1884,3549,6479
108,5744,1438,5934,1770,600,177,6919,5292,5052,5773,5327,7920,9808,2978,4599,1465,8277,3004,1183
4605,9053,1826,5669,2445,3512,1988,5221,9352,2806,8276,9347,9897,7590,5791,9371,7577,5002,4299,4603
4597,4500,8494,3775,6364,8446,5442,6125,8290,7202,562,6826,7802,957,8947,1142,3480,4273,4248,2980
2382,614,7604,4607,1230,525,3900,2766,9788,2603,9858,6975,3395,2139,3148,2593,3509,2859,7910,3608
1697,701,5606,2288,2406,3443,9889,8502,4030,3096,2784,6302,6814,5664,5218,6204,6525,3356,1477,9746
230,4808,5585,6961,1294,9760,8101,9634,5261,940,150,5567,6501,856,5220,5149,4123,7972,8456,2340
2726,6957,5583,7190,2321,1951,5955,2843,2437,5817,3938,3686,7934,6771,9677,5410,6472,6265,3850,8763
233,4969,793,3520,377,2249,7244,6008,7757,175,1367,1998,5266,9239,8015,5236,752,5331,6504,3291
7050,2061,9749,3795,5473,2458,8259,8186,6936,6939,4356,2513,1972,373,8000,916,4434,6151,3398,6860
2639,8952,8926,1498,2822,1536,2812,2240,3198,5136,8524,3476,5349,3475,6301,4241,6711,8080,926,4693
3653,5767,639,8859,4934,3039,6342,8298,6577,1301,6175,42,8454,4647,434,3404,9546,1816,5354,9074
8826,1695,4978,5740,8851,1724,8152,9959,1868,2444,9238,5698,8275,5134,3501,427,9222,9733,1810,478
5427,9732,154,3619,4012,1686,6927,9896,805,407,1087,5076,134,7381,6317,7185,6161,1420,8267,5660
6720,9380,5300,4041,5584,9923,2132,9331,6288,3285,3270,3713,1453,736,421,6407,1672,2724,2642,3687
261,2380,7400,5800,5706,7942,6868,5359,3610,5099,2601,2960,6452,5151,4743,5704,3695,2175,5690,394
897,745,9542,8023,163,5120,7106,7522,8170,4364,9056,508,9034,7125,5325,449,3218,939,6059,5488
3894,9062,1189,8919,9026,6732,4582,6751,2353,4387,8953,3167,2793,8237,7525,1801,4653,1490,1841,5607
9115,8779,8558,3176,6420,4179,6237,5029,5412,8031,9784,8811,3541,1980,2964,1553,7035,3010,287,5380
2363,3056,276,1937,9103,9102,6428,1360,9997,9904,6021,6825,6309,1494,7874,1370,6910,8358,3147,4113
3923,776,475,3389,6197,891,208,3336,1870,8879,3025,1492,8980,1252,9360,7694,1563,7315,1053,7540
5754,7979,7568,4465,1699,8289,1727,1459,3536,3920,5462,1848,7923,381,1548,4302,1743,8037,2038,4057
699,2841,3677,7909,3319,6698,9580,2170,1751,4614,1708,291,5477,289,1215,569,1397,7623,3352,4947
167,5811,613,1045,2313,1714,9032,4394,4471,494,2961,2197,9295,8282,2243,2599,7167,1070,2952,6264
9898,2585,4203,274,479,692,3575,4350,7676,4836,8300,9812,9967,7482,3231,4687,2803,3349,2077,1499
4344,8921,6579,7149,994,9531,9790,4369,9010,209,7356,8404,9338,1537,7352,1344,5005,8651,3257,6709
3656,1010,2660,1179,4479,8081,8829,3197,7836,1141,5561,6411,7390,5062,4727,2801,6647,8328,6912,5320
7801,6782,8627,8875,2194,9124,8753,878,3421,3274,4148,6788,5853,9637,193,5347,7266,9083,7193,5933
1662,8155,4854,6834,4060,5508,5334,8437,7164,8059,1580,2227,9687,1575,1098,1193,1986,178,6419,1736
7891,5146,9619,3819,5171,520,4993,341,3761,5608,3185,4144,8143,3912,3362,2846,3058,3386,1804,1262
2935,4321,8872,2821,2237,4631,6330,6228,8422,2575,3193,3883,4688,5010,7211,582,5755,4890,146,3271
1812,5269,918,1649,2606,4498,4704,6081,4311,3181,5547,7841,6786,1679,3303,9453,1394,9178,5973,4719
3282,9304,5854,3068,681,2816,4979,8105,5247,7039,1523,248,8578,8628,798,9501,4754,875,2201,8196
1387,5815,4894,2788,8396,7223,9308,7500,3178,7928,3409,6988,8931,4525,1949,4961,1668,1083,4309,9762
4921,4422,6624,1815,742,1034,1187,1865,3088,7767,9661,8511,3893,9947,9951,9915,1414,7662,1773,524
1622,4845,2402,4998,3674,6323,9976,192,3553,36,2369,201,2785,7740,4033,3939,7465,3628,344,4918
5241,7145,4246,1790,4909,1571,6767,6100,9180,1113,1797,2815,7669,5007,1368,383,7810,8924,9378,5316
9109,6168,2315,1261,1051,5329,8501,1001,9891,5066,2052,2407,5094,5836,5166,9669,4708,5388,6413,4231
3843,8541,5541,7608,3731,5891,9351,9875,9671,4512,4106,8108,231,3272,486,123,6933,9411,5858,4116
8239,5504,2945,9036,3839,7849,6611,7168,2619,1260,5509,4437,9164,1161,6654,3721,3515,5493,4575,8910
2589,657,9522,2982,7300,8243,4604,4945,3709,1851,6378,5718,6269,7856,9160,2928,8251,9999,3138,497
9593,5405,1017,7619,3306,5008,2057,2449,616,8583,9723,7815,1931,509,5729,3329,105,3635,4524,8792
711,8146,2644,2858,9448,6717,1456,2705,6052,9622,4448,2877,3652,4192,621,1297,6932,843,7779,1140
2844,3203,1597,1956,8479,8310,6940,2299,3072,5631,8492,5945,8828,4569,9346,2174,3076,7427,4141,9736
5430,3630,3000,3898,515,3814,8666,662,2983,9467,7288,2933,3032,1753,4005,4025,6750,6712,4942,8378
8738,156,2317,7055,3736,9449,487,4895,8445,3400,166,6971,5708,655,5130,6622,8178,9152,8604,8234
2466,7895,9186,3981,3860,3918,4361,9495,3675,1685,5950,2512,5317,5344,6872,4730,4892,3499,1828,7868
5559,9525,321,2217,2018,7310,8877,184,3729,6083,3942,6214,4649,5340,5604,3020,4379,3219,3600,1529
7941,8126,6748,4296,6048,172,645,4092,3225,6878,5846,8612,3595,9519,9650,8853,3586,3593,2863,6303
7686,2078,1388,1691,9366,3934,5323,9615,25,8288,9468,8742,6602,4662,6962,2717,3504,7195,7391,6344
5078,7331,3718,6737,3265,227,1694,9832,4365,6659,6614,7089,369,9452,7369,1175,2428,6966,4395,1096
8739,8908,8669,1800,9085,5756,4337,4616,4406,2534,1996,5417,2998,1412,207,5014,9693,7858,8618,7763
2829,3855,9185,9303,375,8812,9585,4071,8911,1076,6390,7582,573,3778,3618,6096,849,9722,2560,2953
1947,498,6425,5722,3853,252,7743,8074,3153,7052,4923,6978,4014,8376,2807,7126,8523,5056,1090,3871
1760,9810,6108,5533,3342,6600,6041,1391,5733,2522,3773,9017,7861,8347,3397,4441,5142,2780,2520,1496
3789,468,9021,1665,9520,5245,6464,9799,8640,2762,3533,2742,2641,8140,8927,8984,3768,5259,7171,4026
4154,1877,3919,8033,3486,9105,2864,7511,8981,3429,3255,874,1825,1079,9943,188,4108,8029,1795,904
6991,116,265,861,2977,8280,6576,9568,4251,3991,3621,6122,567,2225,8887,638,3810,9170,2720,3704
640,1786,7084,445,781,2771,4239,9921,2702,5023,1754,3159,1620,2256,9782,9277,6092,8869,7846,9087
4683,6727,3522,4142,5265,2594,8585,1752,2531,5128,6219,5481,2861,3163,786,3188,2610,4467,3851,5414
5845,6014,4522,1635,5880,2688,3481,2507,2671,5703,9614,6949,2769,6089,8453,4377,2365,2291,5816,2712
3283,9829,5760,1641,8193,8194,1019,6282,9791,8576,463,5861,1619,3552,7620,6780,9198,4450,2733,3897
2169,1157,8249,2645,1422,993,1504,5338,5872,1379,2093,6026,2906,4428,2725,2813,6377,6692,7530,4335
229,6689,9035,9397,7203,6871,6897,8173,7001,3895,5372,9357,9175,5203,5384,3556,9379,5232,5217,7226
5668,8180,8317,7710,8768,3667,2348,4658,1078,6320,6242,8589,3298,7443,3604,1962,9714,3873,9461,9231
8982,4271,4593,6819,5768,9697,967,8546,3916,4517,5165,8736,1552,2923,813,9341,9512,9673,6728,396
6521,28,5173,1509,3295,3241,2679,6086,6245,983,2576,8128,7165,9067,113,3031,2776,6216,848,3473
8408,2528,7584,660,2501,9927,6960,4211,808,5181,3408,4516,6741,6963,3590,6010,7269,8203,8048,577
6629,6499,202,6039,2962,6572,8889,6769,7059,7657,1798,4269,1311,3143,8231,8138,9473,3513,3403,7954
9920,1351,319,6307,5175,2136,9217,9766,4169,4443,4405,7557,5793,6538,2901,7326,5941,2971,6433,6795
3668,1121,7342,3108,3217,4699,4018,7732,663,8482,8719,3216,5239,9234,1100,2523,744,3033,7076,1829
7268,9571,8917,8878,9740,199,9638,7599,4990,1630,5683,9667,6546,6522,9258,9577,7888,5730,9642,9153
7325,4650,4028,6227,4382,7097,139,2196,1625,3028,2529,8856,901,5837,7298,9944,6820,4710,7453,3744
7279,5000,1335,5932,599,3353,3361,4262,9413,5866,3335,1719,9873,4543,450,2853,9924,2643,4723,2456
4646,6735,1910,731,8272,7229,601,6370,3350,1378,255,3314,5371,1788,3024,1823,6434,9900,2158,6981
6232,7493,5785,3969,3633,1913,7446,3497,8141,5458,5434,2074,3391,2743,3428,353,3036,9945,9194,3323
4787,9011,1176,4485,3933,2735,3901,1905,3943,7060,7154,2907,7405,3719,5879,2498,9688,2016,543,6781
2001,5553,64,6137,1605,2141,7712,7359,6760,1545,6770,8606,4225,3507,3757,9072,1074,1208,5987,2819
2092,1327,8593,8619,8655,8648,9551,8185,4460,6553,8209,9120,101,6267,797,6764,7739,4726,256,205
5445,4799,281,4797,9235,4445,7285,4715,4236,7430,5702,649,1807,6649,1608,2876,1144,1432,5303,7528
352,2399,3525,719,9578,7413,5032,2764,5150,4457,751,6077,4700,210,7322,7033,2368,3144,6591,7458
320,8182,4823,9755,8747,220,1564,6241,7665,4408,4208,7697,2014,6421,8366,1102,2658,6040,9173,2469
3123,7078,4813,93,3338,8122,5977,8297,9636,8106,9530,9794,8734,435,2259,802,5990,2250,676,7304
7650,4199,9030,2552,2748,3902,3606,2031,976,185,325,8472,3240,8776,7040,3135,283,7093,6992,2102
9297,7969,6917,9540,6078,2100,6401,3154,4620,4556,2798,3085,4508,5951,6203,1821,557,9902,1151,2396
408,9819,1117,6615,2310,2549,9427,7250,7674,7384,4491,7345,6568,9376,7007,6701,1266,5355,2177,4410
9876,2002,782,5457,9181,7272,4122,4162,5697,6754,4017,830,6414,6223,39,1974,1218,4499,541,4572
6043,7063,136,8674,3245,6536,3334,2810,9230,4843,7066,5841,3434,5422,2711,1039,7082,5825,4159,7733
7242,2926,1476,8093,2880,8268,1123,7162,864,4729,2894,3832,9811,9922,8516,3780,6015,8040,5639,2768
4419,6787,7596,3896,3591,6231,8767,2889,8250,1687,267,37,6311,9537,7886,7772,1199,9541,5020,4857
8642,3156,3377,7730,7000,3278,7560,7595,3574,2475,5286,9220,5779,7589,7460,4282,2032,2948,4972,3333
5674,3402,7932,3974,4558,860,4971,5258,3936,7217,2985,3823,6569,4107,301,5693,7517,5745,1347,8179
1901,9641,5936,7497,5381,7651,4752,5158,2581,8833,8728,9815,632,3119,4519,9842,2922,6294,895,3872
5921,7117,779,8254,419,7882,6643,6056,109,6152,2448,58,151,1926,9403,6321,8084,4294,3284,3080
8010,1440,4170,4149,746,3105,379,2408,2005,6453,6103,9601,3426,5086,4999,157,4095,324,2940,6313
3445,3205,2767,8760,5985,3034,6280,3006,7174,5281,327,7455,619,7863,1991,9247,2655,2834,5601,3769
3155,5230,1035,6136,3103,489,7144,5214,3589,4167,1256,9256,1066,9574,6199,4206,5651,5038,1169,4416
3294,3224,6314,839,4956,4476,7980,3649,4933,7818,7760,1589,529,3016,7061,5206,1014,9463,1660,3458
1082,6341,865,2537,4291,6765,5383,8933,9914,390,1424,8570,9689,1118,6134,5389,8104,1069,8830,2899
3367,5946,7243,6638,537,7133,5070,8816,2162,5794,3550,4529,7762,8028,4827,5418,586,5870,52,5015
9350,4551,1068,2328,2316,7642,2215,7111,3678,4581,1353,2114,7068,7720,4968,4574,7764,6877,665,5727
8430,6534,7113,4695,5058,2535,8113,844,9968,8659,4801,9302,1122,2119,3,4657,1491,7206,4461,9862
4492,9817,8662,4473,2101,1634,340,5878,5450,3289,579,7036,4293,7173,5562,8983,480,2054,1749,1869
4150,6024,756,6187,8208,8638,5897,5376,7542,6809,4396,92,8082,3506,5763,5494,7666,7273,8758,6548
6734,5556,3950,5252,6406,3531,6049,119,7552,4176,6260,5467,7401,9558,8676,3670,1308,6739,5295,476
5201,6837,1775,5421,3787,6822,4751,9691,2312,5282,2740,4389,7293,29,9654,7782,1284,3638,4297,8788
6581,2120,1919,3905,9919,7937,9657,7622,5898,496,4570,6105,1578,9418,8923,3615,3597,4481,9482,2265
6494,3543,8591,5141,9854,8882,1735,2195,2198,5512,3042,1574,4623,5677,2481,7685,1717,7017,90,2545
5392,9155,3951,1611,8137,6029,8217,4643,3474,1047,3946,3924,9099,1431,2881,6535,7610,4001,5579,2152
2882,2320,6589,6635,8777,7407,2065,3264,3592,6639,285,8756,700,3061,1746,61,784,4829,4234,3856
3337,9488,80,2626,6272,8957,732,9487,3568,5723,5465,5011,7003,4398,9425,5471,658,581,7451,3767
961,4976,5200,8969,5663,2447,2383,1844,4622,9266,8778,8041,132,5090,4903,5025,4881,5223,6373,6169
4198,6916,9903,259,3803,3204,6391,8519,8341,5699,5943,2422,1326,3786,4020,7771,7638,9494,2091,328
5995,1856,5184,7005,3371,6155,9293,1033,3564,3049,2134,330,8073,4119,9695,6653,8891,3412,947,9826
1402,2003,1540,7513,8695,8357,3944,2493,8312,7013,6478,5831,7115,3357,6740,8608,405,5077,603,5599
9748,1979,273,5549,561,1656,8322,550,7852,7778,6651,5612,4717,9177,1836,2433,335,9202,5672,4578
4015,3001,3720,9316,7999,3465,1837,8780,1041,5394,6426,8965,518,934,1528,9567,9208,718,5199,9445
2672,3200,7770,3442,1862,4435,8360,2460,8691,4125,3416,3182,8159,4573,6752,7471,4488,4915,3994,7536
8144,3990,2088,7896,7804,5312,570,4716,6210,2544,2159,2546,3089,885,4938,4062,4312,8649,4054,3722
5133,7700,6713,5710,3684,9977,2283,5189,3532,8771,4796,2547,2730,3579,7362,4776,4737,6397,3214,6749
6718,4133,4660,4994,3346,6896,1993,741,5153,6099,9386,3835,7274,6681,5436,6631,7011,1613,469,6371
5615,4714,1232,908,7416,9802,812,447,4548,5253,3865,6392,7412,4475,9724,350,3382,2538,7227,1271
7556,2329,715,2223,7282,6487,9443,8118,1050,3676,6172,111,1092,1021,4027,9696,7311,9071,6326,5229
7823,2236,402,1624,1204,3791,6644,4692,1212,1336,8928,9841,5192,2113,6157,8845,3211,3790,5289,6430
6671,7475,7970,4196,4261,9844,5024,5555,8484,9710,723,2931,5228,315,1698,7714,6443,1703,5924,1312
2794,1820,9628,5715,4874,8309,2690,971,4958,5420,763,4807,5030,7559,819,4694,1744,5321,1852,2112
2969,3816,7803,4316,2683,9699,8077,1673,3733,2219,3728,1596,9649,6012,9745,5627,785,6969,5397,2371
4742,7940,1088,2228,2574,955,2342,9172,8510,426,704,9029,3783,5234,674,677,7387,1715,1946,5776
8987,27,8399,1928,1922,8950,4336,1415,8790,2700,4173,761,5912,1130,7290,4284,438,6586,6707,4055
6229,5620,3566,3887,2350,4305,6362,6404,2604,9595,2381,6873,6368,1510,7404,4151,7034,8314,5920,6079
6867,216,6365,253,9126,9870,3797,1067,675,7749,9046,5092,9374,9457,4214,8841,168,9792,5305,507
2781,6243,97,734,2492,1985,8218,5051,6071,3910,5795,2625,4338,6485,6022,5711,2252,9390,605,4451
6376,8804,1127,8699,9586,6699,6186,8294,4835,4617,2777,2178,8470,5527,8900,9827,9868,4985,2666,553
1168,1722,5186,3742,2947,6202,3115,6982,5114,3852,1761,6363,6578,5483,8199,8836,6446,8533,6747,3441
7397,7470,161,5643,5012,7645,6571,4877,4628,8951,8973,1248,4426,5105,4571,2770,5034,5741,4640,5115
8520,1990,883,452,6804,262,5452,8468,3988,9833,2820,444,4545,310,5653,7158,6719,4866,5902,6562
8837,3381,9655,6697,4819,6473,2413,3345,4188,6153,7373,6934,8416,4007,3450,9387,313,3911,6726,9992
1129,76,4610,7073,3692,4381,7573,2694,2936,3396,2358,642,6640,1729,2274,5930,5888,3529,4093,7130
3651,9969,6117,3712,6851,2034,4474,6308,7679,4339,1936,7474,2234,4216,8561,4352,7031,9094,4053,5244
7319,5598,60,2612,538,2905,8311,5843,4272,1658,7043,3079,8049,6068,3833,7751,4757,2584,6590,1002
7707,3514,9882,7718,6853,2307,8252,4058,3973,513,6154,758,1250,9370,8711,5106,6836,1205,3913,6457
1038,1124,7121,8344,9260,584,4333,4549,1018,3689,3909,1287,8834,7241,7813,7385,9271,768,9517,2200
9993,7820,8677,2167,2388,129,2231,9319,4197,2855,7967,3672,7349,9462,9016,1376,9598,6564,8839,6850
7037,7490,2826,5486,2218,272,2122,8343,4935,9605,8265,1789,8047,8302,5572,4383,1060,5162,8163,4009
4347,7421,8495,9600,4070,307,2421,263,4718,4319,8715,2573,5176,4233,4184,927,4848,1148,4489,7503
8857,6953,8935,4794,4592,4487,7220,6149,8876,4791,7514,9734,3976,1095,5409,4490,8406,420,1303,5735
3168,7512,3755,4354,1012,9502,5576,78,1781,5213,8789,7486,2651,2047,6500,8053,1296,6903,3663,9367
8285,5045,5348,5046,2289,5278,3092,3223,3858,5096,6899,2840,606,7232,7722,5563,5047,4390,6304,4744
6805,7030,1954,1025,9090,8418,8505,8292,5169,9209,1598,7450,6557,6705,8132,5264,8078,66,2327,6575
5374,5944,533,8448,2956,1944,7989,8765,8940,2390,3472,3477,6489,8044,7449,8433,2890,5629,5592,9984
6069,7773,9694,3875,1406,7263,5939,9584,9739,8986,5476,8219,4618,3776,1779,9334,4741,6854,7735,2375
9547,3555,1726,2921,8643,2107,2954,4072,8257,456,3435,5875,9609,6119,2011,2004,4040,3681,2734,3215
3347,5947,821,903,6880,4404,57,6156,5670,336,182,4366,5249,1192,7654,4163,2835,6405,5989,3487
5446,7854,3732,2053,4507,4922,1791,7508,8116,3825,149,8542,1629,6608,5874,2661,3151,970,1449,3495
4824,8509,2693,826,3141,9300,4834,950,5437,1555,10000,5069,5521,3779,4974,7251,560,3739,5516,1421
8301,9679,6439,2949,9686,5304,1460,2548,8008,8273,4598,3937,866,8350,416,3173,4841,1792,2669,8087
5081,8694,4904,7264,1561,9037,8550,8392,8381,2558,4677,7023,5962,2282,2895,1341,6668,1463,3378,1793
7256,2692,5910,5775,4432,2569,7408,8693,7350,19,7128,9158,9570,9073,5386,4130,2845,7295,760,8020
5287,3309,4817,7726,5864,9150,3317,9701,2039,7985,4301,3202,4537,2582,1164,169,7237,4820,4728,912
4633,3379,8569,1115,2938,960,6806,4016,6613,7297,3243,4042,5747,5297,6559,6246,347,6101,6028,8813
8187,631,862,6646,5402,9426,9608,8024,8083,7122,9474,5970,5614,2111,5309,6645,5167,1953,3928,9210
1295,7737,7984,617,2650,8560,1285,2116,5957,4464,8721,5449,2267,3527,5353,7440,3469,4193,2628,4698
2640,5786,6756,3547,8731,4766,2958,7253,8577,906,965,770,4103,4891,9025,8172,1259,6980,3965,6383
5310,5808,3609,8394,5293,334,5489,4349,3571,7516,5330,5183,4290,4862,3111,890,8428,2704,6813,3683
5889,6129,8946,7186,733,8021,8993,973,5283,1511,1577,5717,4008,6766,5256,4991,2530,1447,2990,6459
7929,4912,6633,578,4391,5883,7965,333,9505,2423,2757,2431,1723,8415,422,8562,9496,9717,554,1268
602,2463,9191,7041,4397,9006,9658,4433,5588,3449,6862,1977,8660,4267,6093,8293,4129,9193,1973,1497
9359,7109,4520,2955,5132,9664,1514,1152,7658,8724,9620,7790,6374,9994,6811,9232,3189,1847,5896,4439
5071,191,4905,2597,5531,7817,5720,7734,4440,3792,4430,7286,1771,8861,6570,1400,3457,3705,3433,9313
364,4413,2505,923,5907,7,9940,3759,8574,3483,933,6855,4927,8717,9779,9154,8795,1966,1475,2919
8013,2856,7890,6715,1315,5573,3104,6603,2911,5638,7889,5240,2478,5231,3254,2192,6470,5365,299,3094
3074,2476,2182,8342,4530,94,4510,5750,6778,4748,6163,257,5692,1879,1444,159,9883,6123,1392,4022
5536,3642,873,9206,4782,7597,3266,7971,2566,1191,2099,5342,7529,5543,8349,2145,1023,5455,6322,8442
5908,6279,7897,5637,4948,9162,2254,5055,7102,4326,6224,9646,6486,4327,2887,1554,4586,4746,6127,9750
500,1322,9565,1780,2516,5687,9136,6348,5273,7952,5644,5558,8827,8014,8883,1318,1016,3187,5724,7702
8566,6384,1411,2758,6002,9009,2652,1542,9917,6480,3296,3737,4436,4664,1898,8905,6544,198,2989,8321
9157,9272,348,54,3935,120,1364,7478,8139,6463,3535,2233,9786,1952,2253,3703,4810,8995,3526,8255
9489,8390,3659,5123,3340,1503,6495,2292,5640,1211,922,6030,2994,7134,6566,2714,6531,6706,3026,6599
2349,8269,6863,686,7138,2557,5415,7426,3717,8303,6925,9660,3358,5215,8086,7884,4591,9587,4872,6218
1517,95,907,4685,9008,1766,2191,4082,1403,3365,2635,9048,8685,7750,8880,850,5054,1653,7796,7893
8352,3456,7363,2874,6655,6438,2171,309,9773,7880,5548,1419,604,7079,2723,4036,6790,7166,9935,8075
7341,3796,8844,3344,5570,3213,7328,1963,4937,1,8098,9014,1702,4358,3066,4855,4681,3581,3046,7351
8134,6926,4858,1202,7966,5998,8720,7312,4212,3109,11,6001,6109,8244,915,7027,7317,1873,7323,4589
311,9363,8326,2649,6738,636,5428,2930,1516,2900,1409,1515,5268,5496,4884,6454,5288,2465,4194,1787
89,1166,5886,5298,979,9406,4232,5073,2220,269,6902,4821,893,4559,4749,5647,1750,1604,815,8543
2920,5635,1999,6458,5172,592,2127,8385,8672,8988,8564,755,5484,1135,3446,2334,4362,8683,9737,2153
4104,5193,9707,5385,7452,7459,4770,5807,6469,6724,3891,3760,3059,8769,3671,8528,3724,5464,6761,9477
1627,2525,7869,3863,9325,5714,9988,5649,6803,1506,5856,4684,2058,7996,5155,5927,4275,8281,3229,6605
6561,5138,1413,852,140,818,4472,8474,3657,297,842,9242,547,8506,5632,9268,3237,5202,7550,8286
8727,4864,3212,2707,6160,2787,7010,7555,1995,975,2036,6618,5357,3466,5709,4639,7799,4900,7417,4091
7744,6743,530,357,6994,9674,7423,7469,2144,6835,1768,3726,223,9684,2904,4002,6601,8488,144,5148
1275,1547,646,6281,9509,5196,8964,831,3582,7468,6009,326,5328,2800,7701,7367,765,4348,4250,6907
7926,1077,2932,7466,8824,1046,9716,8885,4462,8597,3793,8754,5250,1093,8119,9401,3811,6540,7221,2049
3643,8226,5974,5456,8835,9060,1930,9245,5179,2322,9872,4544,4143,392,9306,820,8579,126,8166,7096
3157,6466,9478,2193,1217,8224,370,7872,1904,8025,3052,2828,470,7389,8192,1328,6958,8759,2457,4111
6626,3161,388,6273,2205,5784,3794,4906,8424,680,3539,6529,2366,9644,6796,3461,3738,406,4368,4839
7070,6222,3734,9240,7064,4982,2824,7554,8798,7239,2241,3368,8730,6642,5568,2598,3948,1358,5237,1214
6212,6221,3380,4205,845,7329,2848,7944,4630,2110,9041,8449,200,4137,1551,2789,1652,8238,9042,8893
6685,6588,7456,49,2620,6147,5586,2262,2055,9926,9088,7524,1734,2128,9768,9986,5619,5986,5425,7678
9050,7919,7410,3062,6558,7330,8748,9321,3945,4164,2081,6261,2892,5594,8539,6950,7291,5027,7617,8985
5197,4696,1535,1206,6657,2204,5835,2795,7180,2912,9460,5626,2600,8019,4624,2508,2883,3730,1373,4898
4644,1048,4661,3826,7316,6289,3363,4645,8463,5161,5578,1710,6115,8431,2264,7978,9881,3605,4584,2698
7793,6996,9807,3758,7502,2188,6290,6794,6888,5277,6165,2048,2823,2199,4402,6471,8421,6664,1603,7327
910,1712,4230,8810,9683,4418,7399,8400,2202,8496,2079,8050,1602,6094,5285,1644,2967,7592,4279,6593
1827,9908,7931,5988,5294,4944,2583,9536,8990,7454,6143,3112,1200,5826,3781,3551,4745,945,2314,5280
8732,2981,5108,6206,7047,5301,8707,9459,8365,9930,1291,6532,5358,5339,5113,5746,5869,5529,4873,6665
5803,1983,7374,2137,7383,5091,7806,2341,7172,9311,3253,774,1591,8532,7163,4081,1997,6986,4281,6062
8201,7234,6381,4478,6526,5510,9298,6133,7543,1292,3227,5131,6367,8902,9855,8774,5209,2330,9122,7873
3857,8645,8005,1073,3418,7945,3807,511,9447,5840,8384,838,5080,4124,3511,1427,3071,5656,3183,9429
5522,6087,7281,1693,1146,3247,5399,3613,5033,7958,941,91,3351,8773,1632,22,7659,7428,7881,7853
5478,1196,716,4480,2435,3972,8206,4738,4264,7368,834,5511,332,6291,3817,7260,3419,9835,2559,7827
1027,5315,1866,6921,2703,869,9398,9934,9625,5538,8092,8865,1965,5679,7081,7805,3519,3611,8223,1398
1522,6016,8489,1897,3369,2684,2124,2473,1911,6753,4625,2607,9589,4101,3594,685,264,6554,4920,6972
5345,9960,7916,133,3983,6183,1968,7867,3955,5267,5433,5124,3968,7960,6174,9033,3287,7594,1488,5118
6832,9395,7386,8038,3840,5352,664,5923,9369,623,7747,5423,5911,2346,6366,7994,4146,2260,3171,5180
832,2556,7204,536,5525,6194,2713,5564,1167,8058,9320,5469,1742,7077,5701,8701,725,5743,5968,437
5833,6460,1207,5411,1637,932,6676,417,7429,9987,683,8127,7051,1861,2775,724,9174,4954,3690,9382
6527,6402,6998,4376,9079,376,8785,517,9394,1803,7609,8318,3530,8354,559,4818,8581,5624,6484,5684
1223,2653,380,8145,5526,6047,5931,9632,5291,5074,9089,4127,7074,4202,2394,228,6278,7822,4736,8161
415,7988,7422,9680,7515,1895,5064,8135,3302,4550,7021,2184,5238,9662,1677,1666,9839,1758,9822,2782
7711,3763,3879,4722,4360,8236,8688,8370,563,855,5546,8801,2068,7230,6468,2106,1249,5982,8045,9471
585,1756,7628,5557,9798,4343,8716,431,9747,6385,5534,2554,7357,7480,5382,3557,8803,7308,5517,7624
4120,8124,2943,5829,21,9703,8147,9396,5098,5665,859,637,2335,6513,3194,430,4629,9446,8823,8235
2638,6023,1277,574,5980,2309,3113,6296,3150,693,8379,1471,2121,4535,6250,9224,6791,7415,9139,7301
3134,8368,7632,6801,9853,7447,8266,8689,7028,5139,9267,6182,8483,7087,3099,5044,9751,3125,1654,6660
7977,1319,1279,3957,4893,1616,928,6517,7829,9288,6596,6890,6195,7132,1707,5351,2446,5482,5997,876
6462,9441,1255,2300,1445,8580,6625,9093,3573,4385,6904,4180,5926,6798,3654,9128,1428,9022,898,8843
9148,4865,5270,4317,4967,3438,8177,1366,1156,556,1521,5035,3127,7691,6833,6844,9326,8815,5366,3130
3226,6297,8018,9055,7938,641,7562,9549,2561,5569,1674,9973,7332,6019,3009,1776,7668,9777,9253,2163
8609,1663,6121,2623,3030,8006,9521,6429,4546,9725,7601,1257,7395,2988,4373,8762,6592,6387,3228,295
3799,2261,9255,787,7866,7214,9610,8525,2629,4917,789,9676,8547,8389,8512,8225,294,3542,4897,8062
8063,2602,6180,7857,5100,1645,6993,4800,8682,1278,9251,8735,8097,9965,9131,5940,954,2352,7343,8526
5235,7607,2272,7680,7305,6869,4869,1805,9569,391,6682,9237,4995,9114,9712,8886,8221,2503,8409,9197
8061,3644,7492,1186,1646,2062,293,7848,368,4946,1238,5072,2000,7879,6053,9328,6985,3906,2763,4534
6758,5712,8819,737,9292,9433,8890,5520,1927,8459,1638,2133,7120,5102,6815,2070,8555,6334,9834,702
7483,4785,7489,3192,9602,721,814,598,5877,3929,5855,7048,8016,9508,9257,2755,8854,2297,1356,6139
9612,4131,6208,1044,9458,6482,8686,9246,9727,3093,8714,4068,6065,2567,5413,6905,1293,6861,8538,4987
720,69,7053,6437,8460,9730,6879,4567,1009,4077,5565,4709,9493,7270,7580,2564,6818,5016,1372,740
5083,691,432,6113,5502,4048,47,4414,84,6497,2718,1103,7213,2490,7085,4732,6188,506,1569,6164
75,7911,4648,9000,3580,275,7990,2592,2181,8227,7246,2384,9384,6020,822,1382,8802,3140,5633,5369
5550,6543,7961,8775,7908,174,8032,5346,3822,5057,6082,4227,4332,7860,8999,9603,7382,8740,7976,7798
6140,7118,8246,8605,7875,3818,7235,2149,2609,7832,6840,1349,40,6177,7544,1244,9415,5216,6514,2809
8994,7728,6213,8687,3710,135,3232,3648,4997,8507,5262,4442,9456,9031,457,8696,809,8636,829,4963
7199,3044,3018,1943,7566,3877,9678,4509,1405,5308,4452,673,9774,2086,9354,8136,3907,5689,1846,9789
4806,7843,2479,6018,5928,6274,1964,2214,7261,4222,3697,804,8473,234,3021,9434,8071,5686,2452,1174
5170,4089,9063,3693,4482,6167,4010,1320,1586,9728,6252,628,4844,9735,6359,7616,2464,6883,8091,5362
9560,7649,6784,2970,1628,4341,3258,9553,7953,9309,7721,8291,8313,4940,7673,1061,2248,1108,6076,937
2285,3011,7088,2630,3383,6449,240,5634,8417,2697,1253,5089,5806,9656,4689,2379,5859,4533,2527,7901
8673,1062,1132,4494,1896,9005,1177,7216,2429,8034,5532,8070,9333,7800,7761,7963,9492,1188,5377,9058
8518,6255,8043,4003,2946,6918,666,339,5441,753,9532,1136,9273,3129,3494,1340,2303,3962,5652,6789
6874,5842,9820,6063,1808,5361,5302,2318,6036,5630,3985,7065,3164,8641,3837,5666,4711,2891,1158,8888
9942,4697,5863,4306,959,7355,1835,4669,304,6145,8945,6128,9507,142,7275,7527,9129,4374,1054,9469
9342,7753,8202,8997,6549,5905,7933,3492,3064,8805,6928,6541,6700,5159,3669,1525,4254,3332,2860,5127
7499,176,4870,4636,1274,7883,4506,8944,5013,6915,5097,703,8174,1912,8414,5958,9106,1343,8051,8374
8855,969,1680,9440,7774,3430,825,45,88,1839,9343,3561,1987,998,5318,2747,7196,6887,790,8427
3666,6316,8702,2277,9643,1883,9408,4147,8410,4955,9484,4939,7921,2045,6423,474,8211,1443,647,4446
8373,7252,9980,6856,9895,4283,4351,5725,3464,9428,7675,4816,6196,4204,9324,2750,8614,1451,9118,6074
1633,8200,3612,4876,3102,1651,443,5915,8284,5204,8475,3091,9199,4400,360,8339,8582,7598,9204,5022
531,8568,7545,6846,2398,6292,7637,6225,1401,1670,8477,7090,5942,7844,6286,6215,8064,2818,296,5971
882,992,2783,8176,6656,4342,2715,483,7618,4393,9236,6632,4576,5460,590,9212,8471,3376,3861,593
6885,7026,2591,8356,7143,7948,2278,4601,991,8783,4552,4988,9758,3488,1859,6395,4882,2888,4682,8439
8534,4635,2605,6944,6884,5307,4353,9263,86,7150,7725,3414,5333,3057,9764,5174,5191,5404,398,4270
9894,8351,2467,2245,6997,1386,2699,3166,2541,8729,6293,6891,2682,8631,2013,5110,7696,2898,943,8229
9513,1282,5364,3490,8247,4769,9543,9715,7850,1640,8462,7147,1116,6954,2896,5506,1194,841,6552,7634
8537,7436,5757,4156,4856,2417,7907,9579,1059,9054,4973,7019,8450,8123,7689,9274,3617,1324,2443,2648
2737,3661,7924,9057,7605,2424,6637,854,3174,4174,4247,1314,9490,2751,6594,3054,1084,5832,6325,6061
575,6584,3601,5860,6730,9713,7101,7099,7403,215,5419,4675,8467,6057,4878,9130,8270,4039,1600,7014
1467,5937,6085,6999,1304,9916,3110,8102,881,8111,5194,539,4187,7918,3892,3484,3423,6909,1614,8939
2414,6630,6424,8741,492,4690,6060,8169,5752,4521,2097,460,8436,9335,9668,6792,1508,772,8271,4720
3841,9856,8871,6824,7653,4097,7131,7346,3078,1153,2665,6987,7816,4378,3063,4140,889,7962,7742,6965
8772,318,6389,9629,823,4600,2695,1647,8331,9596,977,8653,2727,1216,246,9135,948,2246,1961,5964
5571,4889,7335,2839,7788,1689,8395,1704,2411,6816,4670,6945,4753,6669,384,6070,5540,5645,6941,3162
9127,3750,9223,6507,371,9201,8858,7506,6369,6812,3463,4926,6498,1245,7535,6442,4977,1209,7201,7563
7056,4901,1875,7353,5019,6843,1219,2590,4514,4750,4411,4859,1959,8329,5152,7419,3569,7973,366,2595
329,130,3554,7094,4073,221,453,2831,3394,3175,5850,4668,5336,124,2511,3432,6606,7042,8164,8906
5772,8333,8241,2637,3128,145,3308,9851,7318,6745,6620,8700,1281,2580,7987,6744,2030,708,727,3820
5039,9281,8183,268,1286,4218,2397,5983,6848,5801,2944,9144,7900,2870,3471,4134,3599,3637,4867,4235
3679,7704,1484,9108,3330,9996,3209,63,6881,8912,5694,6037,7613,8386,9013,8388,9116,5211,5805,552
3603,4518,6547,9392,7191,8100,9481,8961,4329,5580,9606,6746,7406,1337,1276,7025,81,7487,346,485
9816,3341,8065,5867,5975,9241,6979,8866,4260,8304,6725,1480,9592,938,9962,4314,8664,4568,7375,7161
4554,4953,4762,8491,3048,4468,7123,6130,6518,2833,4913,9249,9886,7366,8307,4663,9533,1339,4828,5088
1241,2524,6616,241,3766,9887,7606,9485,7302,5391,1226,4357,2572,2430,1969,1461,6422,7236,8786,2206
2745,4109,2510,7532,245,4088,2482,6516,9444,7548,4531,9348,9518,4067,5814,2830,8938,9949,3420,7690
5799,4243,9450,56,4792,1037,6191,3947,630,769,8490,4846,8079,2973,9243,8004,7303,1028,4615,6235
9849,4469,8171,8497,5390,4777,6560,1599,1195,305,3508,3544,2238,3723,7627,2851,4772,6436,1745,9864
7488,5828,5466,6827,7152,2991,3716,6013,6772,2173,8936,9123,7169,620,1903,4542,3751,2950,1639,1072
4656,9475,8825,6050,7183,9626,4919,9389,3765,2722,8909,2095,6663,9225,499,1945,3339,3415,4941,9690
7830,5918,8296,3370,7409,3727,1479,2118,8634,4114,4135,1526,258,6176,386,3588,6882,8942,1971,8896
8110,7758,2263,1042,1013,3964,846,4334,8233,8364,3106,2027,8443,1056,6628,827,1813,1143,8632,3932
3195,5061,4195,2774,8744,8240,7075,1747,5050,2147,4438,8,6523,3206,634,8654,2739,9264,7935,9431
6849,8109,1435,428,4609,1139,1478,183,9804,5103,9534,2359,2487,1738,4266,9312,8068,8325,9077,1607
4774,5593,6162,2150,9950,8052,7448,53,7071,7437,6467,9069,8411,7797,4951,403,7215,9381,7684,9138
9958,4226,4331,1369,4740,8992,3263,7365,1380,9233,7648,1305,3292,6636,121,6951,5454,8387,8793,7294
1228,2608,7507,9143,7233,9825,5916,6318,8464,7792,1270,1345,5671,4981,6474,3987,7476,3260,7057,8668
4085,5981,5463,4189,5474,8916,9576,1713,4322,9590,196,8722,4849,3958,6742,7370,8635,5552,5901,13
9998,778,2290,7578,7748,7602,4759,3448,302,9270,9340,8977,7898,3279,3518,8461,7472,3622,9911,8705
9946,9860,5225,3804,1700,5210,2587,3478,6412,7398,4032,7218,7981,7756,7824,5367,3133,7878,6211,8899
4875,9192,2579,3849,9979,8299,3304,8831,1621,3256,1601,9317,7124,3097,8551,3462,4793,2279,2009,7699
7603,9744,9227,7717,6968,7210,5490,2617,1224,1690,242,2064,8120,7495,9310,1731,6777,3208,2987,1172
4219,8571,8278,9594,7915,5707,6347,2345,3880,5255,7913,5126,1437,4363,1462,8799,759,345,3107,9552
8849,2914,2305,8046,9639,1914,4731,1236,2854,653,8708,9498,6031,1725,9156,8637,9137,155,962,1853
1882,5284,9480,3788,3366,290,5145,9555,792,526,4822,411,217,5852,9938,4924,6808,4126,2869,3196
5001,3374,4996,3126,3180,8807,4929,9611,8458,9065,6148,6930,8469,1681,5566,7899,8057,3077,5021,1374
7433,8970,654,3904,5812,4496,9731,7135,6691,1383,8039,6607,2811,2963,7104,3210,6924,1935,222,162
4276,3559,9847,2037,6284,558,3645,4421,2239,9763,4707,6234,8884,5439,9700,5306,4470,3998,925,5435
5182,9200,2242,9287,8959,8808,2873,1518,1362,3565,4117,3754,4523,7917,7640,6181,6533,3145,6948,669
780,50,762,2738,2752,5820,3372,2072,7441,7588,1155,5407,3771,7549,8770,4079,7016,5617,705,667
308,4185,7333,3459,7198,7950,6582,615,7811,70,5031,6337,9705,2024,5797,3190,8590,8036,4803,5459
887,7809,4879,5296,3090,3131,7943,3234,2154,9261,1885,8287,3246,8181,2426,6220,6931,7287,1239,2203
6797,5605,8996,2578,7639,7583,4409,1086,3903,363,6609,7864,18,9838,5554,3524,7842,1004,2542,4851
5622,9933,521,5991,6959,9400,6200,743,8646,3023,8283,8596,7692,9075,441,4883,8222,9432,1493,2979
4511,9785,9666,3035,7116,9018,244,4178,31,8114,7894,442,2043,5882,9183,8060,9439,8022,920,9726
1321,8743,9410,4608,5017,7197,8600,8274,5778,5658,1850,1592,1306,7340,79,9718,4257,3149,3172,3277
6193,9778,7947,1871,239,710,7736,9925,9132,8873,1558,7445,2166,249,5514,1329,5401,8948,1288,872
4763,6266,6007,2337,2117,5370,1317,9329,5597,4359,8242,6929,9244,9702,8076,7644,9344,2797,8150,9604
2786,9414,627,9818,8066,3868,7992,418,65,1348,5431,3886,106,8530,8256,1650,1109,6920,6124,8545
5600,2387,9800,3741,1531,1290,459,9550,2185,7347,2791,1393,7379,8413,6627,6537,6045,8535,8340,9503
3746,9455,6073,8306,4128,1541,1300,3139,7693,7652,6964,3844,389,868,5275,7775,811,7431,3743,7457
1446,5319,9665,3700,2035,4076,1333,8956,2668,8978,6799,9047,8630,2515,3714,4825,9544,8205,6573,2992
4780,987,2372,1833,9837,2129,2646,2488,5545,17,3482,4721,4083,5868,4632,6338,455,9486,446,5904
5341,4425,3997,3041,9179,9007,2441,7170,4242,1052,55,4024,985,6441,9027,8131,9383,3411,9043,8751
9721,4952,9066,2269,2957,8521,2756,3012,5395,2338,160,1384,8088,4984,3259,4840,6447,473,9140,6111
3201,3954,9910,6970,5582,7420,588,5198,7859,8129,7683,5589,3273,972,7538,5648,4756,2917,713,8279
2536,9323,8514,3485,2172,8069,8602,2543,5587,1917,2621,5681,2040,6104,3660,3439,3655,2370,2673,1273
4217,978,8305,7159,7567,8572,542,8096,9068,5060,589,7785,2073,8308,2802,7906,2497,4038,6091,1593
5935,5018,4228,3971,6333,8153,9813,1234,7834,374,5909,2415,8540,4328,9918,9857,1441,8863,3632,9145
1570,213,712,9076,173,9101,8703,694,4914,7414,5574,3186,7877,7546,9956,3019,8766,1799,9583,9119
8934,236,4596,8941,6006,7265,1626,4056,9491,2675,8681,8822,3838,1557,6141,2125,3636,6652,72,7833
2222,8480,7360,8440,8894,3348,3326,4783,3979,833,164,8586,5719,7902,2255,2126,9907,1246,6511,5112
568,5049,4538,791,767,1417,2409,566,7463,935,7667,1500,8652,2373,5596,651,9912,7964,2187,6132
2842,8216,4046,1615,5787,14,1941,8989,9020,3870,1396,1267,7392,7838,2937,6684,2480,1676,2450,9780
8485,5751,9339,5705,1105,1981,4606,7127,6542,7306,6708,382,3455,74,930,7837,5892,6817,7267,9685
3262,9364,3322,397,8026,8726,1309,6107,984,312,6989,8692,7481,6721,9365,2224,3941,4059,7531,5994
2151,1533,7855,3752,9663,4585,2667,338,2916,9809,837,6033,9040,1733,5063,5468,2385,6895,5780,7828
7752,5322,1399,1243,1933,6491,3388,1659,3862,8704,4215,8904,3842,1258,8852,3498,9761,6821,7484,8898
8966,3624,6923,1332,2710,6171,5373,3827,2438,3740,5379,9653,7299,3040,5680,9831,714,5737,1711,9783
8375,1247,1099,9169,8517,2885,2817,9506,707,2744,395,2401,7187,5748,502,4907,1254,2760,9621,5048
5765,4831,4672,7956,8963,1058,8709,8391,2332,5530,2562,8610,298,7993,5004,899,7955,204,8616,8817
775,8737,2360,6372,532,2453,2287,5678,9913,510,7716,2951,3961,7425,1777,4747,1631,9045,2509,8794
8486,9954,4795,4713,9617,7015,3384,1071,413,6257,5219,3996,1355,5830,6351,7176,6444,1832,9995,4330
4540,5160,3447,7663,6567,8624,8522,3745,8056,4590,2477,4655,6503,8914,5992,3930,9738,4037,7585,5798
9964,9420,9189,635,8095,4850,988,3070,1878,9846,6481,9315,6935,7067,7344,1579,7473,8557,4245,8359
4371,1920,9556,8907,4069,6400,4158,6556,3082,1470,8675,2886,6952,2286,2972,82,911,5513,982,726
7927,9781,7247,9559,1442,2123,5590,4868,6011,8733,4634,6886,8412,1131,8090,7986,7258,8165,8487,5226
5314,9771,7136,1040,110,8690,8207,4784,4962,1165,8678,8324,6150,8868,3949,1346,6583,4034,3101,8407
4424,102,3956,6300,9435,3596,3706,6519,9166,9024,1817,3698,7467,1163,9082,7835,8862,9563,2719,1908
9080,689,2514,3029,3926,491,1889,5628,2728,6312,2098,104,387,2729,9391,5655,6042,5827,9828,7378
8009,2779,6810,2434,8838,2709,1565,6427,1802,7738,1982,9095,5026,522,7188,2902,6032,3242,1572,2304
944,5326,3177,6379,481,9165,9899,5662,8842,5356,4172,1874,7831,3995,4043,6967,9362,8212,3707,7593
2622,1854,2323,3777,9848,644,3770,2500,4652,284,5611,5873,7612,6762,8210,1732,6350,9419,7631,3980
8901,591,6802,6445,4139,7789,8800,2664,7629,9081,9307,6431,7177,9399,8372,3067,3805,8316,8897,1097
8930,964,2271,8806,8508,6192,9438,9216,4705,4701,7641,6597,2183,9510,8881,8094,9161,1762,6922,7991
351,5492,1643,43,8441,754,4253,9880,4936,6131,5009,3548,1534,3616,871,2420,8710,1872,10,9575
3502,9296,2986,8513,7181,3343,2284,1220,3940,4484,4427,5195,8613,4429,3451,4691,8625,6298,9214,3301
5838,1576,1906,4986,7477,7656,1573,8553,3959,5188,9146,1757,6084,2229,9423,1410,5207,9472,4375,9806
739,3413,6138,2588,2565,5224,7062,4049,6506,2033,1907,6035,3220,2929,773,6943,8864,5961,6667,2662
9708,6336,5535,5976,5938,3267,2207,8017,7904,2550,1532,2968,6185,170,7194,807,1404,6343,8621,6610
3454,5758,59,8067,5396,7178,5884,9314,9990,270,7155,4515,6244,6694,986,5781,9670,9279,8595,8867
4401,2518,1900,7914,4052,6702,1005,6956,4166,7083,1830,9464,6120,337,9869,8148,3764,7698,4256,218
2519,5736,2927,9704,2280,3702,4594,195,9743,7376,436,766,1892,9936,8745,1950,1203,877,4735,2474
4346,6455,12,5129,3650,5164,1667,3925,8684,6360,9361,3496,2355,2939,429,2302,4183,8647,30,1888
1623,1759,8820,622,8112,504,2377,152,4399,3629,4061,1407,7925,9888,747,7661,1357,1416,466,6892
1705,6555,5929,8007,6361,1408,5140,62,6166,2736,7157,1840,2942,3801,2696,4562,626,6327,8531,2499
4063,1235,9952,1880,1110,8757,583,1089,670,3989,7755,2096,3055,565,6038,226,8214,4886,4557,6382
4265,4583,505,8949,5125,2805,4665,6230,9061,6044,9985,9422,1472,7140,5109,4734,9929,465,9483,3992
9096,412,9345,7575,1439,4888,7533,1473,3884,7314,905,1302,197,8434,2432,6716,2050,1938,4880,8162
2063,6240,8620,9526,1389,2867,7307,4160,9262,5783,5491,2108,7249,4505,8103,8848,4255,9901,8599,292
5375,1932,7228,439,4555,3899,2459,7647,4112,9905,5849,2075,4959,5851,1107,6648,795,4739,3846,2636
7643,7765,2179,5222,5501,3815,5093,7912,6831,921,2209,4050,6823,896,902,5205,5770,5424,1210,9404
6515,9523,5432,7262,7951,4161,4764,3468,8455,3170,6510,9795,8667,300,3953,5043,5739,8552,8248,8607
38,5641,451,1955,8320,7998,1595,2496,2772,6508,3876,6774,3444,5839,9971,8198,2425,6346,9627,4277
3915,671,9176,7292,7105,5685,6852,6287,9859,4423,2659,9250,9511,6759,9500,46,7444,4809,3562,1934
5673,7438,6328,7208,3503,8438,2135,7571,4553,609,6612,2083,5595,1452,2761,303,8168,7591,6116,1029
8515,1227,3073,6,7151,4453,147,4965,1886,3015,2632,3627,5919,5819,7715,4579,8055,1162,5147,4132
3460,2082,4372,1975,9821,956,8393,1960,5809,7254,1283,9957,1748,251,1682,3207,5337,3453,5659,9978
5696,2613,2495,2266,219,2976,799,2627,3824,1989,2836,2551,4812,9885,8937,7240,8002,3328,1819,3268
5948,6345,9038,5822,3360,3584,3022,516,3053,2364,7108,6380,624,1609,668,2060,3083,1716,9064,3854
2071,1978,3914,4539,8567,5104,5497,3952,3132,8527,7541,6179,870,51,6889,9290,8452,3966,6673,1134
5135,1721,5332,3680,5731,7746,4992,9188,6064,5591,3038,9845,8355,4943,7781,1149,4871,4513,4274,9528
6067,8644,4724,458,4503,8955,1020,9561,2311,8932,5695,913,8615,4047,3393,8457,9121,6254,1269,5657
7520,6983,4045,3390,9867,4527,5085,5528,5470,4044,9499,690,9421,9759,8158,6661,1342,9284,597,1331
2296,2909,9797,9775,6641,2996,6432,7336,4497,2412,2984,5144,9698,3500,5524,1655,9720,6914,484,3607
2020,2832,7259,400,9353,5900,6539,7348,1709,5893,8444,5208,7885,6859,1867,688,194,9265,9803,7957
5177,9675,2915,5844,282,1264,7521,9840,9336,3864,4561,4651,9607,3069,4324,2897,853,7505,5507,7826
118,3325,5519,5789,722,2491,4355,4637,3747,6295,2731,6283,9582,894,8968,9111,1106,7930,440,8954
9983,4970,9972,1855,9195,7840,2934,2275,7695,6417,3017,5616,5,735,98,2066,7388,9861,8746,6251
5753,6114,7865,4602,9466,5075,6173,6271,9836,851,656,7630,6488,3410,212,9291,4612,6355,1948,6339
3312,9213,3523,8712,9112,6253,8466,857,3560,6170,9330,3050,4006,6072,3290,493,5650,4200,6677,1006
8918,1860,9529,9437,5485,5212,9218,9248,4259,6785,3685,8755,9742,9151,9294,4367,2521,9557,9416,3051
277,3631,7337,5116,2146,1845,9451,7461,1730,5251,8840,1824,5393,8915,7708,4345,4084,2419,9709,8979
7212,9765,9865,4932,5642,7537,8345,6205,9190,8860,4930,8362,7248,1783,6545,8529,519,3316,6418,7621
8895,7519,4804,6898,7814,9948,4908,5190,8258,401,2866,7006,7670,1011,7787,6263,1921,7558,9049,5274
4118,4417,3534,9814,5119,8818,3375,1365,9052,7851,2454,9,7156,9866,467,2257,4325,6658,8369,8115
7776,5769,112,7626,143,247,3165,1610,1909,356,1794,5848,2410,2059,1055,4733,1838,5613,7871,8493
5824,9573,3567,5972,3528,8975,3753,7741,5087,1361,6416,9824,7205,8960,816,4477,8149,6512,650,9776
9012,1834,279,2857,1967,4252,9991,9327,2295,6066,6349,7959,8850,682,6828,378,9039,1505,2325,8154
7091,3866,2298,2017,555,7777,886,3493,3869,942,4925,8432,4,7565,963,6768,6097,9113,6617,5387
1546,6598,5646,9059,4190,3847,6110,4370,3008,2884,5774,6493,6937,4087,5276,9909,9388,7139,8549,7257
1120,2804,535,546,7364,9282,6580,1031,6773,9504,4587,3885,3699,2910,1831,355,8556,8592,4957,5500
8228,2555,6775,835,8623,9229,5887,7709,9631,1469,7498,9086,1455,3086,1395,5834,9110,6236,9097,238
9430,9941,3517,1671,4814,4501,6090,3331,2808,8338,6678,9652,9385,9375,5771,9070,9476,6623,3673,3355
1466,9159,9801,9970,1701,8749,1436,8670,4989,5721,2442,6911,6249,2451,3828,9470,5688,3043,9215,4031
7255,6112,9772,2115,3725,9092,2471,4094,7783,2680,2974,7338,2143,8663,7808,1330,7968,9692,661,4626
5028,6723,572,4315,1190,4237,6075,9623,5857,1354,6621,2351,3269,7296,180,8481,9286,461,5053,4495
5999,698,2837,1581,3614,6399,1706,8847,7745,1242,7225,7283,2029,2189,7320,1594,8117,5084,949,2140
4627,888,1464,5313,6974,3802,2281,9681,9442,764,4779,2749,211,5079,85,2025,179,2975,7509,141
2427,6696,2344,3711,4310,3238,9767,1495,8204,6973,7518,4674,7046,3003,7664,6324,7022,1423,4407,9961
3422,2924,1180,9953,6938,4833,8425,8157,534,9015,6858,3602,9514,1769,8796,2376,3169,288,8382,314
8725,8426,867,2216,1125,9599,8451,280,880,5447,6551,594,1147,2244,9581,7222,153,1774,6118,1648
2792,7496,3578,7284,2343,952,7038,5813,2056,9729,4790,4899,6306,2226,9184,687,9332,1976,488,3280
2997,2232,266,6505,203,5885,5906,788,5272,9963,243,1119,9219,9454,5065,5993,3236,3845,5246,523
7029,1112,6995,8544,8598,7949,4223,9084,260,9613,1289,4304,4449,892,4105,5505,9221,9044,9770,7219
6893,7780,1298,6332,5865,5956,20,5503,8656,3315,9982,5788,2273,6703,9877,6393,7012,5654,9928,3691
914,5360,6329,4847,9149,8920,4811,6239,9711,6080,4712,8476,6396,8398,2654,3625,4760,9516,5518,6285
9355,6268,6017,2418,7876,6502,6839,9630,9372,8573,4611,6410,8035,9107,3120,7224,23,4798,3800,232
3470,2685,7510,5254,1080,9479,7786,5429,5461,9004,2586,1809,3982,4678,2871,1958,4526,8503,7280,1916
618,1692,7564,2540,3122,3963,1864,5537,7485,1562,8405,7008,5621,8377,7107,648,7784,4066,5279,1433
6315,6233,472,6509,7587,6783,7189,5122,1513,3002,8346,1588,7339,7687,4300,3749,8215,7586,9955,8991
6530,5847,2324,6275,2838,9283,4065,7372,4638,7209,3510,9299,7561,4493,612,6595,4960,9538,9098,8336
5960,9753,9412,7321,6258,6841,5137,8814,423,6184,6358,6710,5243,2615,8401,7754,7611,3114,9892,7845
4171,9805,3890,4455,7982,5577,564,2439,5498,4110,6146,2647,7119,800,9259,3406,717,6650,5890,2716
35,107,3117,1251,596,8142,6587,3084,9051,278,4013,4019,8832,5560,6670,6386,6238,306,9974,7807
5406,4308,4659,6142,2814,1585,8565,2,2827,99,1549,7731,7313,4431,8330,4621,3583,7238,7570,6876
5095,7200,7380,697,544,6356,7361,5260,3136,951,4768,8262,9100,1049,1185,3830,4725,5682,9981,5041
2354,7671,7179,7983,393,1741,2156,1669,3399,482,2657,2395,2862,9535,4392,3142,2875,5263,8230,9879
8972,4613,8429,7435,3662,5299,2462,4323,7819,7724,6483,2010,1881,1842,6354,1430,7184,7614,96,2553
2319,3307,824,2504,771,9163,2080,6679,9465,968,7424,8962,8622,6088,1590,6845,1661,8713,237,2741
7289,5713,9554,5453,448,8121,549,3748,1887,1891,2109,4456,6226,6357,5040,8791,3087,1197,5691,1265
7110,7946,8626,6574,7768,9830,8611,6496,6465,2357,1782,2294,1032,5903,4910,9843,3452,2526,8085,5444
4121,4815,7054,187,68,3878,5876,9393,730,2849,1559,5967,545,1352,1843,2374,8892,3806,8335,9133
4186,5121,4078,3831,2773,6847,2754,7572,9890,5818,2019,4588,2577,2028,8821,8353,1334,41,9906,8167
5963,4454,4528,6025,8337,1863,4983,1022,2084,9823,7581,3640,3251,3116,6662,3191,706,9405,8967,1280
607,1524,4221,2087,4074,8175,2634,1483,100,643,214,6736,3392,3248,4504,2089,2532,9852,1688,2160
8661,8787,2485,6440,6714,6672,4384,6722,3467,3658,3563,3354,5899,9269,1485,9624,7526,919,4388,4950
3146,1154,3222,2400,9562,186,9147,2966,7114,7462,4547,7681,2105,1767,7231,8125,5117,5700,2015,6207
5913,1030,6051,1026,5575,6388,7276,5728,5408,777,2999,1489,9196,6755,2616,652,6004,9078,6528,5499
3281,3401,225,1225,1684,9497,2258,5676,6456,3639,7688,6686,4303,5082,2012,1094,9211,2925,3848,1272
7309,5894,8383,4671,3311,5996,1468,5984,997,5762,7371,410,3665,1458,8809,4244,33,471,1858,4641
3427,3424,1036,8184,5609,4887,4320,9402,4541,4580,5636,6270,3158,8054,7354,331,3489,9648,8402,190
5006,9252,5544,7491,5777,8027,5523,8160,8003,5764,6000,3405,9757,1544,8371,6842,4778,3715,83,1063
9322,8195,695,2868,4896,7723,8870,1454,122,4224,15,3577,4667,3179,3313,2759,9975,5451,610,4289
6731,806,9409,6256,5515,879,9028,454,404,9171,8130,7766,929,9377,7682,5067,6299,9756,884,5610
8846,6276,3124,6475,6408,7795,4220,5954,828,1003,2753,2691,8601,8504,9588,9741,4761,9769,3075,3436
6666,3100,8797,8397,9863,8334,9893,125,7442,803,1425,1198,3570,9874,3118,9682,7464,8658,4086,7625
9878,2470,1184,424,5157,1448,7905,6563,9645,2378,9002,5862,8723,3505,5227,5350,4676,7922,5895,1111
3305,1915,7759,8498,1778,6451,117,8419,9356,2614,5823,316,4298,3324,6490,9850,8697,2308,3364,6946
4564,5667,6865,2131,2138,4565,5734,7207,9672,4459,625,3417,6857,9618,4786,2386,3735,8718,684,464
6942,1502,6003,974,551,5618,9436,5623,9141,4502,1942,7501,7703,6095,7677,6690,3821,3975,6688,8958
