832,450,706,332,52,998,393,28,106,340,62,713,94,920,801,5,977,483,753,728
297,79,454,759,509,20,985,964,872,400,271,624,387,948,966,335,506,974,902,346
342,811,499,688,147,598,958,78,757,595,838,514,223,560,726,222,638,633,645,71
170,787,486,86,25,284,722,74,895,73,917,378,351,857,449,267,422,396,282,457
38,29,349,732,553,238,611,197,178,127,234,296,587,150,856,720,570,736,302,369
623,755,537,860,96,458,467,981,968,979,377,474,181,224,761,344,10,174,48,221
943,249,118,17,139,23,875,551,677,621,588,653,946,774,643,681,630,776,89,851
807,642,497,345,906,884,300,652,790,64,607,899,568,120,131,84,788,673,291,370
318,361,230,390,839,599,423,315,189,955,303,941,663,822,352,504,85,945,543,348
651,523,590,498,577,644,924,80,275,250,277,991,923,930,572,358,132,143,743,239
905,339,869,705,496,414,270,167,493,421,299,430,19,862,914,307,102,689,527,825
471,398,293,121,591,850,922,871,794,233,31,428,992,35,279,473,242,837,218,155
343,278,487,285,129,341,196,24,691,668,915,205,241,192,752,63,999,177,529,309
783,833,470,635,700,211,311,30,337,441,429,758,931,671,996,552,666,603,593,126
879,328,381,840,193,99,435,265,640,528,375,584,304,646,627,119,45,580,637,397
546,521,569,22,112,954,492,609,376,683,626,747,559,620,371,558,754,295,650,750
904,911,810,463,848,424,245,567,289,883,983,294,809,735,461,816,204,244,401,60
163,219,446,870,215,256,236,952,146,320,135,535,549,68,128,795,863,61,459,53
495,490,512,680,775,557,510,438,695,723,779,629,194,987,326,386,319,214,632,363
443,190,55,385,500,154,88,235,164,548,410,873,455,539,675,110,813,227,199,445
115,571,547,411,610,880,246,685,978,672,574,437,77,854,990,72,842,592,731,367
730,264,1,703,780,702,165,491,201,806,586,797,963,388,616,140,739,841,566,206
886,505,898,451,891,372,173,156,456,8,649,209,882,767,413,654,180,550,453,65
480,984,12,427,152,874,3,108,606,252,766,578,951,522,144,748,395,350,67,98
721,808,137,518,751,866,944,54,878,368,959,281,431,436,625,785,226,693,416,834
525,248,95,694,466,773,195,124,669,310,950,696,283,969,947,967,940,830,662,237
122,733,92,737,7,579,682,40,1000,27,419,670,939,116,33,322,868,255,356,582
823,957,288,556,744,612,183,301,373,956,231,530,207,608,993,805,36,305,364,203
989,949,333,263,257,844,16,392,212,175,938,403,903,617,799,934,478,520,533,657
678,489,111,330,756,760,374,538,845,331,91,469,448,434,622,897,804,468,187,707
117,676,710,679,791,901,777,184,58,972,240,138,704,881,768,432,717,213,827,970
208,336,792,160,488,37,50,4,185,276,655,274,56,782,519,936,232,769,306,200
796,849,172,353,711,329,268,452,831,6,409,772,157,994,909,280,405,912,893,907
701,123,47,57,338,819,781,228,11,928,826,290,656,186,481,253,699,464,745,229
628,908,861,49,933,442,719,995,357,198,725,402,321,220,365,472,366,114,42,389
817,634,925,724,846,942,855,913,75,600,829,764,508,43,191,125,534,803,976,133
251,889,176,798,444,159,835,18,859,32,412,709,778,935,864,982,986,554,900,793
82,877,287,926,107,81,631,465,312,821,660,639,109,536,594,87,404,714,698,687
937,896,712,636,814,482,426,90,162,347,597,784,391,418,604,659,286,674,362,475
890,541,292,953,511,843,273,847,540,614,104,476,789,980,479,76,39,716,892,380
141,69,555,565,266,130,575,734,815,399,740,665,927,51,14,960,149,661,771,188
526,161,929,916,317,581,100,800,729,524,151,515,210,447,171,708,715,503,406,532
692,485,910,858,894,260,965,145,885,148,15,44,225,83,70,26,876,932,690,786
182,824,684,325,853,9,202,21,258,919,507,763,961,615,298,134,308,259,988,113
802,179,619,166,425,502,439,168,158,153,583,261,477,272,93,648,664,613,313,243
59,545,417,355,667,323,718,658,918,105,971,741,962,563,254,738,921,462,46,360
602,770,382,697,596,888,407,561,516,383,34,641,354,975,997,562,247,686,647,97
408,746,836,749,818,820,601,316,828,384,605,576,585,394,589,494,415,765,973,101
460,852,762,513,359,13,41,867,865,334,812,314,66,433,269,727,564,501,324,136
2,420,542,169,262,742,531,217,573,142,887,484,379,327,440,544,216,517,618,103
