11,1488,7083,6066,9858,5582,325,900,8902,8079,6223,5792,562,1088,2988,7746,3500,2494,236,9687
1385,638,512,3507,5869,7594,5693,1448,3470,2358,6735,9907,7835,6623,8760,1034,2090,1513,5971,4563
3547,1868,2629,9698,9340,5358,6177,4701,99,842,6645,709,3123,8350,7327,202,4668,5051,7803,6829
7848,2566,3016,5694,3914,711,5025,3798,190,3580,9723,1254,1487,2860,3980,9758,2733,3354,9453,7667
1831,2765,8257,3343,5100,3013,6265,2564,6196,2706,6445,4319,2990,8998,4595,5331,5566,3656,2158,1614
4314,617,9614,8347,6283,1,5959,448,7694,4795,6871,8744,719,4102,2301,3714,7854,8515,326,2341
3165,6170,3520,4396,2116,323,370,6897,4300,8633,6980,6511,3397,5381,3641,7545,430,5652,2373,3105
1697,8099,3805,8071,2107,5552,747,4510,4572,6912,5764,8191,4719,101,8287,362,1033,297,5923,8615
5006,1864,9524,5936,9270,3721,2195,555,6895,6682,3639,1166,1532,7251,9588,6351,5432,6574,222,6512
9266,2998,2791,602,5837,9430,3554,9393,693,6367,1020,4609,4822,5215,3441,5470,6071,2291,1219,5437
6642,1374,985,776,3179,7167,6630,7273,4646,9228,1890,4598,6282,471,8215,760,1110,3983,2135,1658
283,3213,773,8343,8106,3437,6946,500,7225,9633,4101,2385,5536,6806,1265,3214,7997,5791,3095,1146
1722,5961,3395,9022,7335,8641,466,6756,7112,8236,4700,2713,9811,749,7468,3760,5723,991,7073,1347
6822,9998,4667,7898,5111,8255,6185,7303,2082,5463,3327,8549,9010,9191,1854,838,8573,9322,509,3576
6189,9264,7802,3425,3356,1885,131,661,9180,3259,1666,7984,1724,5363,813,8848,2780,2123,1960,163
3786,7386,5121,4466,6492,2307,4613,2611,1867,3124,2737,1597,1953,3608,815,18,3695,3919,6130,4306
1159,8634,919,2258,3503,2783,6454,6012,2055,220,3736,4310,3723,1853,5896,2264,7300,409,3867,5883
2511,3446,1021,3272,1160,3039,2318,3845,7154,4515,2059,2218,6858,656,7644,5085,8208,910,2309,6791
1900,4379,3863,3309,1899,158,5149,3222,2840,7641,8033,7338,2504,1331,2736,4347,3391,1470,972,1850
9590,8385,8567,6073,1280,2455,856,365,4979,5468,8578,5965,3091,455,5914,5499,4156,1262,4671,7410
7568,465,5774,8216,2468,7557,3672,5237,9155,1122,5273,41,6444,1494,7645,6345,9277,4426,5047,84
5395,2589,9714,6191,2984,4400,6314,8078,1231,5987,8854,3767,1235,3769,7416,844,1355,8023,3945,268
2774,1583,4419,4035,7713,3232,4935,4586,746,6262,8305,36,6148,6165,1925,895,5516,4511,645,1145
2382,5280,9615,3693,40,2441,2703,7742,7021,3846,632,2915,1066,6400,1022,8384,6295,1541,9320,4474
484,1565,3582,5875,4331,1399,4920,4421,3728,5413,4352,4416,7124,2722,8468,7115,6720,8426,1359,5435
3855,3301,2260,5165,8265,679,678,3931,1350,1144,3584,6113,5334,4080,7572,6619,4852,6942,4344,1591
4111,5424,9156,9843,2696,6582,2773,7255,6404,3683,3498,647,7840,7566,2886,1684,4016,905,2345,6253
1938,3600,8433,723,992,2212,7954,2836,6430,6055,6181,3960,2352,2685,1536,8277,4558,6391,4736,9882
4051,7914,2151,2071,2178,6068,204,2234,6670,2642,4243,8453,8223,2009,6241,9834,3189,8896,2969,8063
9179,8176,1607,3502,3074,5292,9712,5329,9746,5928,2466,2463,6372,921,3731,8340,3508,1828,2451,1997
6042,8186,9029,3870,9569,4308,3747,5289,5684,1916,2951,1977,5556,1952,945,777,2478,1195,9514,3371
3515,1133,8289,3568,7258,6571,9212,1788,2867,4237,2005,2847,2800,7427,3844,4250,2515,9783,8952,3258
6688,9260,3772,859,7018,125,990,2074,4186,475,1898,9122,7485,8945,3209,5646,3596,588,8485,5174
2452,9812,3178,4280,4678,2290,8885,2189,8036,1786,2953,4166,6506,8167,510,3012,4661,7205,4888,4139
1531,9041,6727,5501,8974,2855,3593,5467,1598,5205,1641,5171,9576,2926,7599,3445,6192,3952,4341,4488
726,497,6552,2838,3794,1551,8712,6998,2174,3810,3495,4904,6567,5692,5820,6590,1505,5318,3383,4457
1622,9651,5567,4831,1120,1747,4582,5741,3963,2785,6402,6390,9973,7782,6954,9557,9116,5282,1015,2208
8224,4714,4743,2449,5285,4476,285,1924,331,3646,9358,3087,2144,3263,2705,2856,8625,1766,3040,6568
550,704,8008,4339,5319,252,1259,2814,1364,5016,7028,5633,8455,8061,7780,1782,6255,2235,1546,2311
2805,3027,31,6589,8200,8101,2263,4939,8197,5167,5118,5729,3350,5716,5138,6532,6417,7711,2299,6173
53,9580,6814,7015,5081,62,4295,8835,9906,7152,8313,5667,4702,2075,7325,3020,6205,1413,8910,7183
8196,2138,7150,360,8630,8748,6837,54,3597,4030,4561,1568,3265,4385,4815,3599,5315,3288,7243,9692
4634,2510,3540,4522,1264,4285,6695,9697,1051,3266,2443,999,670,2328,765,4203,1294,5460,6674,1357
8602,4745,4750,1634,2320,4318,9842,4553,9859,8028,4241,8050,7322,7836,528,2013,5974,4836,2900,9503
8375,5288,6496,7180,3974,6920,2379,3430,6668,6584,4095,4138,6388,4961,565,5952,2724,2776,4328,786
8178,9462,1948,4070,5902,3185,3019,1044,5200,8119,4045,1865,7206,6922,4620,5788,5784,4658,3824,4615
4305,8187,6588,2366,2772,1345,1108,7722,9523,5461,1158,1825,2349,5449,2641,2821,8571,4440,4013,961
5685,4254,6220,3594,7146,9335,6317,1252,3075,7810,2781,5937,1745,6249,1024,4504,2698,5327,6114,3993
6538,4925,8493,1585,4527,3898,1442,6491,5046,5061,7038,2697,8629,2903,1150,751,1127,2402,9949,339
1733,8092,7571,8461,967,2127,4984,4020,517,4722,4739,6843,2054,609,4793,7936,4068,8557,2467,2565
2654,7297,3070,9696,2172,2270,7075,7438,6744,5386,9369,4997,45,7412,6757,6900,6169,1400,4057,4964
4099,2249,1407,3035,9522,4643,5503,2355,954,3459,3082,1522,2312,1365,6053,4623,1679,5865,686,3139
4356,828,2956,4330,7814,1951,8769,4691,1348,1667,1627,872,140,423,93,3771,7892,3686,6214,6595
3612,1836,2745,4514,467,5305,2651,4140,1499,1683,8673,1803,1213,3204,1913,4284,8553,6398,6982,2543
7515,67,5257,8173,2887,5619,2456,8080,2548,2273,5303,8162,6789,8175,2473,3164,9938,1642,5707,4943
3128,3338,9497,9092,3518,8100,2513,8861,6096,2679,6215,1678,38,5639,4234,1562,3002,881,1491,6815
9643,3211,9409,6204,4933,5412,1999,3159,1904,8440,8386,9854,6247,2600,1800,3803,2972,5429,9813,9078
8132,8095,2277,205,1200,788,1228,8671,3281,7975,3101,2954,2968,2272,5306,317,1832,4025,3903,2827
6677,6503,2043,4044,4433,7517,7636,7859,3665,7385,696,6755,7657,3141,9380,4632,5098,4003,4126,3307
877,4110,8537,7774,8496,412,6294,1792,1630,979,552,5779,324,8820,6793,358,4389,1888,3636,3991
5768,1636,5220,8919,95,4245,6013,5390,2992,6244,5806,3947,9113,6315,9028,7356,4857,8322,1973,322
4338,2925,6924,9526,7417,4235,8333,7293,1441,5105,2936,1353,225,4293,1670,5625,6461,8903,9764,8736
1870,2476,2596,25,9324,9741,3802,111,1060,1506,7125,5713,4581,3043,5867,8845,7989,5834,9815,1484
7490,7544,2712,1797,165,9602,9310,7538,6397,4910,2159,2256,6647,8588,2095,59,1489,3170,1730,929
1068,1419,7891,9886,434,1695,8254,6199,277,558,3792,4364,2899,2826,4090,7816,3851,6704,6692,4986
4097,7097,5420,6453,2569,258,643,3510,2197,5312,9814,6656,3129,9830,2858,8585,8364,418,9045,3524
8451,6476,2303,4075,361,3534,3196,8971,6261,4407,2437,995,3120,2816,2923,98,5587,1386,2262,8759
1055,7853,5062,4325,3114,2149,2096,3706,600,1297,2893,2835,5948,734,4292,7158,7852,9080,1910,531
9145,9564,1341,5836,1841,7388,7108,2064,7698,6277,8058,5368,2016,7102,7149,6311,3323,5070,7948,5405
3180,432,4335,5268,8252,9510,1556,4905,7596,8822,626,6715,8115,6186,6733,5422,346,1272,9477,2645
1314,7278,6608,146,1128,3807,1292,3492,8149,8379,522,4673,2056,6899,5495,582,6061,8306,3839,1463
4336,9106,6109,7895,1847,5135,2162,6334,121,5545,8856,7031,8286,147,2693,3921,6020,3880,4069,5050
2658,2400,9703,2942,3585,2721,3490,1396,3224,3398,3817,2818,9561,7373,1972,94,5607,3152,8290,127
2030,3563,4077,6809,1168,7685,3559,5323,6083,1686,8784,2801,4544,6093,3548,6266,3535,5813,2670,9724
1665,8536,4473,5715,2103,1652,520,4014,839,5372,4859,3381,6369,6883,1859,8219,4439,3241,7178,7623
9431,8301,6337,1193,850,4205,6919,888,4172,4196,2932,2242,9468,2276,525,6127,7775,1134,2157,5189
8195,91,6308,7603,8332,717,237,6493,16,4413,1889,3710,6699,8904,2185,1452,7256,5410,4559,2243
2534,7402,6301,7314,2852,2271,8870,372,6325,5679,5267,5316,781,6515,8610,2895,2204,5638,8521,5427
8258,817,8483,2191,6937,2453,5168,9050,1356,3093,1687,4735,3779,7161,2236,452,1047,8083,6650,9140
7217,5123,9509,6587,7695,3753,5591,6124,5300,9586,1765,2077,6634,1779,5892,9735,8689,6438,2759,8876
5434,4978,6427,3404,395,9015,1702,7400,1603,6460,2661,37,2285,2261,2960,6666,3995,5991,246,170
429,4109,4428,4599,608,4628,2743,7387,2904,4679,8815,2339,3927,2408,6505,2617,9871,1962,680,234
4639,4094,8227,9896,3865,7252,2533,6025,2686,8000,9734,5898,2102,4058,1268,8207,885,631,4093,7590
771,508,9446,1503,898,4357,2974,2176,3663,1720,3245,1675,5093,2223,6152,5744,3525,5982,7088,3907
2049,5064,6853,2665,3727,8984,4118,9246,5421,2474,8166,6426,4462,1389,4715,5484,2608,7057,3703,6232
7946,7700,3688,1829,328,2284,4029,2048,217,3003,8726,1911,2514,876,4803,7523,1949,4113,3237,6545
4713,9055,5362,9491,8790,9132,4489,2365,1794,5245,4443,989,9550,6238,2727,2690,4033,296,2200,3322
1970,8527,3975,6202,2327,5844,9318,3571,529,5783,6591,1852,4244,4880,349,6221,622,8583,4886,753
8594,2110,4500,4289,3589,1620,9755,2545,2210,3743,3759,6327,7723,8349,3409,1479,2933,973,2499,7608
4359,2254,3021,3009,6416,3873,8937,5912,116,72,7354,2011,7284,4238,2975,5939,2079,3638,6231,6870
8717,7419,8874,7296,9385,2376,2501,8293,5580,6556,3136,952,6306,5383,5232,7973,2902,5366,5835,4361
7525,1384,2041,1901,7078,6722,8956,6490,7339,1116,3940,5199,4729,3375,6683,2943,1886,3018,6188,6804
5187,9327,9520,4660,9674,1851,1946,6269,4578,5862,8120,2748,8996,3841,5068,3773,5137,1483,1194,5020
4370,1176,6287,9876,5373,7805,188,4232,2153,875,5043,7601,8617,9846,3361,5602,2610,266,1129,4761
5477,9254,7587,5956,9852,4855,3617,2809,7933,7395,378,5760,9176,7326,2540,6648,3861,417,8110,3182
6225,3806,8324,2033,2347,2092,7565,2381,6716,5738,5145,3250,5057,4263,5796,9231,574,4924,9017,2815
9059,7539,8559,9736,1162,7570,3819,2488,2857,5647,5163,2316,394,4907,944,5732,5059,1421,2405,3894
3781,1775,732,1511,8741,2980,3588,798,6138,3791,4037,4195,8354,3341,8927,2265,9699,2072,9087,489
373,762,5599,1032,8587,4704,862,4811,829,4731,3334,9098,1367,7789,2143,4577,3668,809,2803,7026
6153,1440,7921,3797,8279,9766,2948,4780,1773,2230,630,4127,2845,8093,9378,2229,2729,9386,2730,3014
3564,5482,5621,1863,7448,9351,8393,1984,2338,7602,5801,6880,1582,9058,8346,1739,5650,2522,3730,1096
3483,4216,8412,6197,9283,546,1210,8928,6086,9684,5044,3546,2616,4390,8526,6313,8940,7522,5980,5032
8015,5658,8948,83,5275,2409,1332,7740,5886,7176,1079,8075,6873,889,7940,1778,9009,5298,1382,7988
3950,5229,4183,3787,2779,4706,731,4876,4950,6137,9211,2927,5644,8141,3720,113,4781,2430,2225,6561
6356,3840,477,8558,8242,4554,3080,3407,2961,7776,264,6563,4657,9613,5879,811,5170,8535,9841,3068
2920,845,7669,2133,9374,9853,7440,1309,6168,2754,6537,6890,3591,3342,7549,1732,5013,2653,8445,6212
6057,2734,1112,6527,3089,2623,3820,4377,3365,397,7661,208,7341,4683,3694,2964,4631,8238,9293,2088
9276,6655,5816,9541,1735,6614,4985,7993,9999,1624,1411,1056,5489,9399,6299,5202,2649,5737,458,2945
4982,3926,8976,4247,4362,3092,4748,6433,472,9962,4414,108,2786,7265,9593,345,3482,9268,810,5917
3550,3028,6533,1018,7867,4005,6643,9780,7916,3359,958,1255,7521,1552,8999,1512,9669,4210,4654,755
3735,9835,5391,490,6904,6551,35,5697,5052,3704,8189,587,396,8472,8437,9406,5618,6211,7857,7646
5935,5075,4507,3659,3951,3677,9413,1151,1027,4432,1167,3156,1873,922,3602,9258,6364,4122,4437,227
4908,9417,2624,4007,9828,7033,5476,9833,1992,3990,1608,4681,6550,5311,4088,2604,1091,9655,1674,2257
6371,1754,1086,708,8204,9939,5339,1025,9454,5069,5185,8742,2588,7094,8248,2939,823,6951,5855,1514
9546,2684,3071,1954,9182,1087,3577,4618,3635,117,2509,7458,399,4887,5626,8245,2760,896,2024,7640
7934,19,2977,8994,8921,2435,3763,2401,1240,3475,4358,7969,129,3657,9390,3163,4130,5392,287,9109
3389,2987,3505,502,2194,7263,6607,3587,3051,1816,4774,9085,2622,9648,8980,6778,9089,8043,7381,5151
2775,8411,4829,5724,6377,6007,527,6901,664,120,5332,1102,4534,8135,342,8304,3533,6297,2034,2655
2388,1434,4771,772,7363,3613,7750,1477,2952,7696,8668,1602,5404,244,2873,7958,1623,7607,8262,7586
2742,4420,3666,1833,1054,740,9957,4022,4367,7738,7095,8081,134,7384,791,8692,3218,8738,6087,8264
4998,1075,2880,6088,8685,4846,4266,9831,8448,2507,6407,4759,7923,4026,280,6679,3415,2677,2718,1124
442,8202,218,1295,8389,3569,4796,2524,1716,8311,7173,3814,6318,278,9086,1451,9186,2820,2442,307
6128,4995,1454,3604,3986,2938,1148,1525,5359,5534,778,9631,9053,4751,2625,5742,8045,8146,263,1998
8460,2458,407,2664,3108,2469,58,2160,6154,8989,5637,7010,2598,7203,1629,3465,2063,3270,3667,6424
3616,2516,9532,1071,3619,6143,2329,5406,1991,2913,2674,5608,2087,957,8982,3877,2947,7292,6995,691
4565,5521,7216,5515,7367,2868,1692,4430,8570,209,4696,7134,2486,8222,6801,3357,5478,5496,1379,7181
1801,3658,1164,911,9785,4207,715,9875,6275,3598,5425,8847,6365,2716,1234,2535,1180,3393,6935,9271
3054,4089,474,4915,7041,3330,112,7996,5040,5800,4147,7175,4078,1226,5159,4459,2428,3428,6006,7620
3932,4605,4478,1741,8881,133,7130,3615,6498,4537,8825,5438,5529,224,3777,9307,3948,9990,8507,7866
8072,5360,3566,5720,2894,6781,1192,4765,7791,1645,6947,2126,3155,5295,9402,7508,8098,6296,3103,4410
4257,7851,8811,4482,8269,649,3746,1774,4738,2714,677,9469,7846,3570,78,8905,1974,4491,6741,8859
7121,7259,4779,553,8823,4833,2958,2424,1857,2021,456,9922,7215,1318,2628,2995,3966,6579,2423,4680
4726,4747,7654,3751,2557,6435,5878,1537,8933,759,6669,4520,1401,8475,3741,1238,4593,6559,6026,460
8660,5180,6151,8753,6344,7209,5296,3115,499,8055,7847,1727,3106,5380,5071,4409,2344,6008,183,1861
8613,6617,7401,7247,368,6501,9366,1426,5157,9455,7838,8756,3729,5113,5158,3949,6564,6884,7732,9847
8857,3219,6259,3394,1444,4219,1130,7029,3328,5809,5218,3770,6034,3417,3064,9039,3601,4645,3140,5727
7025,289,2518,1701,8645,9799,7526,4526,3573,7141,9006,5773,707,6747,3521,1654,6662,9598,8534,1595
3713,5003,1576,4962,2556,7837,6639,2979,4133,393,8773,2701,3226,3097,627,9495,5048,7911,706,8142
2627,1976,5790,291,4695,3813,3509,8424,351,6754,4456,9159,7408,8031,4141,6411,5498,2881,6850,4709
5826,3466,4953,5147,2644,6159,3260,5244,4552,5260,4919,1945,7262,2295,6160,6522,9160,479,457,6518
2896,6767,7449,9880,8006,7055,9974,8336,1713,5598,1028,1538,4337,8683,464,2973,2719,4693,8508,9014
4637,9997,4107,962,2573,3610,5970,5347,2413,5841,8365,9025,1469,8457,2122,6300,3531,5628,3034,7480
4847,7248,30,8274,1955,7708,1958,380,2198,1721,4787,7649,8593,7107,4023,3172,4145,1478,8403,4938
9081,1206,9300,2057,1093,3511,4802,5266,7992,7302,9069,8428,9237,5428,7576,9981,226,1690,1843,7114
150,2710,7563,3072,1957,7642,3660,4883,9178,4155,4777,4687,3828,408,5132,5166,2280,8358,1453,1527
6387,8702,75,6694,774,7488,657,4817,9090,7537,5749,6914,3881,3311,427,5842,9404,6888,114,8601
3954,7861,8048,3913,4212,1352,6346,9947,843,9108,9539,8268,5787,1561,3911,8107,6703,377,1572,3935
2636,3969,7422,5021,447,3776,1467,9075,2599,8727,5673,6673,5550,8568,3362,3892,1544,6923,5824,9616
5696,7091,3565,5831,5895,543,4653,8807,2635,6085,3293,9838,7032,6459,3467,8500,4170,3489,3888,4050
4064,7699,7697,5585,2538,3917,5096,5586,6361,2606,9678,4768,1344,6990,831,2038,3086,4975,5665,5246
3162,6707,8925,8852,8584,3909,8961,7684,6881,8065,3144,4259,4575,9298,8459,8430,3946,5930,7333,5115
5823,3702,3079,300,1190,8888,3941,4688,2447,5377,9020,1080,254,4134,242,2659,4697,3886,1893,3406
2986,1569,2416,2660,4894,8331,628,3206,654,3044,4465,4004,6908,3793,1188,4906,9295,1571,5265,8569
6243,1486,5830,7036,2889,6340,3455,6136,9650,5504,6868,3887,2935,4397,7239,3875,7294,7484,7331,5221
7433,6749,570,3496,4767,1177,8409,9611,948,7189,250,437,6487,3438,5035,9202,223,6542,7801,9054
4492,4393,794,8276,9555,4506,1708,7394,3561,3606,8770,9252,491,585,8480,5274,8416,7619,8246,2224
5281,873,1813,9721,2283,768,7961,382,6321,8131,797,4625,2457,3971,8188,5561,195,6329,9572,5324
3006,8357,187,176,7957,4655,1855,9082,4477,6307,3396,9649,4835,3167,4128,5247,251,144,4100,4899
2037,4423,1284,2119,3998,5261,5004,3783,1846,8179,9201,4180,4867,293,1225,1935,1501,4670,8370,4712
4215,3193,8757,2,7186,7970,5426,1428,2657,8029,6784,5128,7238,2047,2359,3908,4819,1223,5597,9668
7003,2489,1012,6554,2508,5675,5,2465,3997,9407,2336,5640,2015,3423,5038,4418,5131,2870,6520,7193
2648,215,4401,8666,6927,3895,6157,2691,2777,7947,1662,7436,852,221,7609,5595,2372,1140,5219,1236
7907,8004,6831,9388,15,462,5361,1017,1919,8209,4060,2444,9890,6517,6570,3453,9350,3274,4177,7351
2287,1085,3634,3022,8263,1373,4898,5250,8338,4181,4438,3208,8793,9476,5846,4954,8555,4047,5464,2368
1802,4703,7179,2817,4610,2266,7635,1403,6530,3857,4710,2549,21,8561,3256,4042,4744,5352,7906,7756
422,9571,8025,389,7407,7709,6631,5746,9589,2199,1923,6875,9996,8123,7834,330,9991,6838,6917,5610
2250,6948,5850,6036,9467,897,9644,1640,2255,7770,9689,6553,8487,9149,5299,8696,3192,8345,6072,8867
5605,2563,2493,1848,4346,8039,5320,4208,6855,2804,5144,197,3653,4279,3286,313,4529,7960,1594,8225
7364,3410,3620,9779,4329,4951,5676,24,5678,5812,8743,5213,1657,6827,6497,9839,596,5376,1947,6823
9816,748,8947,9230,482,5400,4294,2842,8295,6678,4252,3299,4868,3859,2529,9117,6963,8312,5789,5512
1685,3675,2680,9066,7143,4996,7100,9143,4959,5337,2026,6380,847,309,9076,5929,2065,7454,9791,9878
1316,5278,1393,4832,1152,7372,1567,9484,6494,2431,1651,9745,3351,5615,7920,3264,2976,6264,9848,9287
9114,6409,9134,5547,4993,4018,5500,3000,3085,2576,7392,4754,2918,5911,10000,1605,7510,745,4197,5932
171,8402,7212,4617,2813,8639,6436,3827,9275,5080,1918,7151,7013,9912,1354,5537,3611,3145,3312,4591
4132,4281,8034,4260,1149,8398,5370,802,2156,7452,6393,7728,6383,861,2771,4872,9767,648,2541,9247
1425,4204,9040,7717,4497,5161,6894,5042,7889,564,6289,5417,5574,9579,9911,613,7559,4198,5527,7450
6524,5814,892,8369,6111,5039,8230,3640,4627,1296,5757,974,2613,9732,1908,6005,7409,4728,8528,9710
3484,8816,7885,9490,5214,2837,9263,4936,9146,3953,8802,5365,4584,4454,1577,7027,7720,1714,2097,8217
3631,8866,5201,6992,6967,161,9958,400,6950,1423,4105,3744,7919,994,1302,3026,8959,1768,2967,6081
8774,8027,8344,1461,2094,9174,9403,4223,1578,5560,7223,5893,4914,9323,8390,398,9224,4354,3765,6964
6641,4718,2612,7072,5444,3296,2888,5648,5164,5049,4343,4708,4317,301,8656,375,9887,6847,4851,5212
3244,3709,64,20,4730,6002,7626,9063,8382,6593,5364,9138,6944,1340,6016,687,8556,1279,1497,3644
6017,8308,106,997,8651,4861,3936,5374,614,757,6332,5798,2193,7313,3725,5457,701,7361,6478,1430
4636,8401,2346,7366,4773,9450,742,8153,9681,7483,8524,4275,763,9448,3029,3267,7210,7710,5938,1220
4614,2134,2415,9587,8654,694,8846,8066,9440,2574,4875,5662,3046,4190,700,1812,4967,8724,9599,8463
7783,7453,5681,3282,1777,733,4865,8234,2106,3647,6396,4801,6201,318,4246,7352,5583,8502,4923,987
214,2032,4301,3257,6499,9737,5139,2471,6833,5526,1377,1707,7269,138,2766,8026,2391,7579,3278,870
4991,9507,1592,6557,5889,5811,6408,1648,5839,8284,2477,2217,523,9259,7219,2028,5073,860,5622,7493
4685,8643,939,7729,8911,4844,4251,7643,3523,4496,1244,8251,4916,8836,5193,6442,2171,9595,3284,4291
1650,9804,5015,7686,5350,1987,7615,7929,4690,3317,6813,5983,1117,9898,6738,6892,8479,7280,4890,5114
1579,1006,2007,1083,968,4184,7472,882,4539,8326,703,8563,6985,8218,347,9808,1530,4806,7471,8108
5226,279,8074,6560,4574,7825,3670,5451,8,4568,7329,5169,4551,3392,4076,4804,5127,7069,3443,9214
1293,9433,4380,7272,9646,2978,271,6903,2547,5718,6161,4641,2755,5287,9640,4903,2671,5104,6378,8772
1681,4677,8701,2711,6989,9319,5735,6486,6824,6395,8069,869,6625,819,848,7682,4792,5847,7328,6070
6210,2120,4929,9410,4837,3300,185,5817,6766,3964,2399,5326,8968,42,2173,2213,9657,8597,996,5142
3581,7489,3308,7459,6229,1342,4469,663,9428,310,2099,578,1672,9079,2146,9795,4834,401,5511,8164
4053,7048,4901,624,4082,1013,2884,6872,8315,4862,2036,4600,8152,5263,5459,492,3133,9894,8589,7507
7099,9261,3999,304,9935,956,601,126,5805,3456,1482,6464,9874,8675,4106,4878,3901,6615,3090,9772
4911,4054,5562,5248,4762,2244,4368,1285,2222,1078,4398,923,1260,6134,4062,8288,2044,9885,907,3252
5328,5734,3190,1736,7817,3329,1123,2717,7820,6284,9726,8420,7371,4381,1719,8754,563,4891,1965,6575
2883,4930,7548,7638,3811,542,4977,2652,8017,1197,2531,384,4550,7598,5010,2528,8830,3572,3379,6278
4921,1289,7207,6726,2070,4342,2833,6193,1301,241,4374,9168,8275,1074,7023,1156,6059,5514,9193,2313
4560,4840,6959,7145,8174,5849,5067,6131,4941,9641,1849,8105,8470,5990,9119,7804,1877,6856,9367,2787
7588,2152,816,3143,7639,1881,671,8687,4391,4072,5022,1397,230,7283,1378,8631,5903,9856,7560,5002
7727,3313,8139,7214,3015,6010,1931,9948,8913,3985,3305,2335,3050,2562,1092,3081,3280,739,4752,9538
3732,3627,9492,6062,435,3766,8699,9223,5909,4749,8912,6780,7119,1059,9825,4656,9694,9959,1533,9713
3176,5577,7382,1838,3618,96,8983,8918,9986,6534,8665,3912,5054,3368,6319,200,818,7687,1333,6183
5677,8404,8637,2586,5452,143,3147,9873,3664,6957,6410,7309,7011,7883,5942,9458,6312,4199,2233,7295
7467,7061,3001,7592,2662,334,132,7211,8868,6802,9158,6863,5101,9505,916,5191,4541,8808,7311,5804
433,8749,7514,5963,4298,1549,7390,4885,9461,1517,1082,8951,6263,9439,51,5876,5072,3614,9154,5083
5028,2831,4879,953,6886,3060,9480,7318,6117,2487,29,9821,2519,5125,6779,6226,5448,2268,3780,3992
7049,4394,534,7882,2407,5979,9218,7739,2491,5094,2832,6316,2228,2603,3996,1031,9910,66,4372,3142
1979,8247,7554,3426,878,2863,8620,5578,1410,7886,87,3031,6067,846,1564,9449,7365,179,623,1780
3122,4818,8599,9419,1474,3988,8737,1281,2020,4775,4573,7757,8978,4408,4665,2039,1169,7500,2799,5818
4315,2248,9623,7199,3737,2764,4616,1515,3442,2201,603,3905,4601,103,6280,9157,9392,5807,7845,4794
1668,4536,9093,5975,5584,9126,966,344,5634,1573,7244,4966,5629,5771,3063,518,420,9970,2875,712
5594,6713,6100,4171,3118,1199,7046,8715,8278,5475,3462,8730,9239,156,3400,5356,145,9288,7413,6456
1805,6653,1125,7533,750,5754,7376,721,9504,583,4651,7574,5776,1203,4895,4682,3333,2825,4980,7487
9445,7037,9071,2292,3221,7079,3373,4827,5293,3236,6091,549,1526,8679,5181,9291,3346,7653,9326,6698
2470,526,3742,3717,5456,2496,7237,3303,410,7647,8184,6381,5231,5348,4213,6484,7200,7405,5934,2663
4258,6195,6646,6975,8194,74,5196,3925,444,6740,2757,684,7156,9796,1339,7357,5752,5690,9781,2288
9914,3829,6910,1439,2676,4209,586,9782,8628,2253,9823,4052,7064,9647,4002,7105,8046,2186,7425,1155
9463,8170,5430,3158,9888,4549,5506,8160,951,1717,7451,2492,666,6627,7153,6358,3643,4841,9701,414
275,8292,2911,7872,4839,8013,2411,6355,4619,9481,6120,5758,8514,5340,4441,2340,6929,4566,2807,865
4108,9414,7081,7726,4960,7651,6953,3233,7650,8970,6845,6510,6420,5941,8844,311,695,7924,3347,2397
2788,2983,516,9465,625,3724,61,4621,1789,5345,8930,3605,405,4555,4188,9215,7456,9341,5872,1883
4949,4721,8376,1211,321,9716,1256,9563,6116,3119,9172,5680,8609,6768,6473,9173,7068,1711,4161,8768
2027,7769,8419,3586,9280,5704,5874,341,6485,4988,3153,8267,4611,1609,2587,5082,207,8366,8494,3387
5797,6064,6616,5770,43,6842,3231,229,9756,1109,7556,7315,8129,7591,612,6209,8942,1113,4369,6665
7561,7862,2410,7927,4236,5031,3889,6328,8560,6432,6718,1643,3010,3419,4449,5009,7959,1191,1142,697
3984,6539,6256,1346,8799,812,8700,7763,8210,6657,9757,9818,5592,6227,4809,9568,5925,6962,2022,7360
8894,3795,4800,2109,4152,256,7020,4387,1232,9101,2485,9676,7090,7077,5336,8047,6359,2137,6156,1271
8371,9273,5535,392,7499,2302,4556,2426,48,7942,7435,4955,3107,1395,1539,9255,2006,7663,3897,3348
8690,391,416,9728,4490,9282,5702,2784,6796,7201,3197,1147,5439,5271,1824,901,6840,6636,5160,8898
2929,5890,7786,5549,6702,9606,1723,3858,5972,1944,2325,9664,9739,2001,7195,8435,8256,787,5688,5653
1926,1358,1882,519,8018,5907,1009,3401,7282,3023,3384,1061,4288,6977,1936,4902,3628,2436,5384,8341
7716,1559,4596,8916,3957,3699,6101,2959,6233,537,8492,5538,6467,4392,936,6172,5891,2570,7944,7304
4532,4897,6198,5431,8709,5055,9706,9627,1726,3191,7420,4278,3460,3032,2700,9840,3078,1298,4493,6450
7971,4233,8672,1026,3680,7403,219,8705,1555,8323,9253,5150,2322,6242,5656,8116,9349,350,3240,8863
5436,5571,7983,327,2892,2982,854,9677,2025,2928,8185,5198,4741,741,579,5238,2076,1837,2850,9498
1181,6661,7981,6577,8140,5524,6705,6676,1322,8059,1903,1688,6108,6104,7949,6736,1795,7042,5747,1170
4588,9272,594,4224,7034,7502,7931,3762,4805,1462,1468,1471,9043,9412,4434,675,8544,9634,7965,1941
9005,9032,1604,3326,5190,6776,3116,1942,6180,9097,620,8543,567,5654,4812,3738,616,5848,9274,6285
8580,7190,8725,8021,2731,2331,9072,8695,5822,1261,6544,3959,4463,728,6140,1554,7798,8606,2537,2678
2308,2996,8271,7321,8649,9290,8841,1380,6599,8147,1772,942,8813,9068,4786,288,235,1799,2472,5148
2738,5283,1728,4629,9861,2715,3799,4193,9438,1896,6092,8765,6997,3862,7799,9642,3528,6095,4270,6414
8777,8169,2083,6447,8484,8111,255,7683,8517,2819,1509,8501,9622,3774,2594,1035,893,5058,5209,1383
191,2232,5195,7174,6701,9966,720,3674,265,9426,6728,6712,5279,9983,7017,8884,5861,1694,9016,6529
4987,6785,5242,8531,9112,6000,2274,5480,8413,3279,3705,6203,3033,6142,8805,8229,9531,5541,3749,6939
4694,2891,1182,3678,276,6984,6759,4928,7434,6045,539,4185,5986,1242,1698,9675,2577,7637,9534,4644
8722,3234,9379,9652,159,5751,1871,1065,8240,4518,8456,9750,1983,5750,9860,5711,9147,4447,9548,1251
4021,9715,388,5473,2205,4760,6342,2756,4211,1276,8949,5725,9133,4864,3856,7165,1286,6078,8698,4059
6357,4153,1187,3687,1500,9457,9192,5614,6009,445,1098,9893,1319,3506,5474,932,6406,5765,4303,6667
4776,5740,12,1862,5116,3277,4547,2154,7655,1671,9909,6267,2203,7007,6966,1558,2354,3478,8691,438
8010,3541,8638,2770,7877,8752,5825,3904,5269,1950,1312,2532,7904,3099,1291,9296,9872,3519,2572,2150
7755,6644,1647,7813,8792,837,793,6834,149,2227,5487,6056,1207,3896,1676,3652,7257,3174,272,2128
5829,7679,7093,7894,2132,7660,1362,9773,5234,9251,5343,8511,262,4727,6604,6787,2794,9857,8089,8450
4231,9705,9234,6921,7991,8596,2965,5528,615,7705,8328,3915,2117,9952,3790,3121,5351,9203,8993,3220
1876,3452,7875,2179,4881,920,3402,8920,3399,2637,7334,3748,5502,5969,6753,7535,8388,8241,1811,7281
5712,8652,1189,5338,5385,3822,6765,7807,4201,7692,6118,8655,3476,1266,8783,729,7597,851,4173,4590
4399,1360,6399,6021,5130,8205,5868,7291,3246,1625,9309,8239,8614,6581,2058,7767,5691,9422,9209,5045
9826,8997,1011,4814,4086,1135,6251,8320,5120,7377,4187,8226,7938,5518,6730,2646,8828,2164,9667,2019
5258,2305,1287,4164,3242,5481,1790,8642,6859,506,363,1424,598,7320,7569,2419,1767,8706,6611,1329
5966,3882,4349,7117,9690,3701,9210,193,5397,2795,7312,4973,1058,6586,9617,5369,8522,805,6638,6637
912,5523,5162,8850,6941,2619,2812,7014,2293,636,8509,5389,5415,9343,4425,5270,6752,3432,2930,9679
1524,6245,4763,5601,3689,4799,674,69,5603,9330,705,3378,9605,3045,6452,4525,8618,3516,9870,6270
4922,1761,6029,7605,8682,7664,7155,102,7681,9707,1258,9493,1023,6889,1822,1275,1094,8309,9540,6592
4790,9794,9729,2941,5880,8977,3473,7423,4782,8513,6996,6686,1751,9731,2739,8014,7098,7250,9034,4079
1961,9978,5393,4647,9027,9597,305,7880,2536,7887,8516,9941,4074,2464,1114,521,1398,5828,2505,4081
4056,8368,2762,1680,4307,1909,8318,7788,7918,4230,7706,7397,7903,8243,3254,6164,9639,3436,2180,2374
9269,5510,6696,3715,9384,1907,9566,7896,6105,3057,4157,4633,6911,6860,3077,4167,7614,5613,2631,4716
9195,3750,7631,9806,8086,2081,3474,7632,450,9127,9987,4622,9607,7182,3978,7040,3712,4182,6664,2498
4179,1617,3017,9765,3306,1198,2593,6628,5469,5632,314,7593,2601,8686,2922,5491,3526,7191,4202,1922
2018,451,5674,7998,1394,9529,8082,6341,6867,7908,13,9899,9395,1237,1637,3852,182,3298,9130,4770
166,6273,8941,7689,536,775,4151,8381,3262,7618,109,8478,6825,5302,6166,7677,81,1915,1590,3876
590,198,1606,7824,6594,3485,6082,8762,5568,6507,9891,3228,2086,8414,5519,9436,5396,5815,8283,1283
5522,9768,5569,7733,3722,9226,6133,3109,4877,7771,6290,8168,4165,7912,6370,9442,3622,917,7431,8681
2683,5505,2544,6882,2552,6336,2323,4009,3632,5686,7359,3372,9552,5950,2966,644,1516,7985,5000,369
3049,3809,6437,3808,9325,4626,7659,5943,8644,5418,4085,5827,5548,1548,9944,7157,6969,5110,698,6541
4218,5683,8598,9583,7941,8893,9031,5183,1143,1534,7030,1450,5706,6865,3005,5588,1535,8361,1141,8397
8975,3344,4508,676,3168,2539,1067,548,4579,3929,9883,9902,6089,7662,3132,8953,8206,9625,635,7512
9104,7534,5860,8622,6303,2394,4725,2167,6622,8134,5958,6103,6338,1349,3890,9429,9091,295,9187,6851
6956,4073,5859,2502,7718,6573,1201,5884,5471,1820,6909,1132,2846,9036,669,1043,3336,7585,5074,1510
6360,1930,4528,3942,6739,1243,5230,4778,2621,3989,3053,8429,63,8922,8987,5940,441,2890,8415,6171
7926,743,1343,6054,7828,2957,3918,1480,7404,4046,3230,88,6841,1934,2806,7082,7084,7290,1196,7874
7701,918,3734,1523,1612,9691,1750,5753,9044,2647,9786,8834,329,1866,6792,8562,8260,7595,7063,3708
2206,2618,9194,8849,9415,6276,5717,8814,3719,9321,3,8710,4567,6828,5777,1005,7406,5441,47,5488
6412,9473,3134,7460,1443,4934,9754,1830,6097,1764,7476,2220,8150,206,7110,1553,6649,3036,8097,3058
4686,6986,4825,7120,3733,1174,52,5933,5210,2439,493,4889,1126,8798,4355,2910,8512,7917,9262,7850
3008,7067,9585,1007,6958,8064,8607,6389,8182,7324,2125,7,1040,514,9162,8016,9801,5962,425,23
1290,7952,1519,7606,2558,2093,572,8126,104,1986,2211,6027,6418,3454,7884,443,7342,8728,1372,744
9217,6620,7231,1473,3761,9494,7441,4666,8452,2602,3364,6208,909,8417,2744,1826,1633,1476,9955,8163
8869,8314,9441,1204,8054,8407,6462,6252,9591,5996,7795,767,6022,867,5024,6207,6471,2017,5581,7634
2241,4034,6112,6102,9553,6349,4913,122,5631,3127,2417,2084,2297,7166,1062,7748,8545,8378,6852,6350
1781,902,754,513,4375,157,5117,7856,9387,716,9670,6618,9035,9942,2720,2741,7976,7463,8212,2682
3874,8548,5023,5901,505,4692,964,2728,26,1048,2526,8073,822,476,7858,758,9292,650,9918,7060
7792,7103,6569,6714,7693,4010,4724,1422,5977,1084,2747,4366,5017,7811,8829,7226,154,259,4104,5999
6832,7578,7442,4498,3527,9314,6675,4468,9456,8441,3427,8858,6246,8329,4783,7562,6864,6508,6816,7509
2246,7930,5821,7240,4467,1257,5984,1485,6783,5014,8800,4442,4464,9169,8298,8211,7995,5756,9558,9513
3366,3408,4698,2687,7707,8981,2209,9199,5172,160,4873,1771,7540,1277,6521,672,4546,2165,5661,8635
9928,4753,9787,9954,5433,9338,4163,5357,8272,2480,9447,4755,1937,3499,1906,4137,6094,5689,8662,1412
3166,9227,4302,3630,2053,4821,4248,9769,8533,3785,6254,3353,7222,2231,7575,7071,7340,4481,6035,1581
5178,9346,6878,5106,2752,9171,8408,9391,4689,3679,6907,7113,8684,4884,559,1324,6260,1095,481,8574
3148,3818,1502,3238,2131,7849,5011,7310,8732,1405,3711,6973,8060,5953,6598,7785,7893,6531,7160,315
4699,5565,3421,9993,1186,2667,1718,7612,8498,9165,7136,1587,8377,4509,8969,4597,5414,6764,9881,5596
3681,2944,7736,7350,1449,1644,4772,3556,5955,9738,4176,6819,8423,245,5590,6129,8077,3629,3626,6659
7264,9653,8044,1653,871,9376,424,212,1100,3987,6891,5967,9241,5531,7202,3891,9038,8477,8532,5532
5026,2333,8703,167,4412,682,3171,4918,3314,2247,3440,7979,1270,2725,4200,4061,6174,824,6458,984
6887,9963,8330,8865,354,9200,2240,8192,9489,2907,524,4444,2324,6272,8091,6978,1326,8425,3276,2841
9545,7187,4926,3137,7370,2874,3739,820,3273,8523,4268,1821,5508,4296,9042,6633,8143,2866,9225,6348
3784,7473,4256,71,7751,3958,4297,6392,535,6448,5119,5233,9197,6565,573,1330,5520,9007,4828,7177
9967,9748,1436,6803,3104,5342,8812,8788,6751,1917,8539,2425,1119,4850,5627,7411,5354,7719,201,7721
1131,5703,3451,9544,2919,946,6772,7019,1753,6955,914,7126,7246,7285,5888,2337,1105,2216,2824,5079
5222,2369,8572,1327,1600,9051,7725,566,9789,5900,5099,1783,9803,6626,6606,575,5078,9427,6711,1985
6896,5134,2412,9570,1212,3161,9302,8529,1249,9357,3130,6434,4001,4458,4956,2389,6084,5454,6928,5394
7744,7630,9753,6915,4479,2905,965,6835,4221,2640,6572,821,211,5852,2296,4946,2215,9278,9802,8504
6758,5612,1111,7652,5854,5726,2104,403,7822,9198,2963,3835,5143,5530,3291,2844,8694,8995,1990,1041
7812,6463,9574,3210,3289,4947,3271,8810,3718,6526,2375,1415,841,9869,9184,1793,7829,3933,9603,7546
9067,4530,8266,6502,9432,9123,9444,1037,2269,7773,982,2046,8789,836,8037,784,2811,1834,7668,5819
4027,7087,6848,4733,9257,7012,5313,6423,9567,7375,9220,7185,5918,4976,9206,3962,3094,3195,2289,7690
3117,7843,6743,8171,653,3275,4871,1369,5856,3055,3385,4148,8735,4854,4585,688,6748,7582,4791,7066
426,9628,1759,7129,3837,4957,807,3376,2550,4120,5604,8137,6700,6298,3310,1263,6925,2427,8180,7220
7415,6179,6717,3486,1611,9204,6926,9222,5905,9969,8806,2239,7497,6333,1520,7871,7759,5090,5954,9916
5122,7056,5981,6991,7132,4927,4652,9150,7787,7170,6535,3444,49,6866,239,5102,8972,6304,55,5086
3538,3065,1121,4326,3358,4487,7270,294,8444,189,7531,4764,6605,7424,9972,9919,1586,6028,5126,8518
1072,1429,4063,2723,6898,639,6121,629,5997,6972,6746,9984,6737,337,8900,7543,5442,3369,2546,7670
3899,8130,2282,4032,7332,1375,8273,5924,8158,5544,8302,1137,5731,5636,5994,5910,9308,7074,934,5553
5904,7393,9348,9792,3403,6384,9316,7317,9621,9470,302,658,5762,9506,7194,4999,3324,8707,5785,971
8581,9344,4931,2479,9656,124,155,1002,385,6672,9543,4592,5894,4453,1659,1050,6218,2384,9708,2278
8678,2357,2872,2897,7039,4992,6932,4540,7584,1070,8957,4395,1703,3380,2688,1363,7628,8094,1404,9405
381,9666,436,387,8438,4144,4378,2251,8088,5926,9619,5076,282,7016,501,4499,6239,1321,6690,8960
2934,3088,8938,8469,3937,554,1806,4720,7447,194,4856,9771,7355,6731,3517,3041,356,8410,1689,904
7986,7289,8434,3468,5053,9665,6547,383,2789,7905,1046,569,7823,9903,7617,7741,8051,5600,5745,7235
5576,1869,2879,7298,8955,213,3135,1891,7781,2403,7163,469,9582,6761,8636,9394,2908,7432,4384,906
5256,4274,270,8541,3345,3497,4019,7159,6979,340,9626,27,454,8739,7135,4159,2364,1157,4123,8235
7378,1507,7139,7516,1584,6115,8297,5179,4323,8237,3592,92,9161,8564,7429,2878,9680,5630,5916,9809
3126,6940,6658,834,9060,547,7972,2614,2946,9742,2066,1304,7953,1709,8128,8771,8280,5660,3804,8667
6879,9482,6421,3131,9560,449,3902,7935,7761,9478,7890,3386,830,5808,738,2668,6693,6050,6044,233
6697,2632,4523,2885,9074,5993,4816,597,2245,4222,2118,8161,9542,164,9711,312,3934,545,5088,2916
5112,3061,3623,7873,8890,3676,415,7966,640,651,8663,5029,9382,503,8399,3650,2583,2168,835,3578
970,9354,3930,1705,8855,1902,4606,9377,8546,3464,2708,5408,5873,6258,4607,249,806,5272,3227,9371
3248,5294,879,7043,1250,2175,983,9128,228,9421,8362,5843,1274,8895,9751,9243,8871,713,1810,652
9049,5440,3102,7909,6519,9008,2460,7116,599,9904,3477,9221,8157,4049,2169,7503,5906,5297,4067,7221
6536,9951,1053,1104,1932,7737,6090,3067,9167,1493,9693,1547,8471,8454,4,4217,5968,8746,6331,7555
3755,858,1418,4264,8934,4649,5276,7573,1273,6163,5949,1214,4784,6734,3832,7833,1628,2950,2105,1758
5719,9216,5739,3048,4309,7627,4969,8680,4937,7299,402,4758,6015,9185,5606,9375,253,7169,8818,5946
779,7053,3910,8020,9683,9111,6721,6468,7227,4040,8954,662,4262,766,8342,6236,8035,6782,2386,3854
5095,5204,8875,3052,9988,3825,1409,2450,9763,8657,7815,1744,7796,1253,8718,2080,335,1673,1858,8363
9577,7494,428,3491,173,2702,8577,6652,7527,4483,4087,4564,2512,5056,2579,9235,7671,1693,9800,6455
3449,5108,148,6167,5227,607,6876,2994,1222,3315,5882,4334,853,5030,8899,2433,3529,4038,7624,6322
5700,7778,9423,8721,5699,3982,8778,5175,2597,7818,556,2089,8190,488,7762,7002,3603,1282,7691,6043
9144,4168,4124,7784,1550,5184,8467,2136,7461,7009,9306,6719,8367,1844,1968,1731,1696,5033,3292,3076
6846,581,8339,7481,1959,7466,22,7477,6548,8325,1920,9311,8221,8729,3976,561,8348,5235,2332,4734
9336,7230,6343,4562,8109,3374,2207,7827,9425,6335,5007,371,4813,9897,2420,7051,1508,2183,210,1205
6729,4103,9019,3202,4333,998,5645,2970,6376,7899,1416,6763,9921,5670,5155,1521,3439,4524,6585,6483
4066,8917,5551,9908,4304,8776,1325,5563,6770,1492,8104,3382,7922,6001,7443,3684,1748,9284,8024,8579
5041,8779,1827,931,7529,2792,2822,5863,2924,6132,4797,5308,7089,5304,4674,5772,7648,7266,3583,3355
4345,9365,7900,5973,4974,7888,2931,857,1019,5543,9720,9281,9953,9975,2497,7542,8720,943,5575,5870
2145,303,1288,3100,6439,584,5871,4135,7465,2004,5866,2869,8482,2267,7839,7790,5864,8138,8540,681
6274,6323,8052,1746,352,4826,9760,3633,4789,6495,6514,9864,1224,4860,3754,6987,7279,1435,6135,8489
2991,4455,1742,7501,1921,273,8713,8337,4365,4869,5701,6234,7730,2861,8232,7306,1481,1715,9932,6820
5239,9933,4226,3532,1543,8391,4705,7913,7758,8213,5445,6525,801,8476,3972,6469,4472,978,8032,1183
8002,4583,8842,1328,1381,5182,6446,4513,9556,8421,9901,785,1879,5447,3007,5154,1740,7059,9945,2390
4017,5341,2568,9612,9141,2304,1464,4746,3669,9624,5309,1390,9355,7841,9517,9581,232,5403,9418,7881
7621,6540,1706,6993,7127,7830,142,5635,1815,2575,9521,5944,2163,5507,6190,7665,4845,6216,6237,890
589,7511,8201,413,115,3047,9496,8394,9364,6126,2862,9518,9829,4942,4470,6774,8554,3479,8114,9077
162,6,1887,3697,5146,4427,1749,8530,3900,4036,8755,3184,969,9845,8566,8878,7271,8931,1971,359
8650,3223,2560,3169,8714,3752,504,8882,5989,4737,3673,2130,3457,8355,9181,1798,1215,3235,3757,2226
7319,9810,4383,8853,9915,7398,1229,8819,619,5915,9434,1518,7864,8481,6305,177,7140,9790,1089,4424
3084,6681,2060,925,184,1161,8067,9018,8396,8892,1081,2808,3551,2378,1504,8880,7470,5251,9139,8821
9105,1438,7530,431,756,9095,419,3030,7703,439,6076,3662,8449,8392,7550,2398,2181,2917,3433,7052
6562,6474,7474,6805,9946,3247,2187,849,7228,5307,7495,9900,7492,9013,8042,298,5513,4798,2527,7876
8490,1004,6004,3944,5485,4405,5401,9233,4015,5945,5951,4545,7368,3217,2238,6516,1172,4810,8935,610
3893,8193,9361,5920,6974,7616,7086,2421,4028,6640,1557,1994,3868,6773,478,5887,1376,3066,7491,9083
5698,6724,9547,8785,6018,808,6428,3782,8400,2500,343,2129,8154,9411,8731,8087,8118,9466,6431,2761
3938,7901,4981,4189,2429,6578,5301,3370,7826,7772,2582,8270,2383,8646,9003,6347,9313,6449,963,8985
6725,6281,2650,814,5897,960,3513,9654,4321,5173,3549,2100,8986,7486,3821,353,6546,5913,9110,3764
6271,2798,267,1839,6624,3488,3463,9312,8505,722,6075,4327,2448,4098,2404,1978,634,4612,9501,2859
5799,9658,5736,248,7951,1000,7968,1154,9700,9188,5446,7629,336,941,1233,6353,4952,7734,9575,9686
1208,3038,7794,5176,7188,3955,2673,2585,7204,5761,5462,7658,1495,6905,3504,8603,1388,7735,9334,9339
1929,1230,8464,1529,238,2901,8038,7745,9620,2520,4538,9487,9100,8590,1267,7925,4175,6023,8751,6003
6413,2155,5593,7777,73,6385,5353,7044,8796,3411,7109,4451,8121,8228,4858,5546,348,9164,6240,6981
6123,6366,8473,6162,3726,3682,406,2182,8439,3621,6906,6206,440,3671,2689,9024,9129,1894,2746,1239
2462,4435,8605,483,6777,4707,1420,5672,1545,3447,5092,6248,4642,1361,5921,9299,8963,7547,8962,9752
796,1743,5483,6150,7437,1967,8883,5781,5709,769,453,2196,6288,5573,6961,123,2042,5659,9770,2371
316,9718,5253,5077,4162,7793,6065,9329,6602,3853,2286,8837,799,2275,1755,8148,2432,4055,9219,1090
8781,1895,6419,4006,5317,9279,306,1216,4363,3924,6709,752,3125,5655,2101,7050,8203,3255,7672,2853
2121,2112,7498,7268,3469,7666,4277,913,7358,6523,4119,4932,5616,86,5490,4143,2067,9601,8294,2506
8127,1099,8198,7004,4351,8670,551,4848,2615,1163,4429,4608,2530,1498,8794,333,3595,6938,332,2692
1317,530,7234,1966,2190,5539,1769,8053,9037,1618,8383,7399,5778,8897,6401,7704,7277,6119,9950,5286
7956,3268,611,2793,5211,2306,3879,8839,8740,5710,3864,3575,8261,5330,9776,14,5517,5156,3435,1335
7964,5236,1613,9976,9,7344,6680,5036,5255,9807,1700,8831,4142,4000,6373,5066,6074,6902,2396,2749
8102,90,4131,5399,6466,7426,8616,9913,2595,9207,1076,9048,5458,7261,6030,7469,9762,5140,7144,8003
1988,7008,6918,780,6769,5763,4983,4388,7553,9660,541,1599,9062,699,3207,8525,2300,7391,6472,4239
2726,9635,8443,6691,8926,3056,8943,3607,9352,2406,3253,4676,9929,4807,9943,1063,7831,3801,3788,1049
7101,2139,1366,1408,8619,9682,9960,1103,247,5217,9023,9244,1217,5988,5310,5027,494,4580,5853,2008
5589,3716,5379,5455,6032,3920,3157,5533,1370,9304,825,8446,8387,2040,5669,8249,803,9303,8973,3285
8887,5089,6943,5671,4945,5486,4125,76,7844,172,9151,9208,181,7076,2937,9443,3866,3150,4893,7305
9608,6063,3574,2370,6654,6799,4909,9836,7673,6176,9240,4174,6708,8946,5793,4501,9740,5908,3789,7878
3544,5037,6374,5998,8497,7096,3413,5243,9989,8889,4048,6566,2763,9865,6480,6732,1710,4830,8761,5087
9934,1897,3823,981,8775,1300,1101,6489,4912,646,107,8860,7551,2184,4863,3649,7301,7902,3316,3756
2387,928,2797,6475,7171,915,8780,1179,4411,8733,5572,2434,8244,5153,2626,1459,2012,2790,4283,2681
7274,9475,2906,7879,5624,1621,6149,3645,730,1303,2704,3501,2578,4249,9500,2392,8809,9822,2035,175
7383,6386,5743,5995,5509,2921,7482,7464,8886,5063,2351,3388,7855,6952,1776,7712,6324,4603,3916,9565
2971,8586,7747,7702,7345,6286,3700,8966,3558,6671,9578,9420,9688,4084,4031,2363,9663,5284,6219,665
4227,1045,9956,8907,5782,593,950,1457,299,5559,1014,4882,9837,3939,3979,3775,9333,4192,6893,8156
1752,5423,9820,5803,868,8827,9056,9383,532,4650,9995,3542,1392,8427,2517,5034,9249,7184,8801,9512
827,5838,792,9360,3691,2848,4994,8908,1632,3429,8647,3461,4191,3201,6080,8608,1016,8693,7462,2161
7613,6293,7513,9372,8096,2782,243,1175,6033,1184,2029,3420,8019,1209,9183,9012,9435,1784,8992,9452
9630,6051,8250,9695,9516,4121,6146,9685,5375,3654,764,6375,3637,6916,4039,1818,1610,8090,6949,2115
8049,6326,1165,789,4450,4866,4149,4989,4587,7445,4402,6931,7870,2571,4970,9088,4542,8282,6362,8674
7479,6742,5609,3884,4091,8758,2912,1734,1575,3943,8891,4785,1305,9849,5084,4065,8932,866,2851,6869
8547,4158,5012,5240,1757,7353,1460,118,9332,2829,4146,9396,4569,3514,8600,3416,3472,9136,4940,9636
9884,5223,9026,8817,6310,7253,2955,338,8510,6965,5927,9118,685,8359,9797,5919,955,4445,9424,3295
1030,9717,3557,7939,9994,9196,8611,8447,7330,6750,8112,178,2315,7213,9515,1615,9805,6786,9824,538
6457,7396,168,5540,7977,7267,8664,5133,8495,8542,4273,8832,6760,4664,4638,3655,1874,1307,1566,2758
2666,4571,1646,7581,3414,2482,9892,9925,6601,1446,9297,9851,9267,284,9065,9401,8062,9345,4723,7111
6936,3923,7715,4849,4535,1310,938,1247,7842,8708,1842,761,8787,3579,1656,8958,6663,9115,9645,128
6014,4320,4900,1042,3405,3111,4255,1638,7749,7122,8745,1912,3560,390,8040,6543,1980,2113,1737,6394
5254,1245,3843,6031,1528,8901,660,5649,3424,8030,1171,5730,9927,8627,7994,4008,7999,8915,655,9793
783,3422,8085,8310,8763,1570,4206,2170,2353,8056,3059,8117,9389,3183,9242,5141,203,2098,2559,6052
85,1996,3849,2864,4114,1153,480,4240,4150,4112,3138,7932,1762,2422,6257,2695,1057,1038,2638,4312
7369,6106,9289,6049,908,6405,5291,2580,3590,6368,5264,6039,993,6178,6268,4486,8317,8159,8520,4461
3112,8220,3493,8659,9964,3302,592,5833,3335,8145,421,9479,110,7224,9485,3251,8716,6610,2188,9347
9672,7389,9370,3149,1808,1069,3961,511,1447,7162,3349,515,8307,7307,8624,3848,2567,2876,637,9152
5419,7343,9153,7821,2634,1601,7080,4788,9862,2294,3698,4576,6555,4740,4406,5494,9709,4452,6999,7439
7232,153,9315,6800,3552,4757,9844,8795,4313,6213,3800,9294,6465,1809,9604,1649,7832,364,930,44
4824,9342,2709,6235,3239,5651,9868,3648,4169,139,9895,9021,8864,8291,8321,7505,2000,9519,9398,618
2148,1138,2751,9629,9070,379,540,8862,3707,947,5453,9528,2609,6812,1458,560,6968,1993,4261,7978
2414,2475,6934,2981,8070,4732,6145,2279,8648,1933,1414,5767,7380,7580,2177,8009,8782,1760,2796,6429
4287,2620,7754,6011,886,9719,7164,4386,1029,9554,3758,8697,3494,6988,6339,196,1218,4484,6481,1738
1660,2699,5555,6175,7286,7819,1969,8183,141,7800,3539,9704,2871,3968,5978,9744,9301,7860,3283,2503
3812,9030,7945,863,1010,7520,3216,2592,7024,404,5617,3869,1560,174,3110,1664,4446,3642,1616,6798
1928,557,702,800,2643,2483,3567,6048,9559,7229,6217,8233,1639,9850,7197,3318,9584,4220,4548,8474
8750,3225,3249,1227,119,17,9166,8612,926,4896,4972,7379,2823,1299,8068,180,9486,7288,186,8360
1221,240,571,7428,5371,1368,5479,8924,3555,1682,9502,10,199,1655,1003,9600,9474,9084,9917,2061
1835,2418,2707,9702,1756,2495,6077,7249,6857,459,2310,9205,832,5192,9549,975,1975,8231,9359,1445
884,7990,7347,3198,9033,2882,5019,3363,2694,5810,8843,6795,3083,6422,3690,2326,9265,1840,2768,1008
7138,7528,7172,2767,2584,2142,495,6558,6379,4711,6836,5786,6771,5775,77,8334,8979,7674,1427,6024
136,7688,7760,7604,5976,9788,60,5241,9923,9238,5109,28,9094,7475,6687,5877,9592,8442,2605,1455
4604,3188,1892,795,3471,8499,4672,7869,5666,4602,3450,2361,7766,5564,2461,6762,4533,1351,6976,591
7418,9471,8465,5957,5208,6596,9965,8623,3833,3434,6745,6363,4348,1456,9747,5378,216,5194,6613,4505
3337,2843,3965,5759,8851,1763,1725,7001,3512,3956,6309,3815,9363,1939,9107,1563,3269,6849,5407,5881
7564,5492,261,4570,8688,2124,9189,2010,3543,6382,3922,7797,8840,1320,4376,2877,8281,2343,9001,1337
4071,1699,8906,8803,2834,105,6147,5642,2561,2192,9459,606,2350,9533,6047,8923,2940,668,2085,9511
1323,3287,2114,976,4516,6069,9530,4684,269,4663,6352,2395,8873,1872,9047,2778,7065,6099,7133,7743
7967,4659,7047,2330,8503,355,5857,8436,1880,2380,8879,1052,4282,9866,5355,5325,8661,281,4838,5367
2675,8316,1819,2523,3352,8991,9889,6279,7633,6971,9011,5623,9659,9170,6933,3377,2237,1860,8303,5858
9594,6635,5322,7806,4874,8582,7504,3967,7346,9046,7457,2002,855,3187,7374,461,2993,3850,1466,7982
2252,4892,3480,2985,9926,7937,6443,9784,5611,2914,7752,5008,8351,5136,6184,2555,4669,4640,5207,4253
8380,2459,6632,5388,8165,2069,3530,6141,6354,986,8076,3062,135,2073,4011,6415,9777,3412,9638,1663
5922,6621,9537,320,46,5525,4229,9124,710,3994,6706,7600,9937,1588,1787,1115,8764,6107,3215,2997
80,9662,9362,2111,5643,1431,4417,7987,8133,8711,3826,6470,8103,8719,4322,6125,7980,3545,3928,1097
1433,7192,6228,2050,2078,6110,7865,9120,32,5832,2898,3970,2753,5714,4485,3297,1472,9778,3973,2438
1136,7455,1995,9743,804,4495,2314,4012,9817,7974,7131,5225,470,5259,2735,568,376,5558,130,8327
9137,2393,1406,2854,8125,2553,8007,1391,1039,4271,9368,9551,9125,3229,8669,4290,9877,3151,7765,7085
3842,6041,1139,9727,5840,6224,7118,3830,192,5344,151,3847,4024,7349,6292,4316,7577,2319,6788,4276
2849,473,6794,6037,1669,903,3981,6913,6710,1914,5262,2607,5349,4403,2362,1173,727,5206,6122,8658
3243,3885,5197,2259,7768,39,4422,9730,8406,7524,8259,4624,5845,9961,5687,7506,1001,5641,1814,1856
9725,4823,9472,1077,6230,1432,1817,169,7496,9416,7915,3740,2214,7676,2630,840,1981,4766,137,7430
7218,9798,7753,9256,411,1704,5493,4521,274,2656,1334,5216,7168,3173,6144,5129,1387,8950,8653,6440
7106,8967,1036,949,308,5668,9573,468,4471,937,894,3838,7276,2446,9229,2334,1884,9163,4742,544
1241,5733,3696,6040,4350,5466,883,7444,580,7910,5335,4083,1963,2590,4517,56,3290,8506,5411,3778
7963,7198,5224,7196,82,880,9317,4214,1336,3339,1593,1490,3367,5203,2750,8538,79,9968,5766,7142
6482,8486,7062,8872,8929,9610,3836,9971,8356,6612,1596,6609,7724,6862,6488,8395,3194,57,1635,5497
7808,8253,9148,1540,9464,2221,8552,7148,8965,292,6970,1248,1878,7241,8299,3692,4092,3177,7656,70
9286,5755,7764,9855,8576,8214,487,667,8575,9397,8786,595,9190,9930,5103,9245,8723,2554,1417,4635
7950,1371,4371,8113,257,7897,5769,9867,6200,3609,8422,5728,9940,5290,9508,1661,9460,3537,3487,97
621,7260,2068,673,7928,1574,4129,6807,9924,6885,3304,8199,3181,4503,6821,887,1269,7336,5091,2052
6058,7589,9527,7583,8373,9061,8352,9236,874,4225,6994,7731,3418,9175,4431,6222,3011,3624,1791,2525
659,5005,446,5795,5663,6629,9483,2321,5065,6597,8124,7714,2633,8877,1496,8791,1202,6019,2732,9931
6139,4958,4115,4404,9400,5708,7809,1691,9250,7446,3212,8319,3745,1313,1729,6509,9535,4324,6874,3871
34,4968,4382,1107,485,6844,9248,605,8136,290,68,5398,977,357,3154,9671,2542,8833,6155,7045
4843,8936,683,7337,7245,3042,3325,891,9437,2360,899,1064,231,2490,9827,4589,4512,6291,577,9536
486,1845,2810,790,8565,4154,6504,7610,9232,6797,6830,9637,1875,8604,6046,3096,1677,100,4415,8022
9131,496,9064,9819,3025,4117,8626,7678,2481,4944,2202,4096,9328,1770,1712,3160,4116,7541,6583,1437
6723,5018,633,9979,3340,7622,2865,6817,2166,33,1315,4340,8909,7625,8462,2051,3320,6580,2377,507
3390,9331,7236,3203,6513,3977,4436,8990,3098,833,4373,8488,9905,1580,864,4269,8353,9985,7035,5579
9356,8155,9285,1185,6818,9052,5570,6528,2141,8747,5682,8964,4519,8677,4311,6425,8491,3651,6651,9373
1311,3883,4228,3458,6158,8011,4265,2445,1905,3860,5885,8405,7104,924,319,4494,4299,6250,5186,2298
7323,9774,5721,366,8458,9775,6826,7863,3261,2062,6549,725,9722,4194,6861,5664,2317,9977,8734,5620
3878,7000,826,7242,782,6790,8826,1106,4043,9920,2108,9177,2140,1631,4543,1804,3872,3146,8084,7552
7962,4594,260,8591,8988,5695,9353,1943,3562,3321,2147,7421,7054,2367,4480,6684,6960,2581,9525,5387
5964,2740,4948,7070,3448,6775,9213,1927,9761,5557,9096,6079,6983,1589,4870,3481,4769,9980,7308,7005
6810,5450,4971,7414,7006,5947,6808,7316,9609,2591,6194,5554,3037,9142,7233,1542,3661,5228,4353,8704
1465,1306,8767,9408,4717,8914,576,8296,2356,2962,2281,6479,8122,1626,1964,6060,3175,2669,8824,9499
3331,8804,4662,5992,9759,980,8939,6182,1796,7955,50,1073,7348,5705,8177,4041,940,2219,5188,8172
9992,2949,4630,2999,1308,9863,7868,367,5465,2672,9002,5443,9632,7147,9733,8838,8595,692,9121,89
5802,8001,2830,3004,8335,7567,2091,6187,9618,7518,5001,4531,3536,5657,6477,286,8144,6441,6302,7779
4917,5794,2014,7680,3816,7519,9879,2521,5416,1785,7478,7558,2454,8797,2551,2828,2839,5899,1246,2023
533,1823,5748,9936,718,6451,8374,5097,5402,4557,5985,8676,4272,735,9749,736,5409,9562,8592,3024
4178,8300,3431,498,1118,3200,3186,5931,5314,4286,7092,8640,4502,9305,8766,1956,4448,642,770,7532
7137,6320,5382,5472,2342,374,7536,3831,4965,8057,7943,1807,6600,3332,7123,5177,1475,5346,5107,4808
6500,9451,9004,5124,959,3113,9381,737,8632,8418,6038,5722,4242,8372,2045,9982,5277,7611,5249,3768
2989,4842,8432,6877,9661,463,6854,2003,5333,1178,690,8012,5152,7362,7287,8285,724,1338,9057,5851
4460,7022,8181,6839,3522,641,3069,4475,3553,2031,3205,7208,8550,7675,6330,9103,7128,9488,7058,4853
5542,935,6660,4648,7254,5960,3073,2484,2639,8431,6576,8041,8005,933,6689,8944,988,4332,5780,3796
6685,714,6945,9000,6603,3294,6811,927,5252,8551,9135,8519,5321,1982,152,2909,65,8151,9102,3685
4820,386,9099,8466,6930,3834,9673,3625,3199,2440,9073,3319,1619,4756,3906,6403,6098,1278,1989,4360
5060,4990,1402,9596,9337,4267,604,4675,3360,8621,4160,2769,4963,1940,9832,2802,4136,2348,689,7275
