1829,9379,9213,2343,3385,801,1668,5647,2883,8387,1899,6548,2368,7833,2464,7712,4482,2856,9,9343
4498,4973,145,6016,6866,6987,2411,5752,660,4118,3426,218,3606,7009,9704,5200,616,3151,5656,1869
5294,6837,9527,58,2996,3205,3066,2264,6063,524,3301,5526,6620,5545,7828,1344,9528,3716,593,326
3225,5047,5987,3319,901,1922,7327,2341,1674,3409,8956,8983,4762,1390,9612,8374,797,5561,1941,7937
3442,8515,1389,2307,1322,3124,1327,1489,3062,410,5054,2892,3074,7641,2104,7521,346,5225,748,2057
1967,5176,150,3271,8333,3767,6733,7129,6789,2582,2788,8565,2968,4457,3822,2820,2648,3194,6676,2153
2672,4870,2685,3209,9731,5028,4206,4167,489,1581,2942,5404,8962,9101,3243,3237,734,1404,1913,8199
6889,3881,1905,5120,5762,2985,3342,4138,161,6572,9672,164,2791,8277,7910,8399,7726,1023,3034,890
4760,9487,6671,1760,4800,6395,2484,3694,6961,8424,5599,9557,4927,1697,6004,6788,249,6056,8380,9902
3278,8445,363,4486,7152,7349,780,818,5631,7175,4552,5202,4455,6603,6041,9972,8824,1643,1977,4961
7898,6675,4958,6708,4408,8482,6496,100,6570,194,8524,2356,5350,1157,7435,5967,4954,212,4101,6298
9136,8837,7996,1884,4559,6090,4540,474,8719,8700,2216,5842,1917,925,1780,8299,3869,6432,3890,2282
8233,1544,5923,508,235,6481,4002,1176,4526,1302,820,6012,529,4551,8548,7931,6411,5390,2310,1254
5425,4232,3617,1090,9462,9728,9507,8793,3747,7674,40,2381,8310,1418,7789,6144,2124,7717,4089,4967
1846,3536,6986,5187,8345,2887,5484,2415,6126,3437,3846,384,2719,8121,783,2666,3746,5930,2490,951
7346,4863,8182,6504,927,1168,482,3448,5537,1181,9798,9230,8723,4995,1512,3520,1868,8420,8041,2165
6606,2957,8202,6251,6444,1460,2636,6728,2409,3551,4014,9436,1294,2976,2308,727,6957,6808,4143,9923
7092,2944,486,5161,5442,9543,5800,8369,9790,1239,4516,837,5872,3911,4831,3779,2348,610,8164,8554
3966,1660,2152,5574,1348,2289,2809,8780,1611,6582,2735,2530,1539,1969,4814,3580,5581,4440,1261,7471
9687,5291,2270,3739,1449,1990,1759,3637,8975,2914,2489,8312,2071,1428,2082,8809,7623,4777,4358,2112
258,6869,7810,7557,6064,8984,844,969,5848,8690,3046,3691,1837,7240,7054,1075,868,1782,664,3600
9994,7507,8886,7402,1147,2039,9516,3585,507,7244,3737,3733,2750,3077,408,3129,6373,5302,2128,5605
1551,8571,6499,266,4343,3948,6372,3886,1366,7829,4018,1734,345,5857,1124,4137,4181,94,3552,324
2006,3051,451,8249,7853,4111,3486,1430,1493,2657,6493,1375,5117,3463,1411,4684,4538,9887,1114,3952
8807,4899,1717,5759,511,1730,1158,2235,749,2639,154,4986,9605,9921,2392,7368,5319,7150,2452,9354
4068,3313,3939,4064,1911,5873,8335,8547,3250,6868,4152,1049,3333,4356,5916,8632,3099,1027,4783,77
6630,6754,7768,8669,1387,4352,9020,1208,4842,3561,4713,5432,1864,4015,2714,3147,4946,7390,668,9470
9293,1630,6121,3146,9713,3839,2573,7815,1359,537,6295,1919,6807,280,3155,2828,8429,2245,1183,3191
1965,2873,5667,9714,2283,8397,7001,2206,3726,4598,5962,3515,6680,6458,295,7586,5383,8126,6473,8784
2594,527,5502,4027,1045,3868,1500,566,2707,3960,1881,3762,7251,53,7593,1066,7911,9562,6529,3579
1373,4075,4731,515,3873,9453,3808,6999,6893,2776,4542,3213,3177,4573,4823,7016,7588,7000,2609,6005
3064,902,3116,633,1842,6027,1064,1450,4810,3028,8788,1051,3065,6590,1871,153,8995,6117,4288,2861
2984,9283,6810,4308,6426,2884,9049,3380,8195,946,6394,6831,6903,8055,5696,5131,4218,3933,4369,7963
1769,3287,5266,6693,3816,1149,9183,182,9156,656,3404,2686,3591,163,1658,1722,6008,7078,5965,7006
8228,4832,1425,5761,9415,172,2625,2975,6381,6955,1249,3371,4451,6969,1723,5245,1937,1415,6715,8537
3407,6936,6647,1108,3558,7999,4744,5975,7026,2360,1863,1084,1477,7375,2407,7040,7358,7618,3497,7553
8836,4485,4819,1184,4887,9530,9111,6915,7944,3922,6775,8105,4758,3415,4400,6574,1455,6785,5642,3921
2211,351,5689,3233,9864,5452,8088,2291,2014,2934,8740,1000,7162,7912,36,5544,8539,9593,7447,6359
66,2028,6222,5868,6765,9223,4772,1751,1441,530,962,8131,2550,7871,146,7458,2219,9129,9140,437
8650,7480,9744,1663,2904,7849,7948,5048,6081,2136,7482,806,4919,1244,3112,4148,8811,9451,83,561
1139,8430,3471,1180,9617,2514,4688,3502,5876,9121,9938,3525,1031,2886,5791,9849,3455,7473,2889,8003
5607,1142,1574,7830,3598,3575,4472,6211,8236,4096,5986,8407,3982,4141,8923,9030,5321,269,6303,4796
2051,1129,5911,4782,3154,6543,8853,3625,7615,5518,1706,563,5956,6329,2315,1635,3687,6414,10,9163
3946,5488,8732,1699,6480,340,6472,1894,6714,2413,209,8372,975,1530,8075,2738,325,2000,4072,1972
6361,7024,8454,5684,7319,8193,9690,2553,8935,1693,3518,430,1118,7676,6823,3367,9577,6618,4778,7684
1963,6140,178,6002,1079,1300,2013,7651,8039,6322,596,8693,8153,8856,1380,2324,2920,3406,5611,2262
583,6948,1686,1113,7643,2487,450,2745,2226,1735,2653,1068,829,2177,8560,3777,415,141,9922,3344
2537,8695,2747,7802,2138,6234,6498,3322,6326,1297,5468,9639,7894,4964,782,3689,1252,7860,1009,8861
5733,1809,4562,6424,900,3560,4235,5287,7508,8761,6910,1396,7127,9502,5858,7935,1198,6013,7907,3320
3298,5513,5086,2618,1624,4479,2076,609,8072,3355,7407,9752,3441,2600,3201,1520,5660,7456,9956,2898
2429,2871,3452,4591,1395,3419,5520,5622,3571,3806,3958,9692,7290,457,635,5408,4490,3743,6832,9382
1179,8744,638,2151,6951,2633,135,3945,8826,2162,6066,8337,5896,3103,7391,1243,5637,7449,1197,9162
2527,4048,1247,2215,6098,5948,4846,9316,1824,1187,8148,6055,4607,1397,4821,2224,7051,6611,2442,7584
4301,5664,3674,9669,8411,4298,9971,3796,1062,9181,4134,6128,715,2234,2933,2064,5146,3029,1046,7018
2793,4299,851,8265,5902,991,9374,4242,6836,9803,39,5364,1610,5615,308,65,2294,1970,9477,6891
4121,1166,1552,9550,9065,5980,7014,6475,5575,4306,203,5391,3352,4332,3428,2610,6791,1361,7420,1896
7363,7099,8997,7728,4055,18,5476,8728,4176,6227,5099,3521,1224,942,9039,4797,6650,3805,6689,4893
4420,1008,9014,1790,6167,1033,5463,1589,1703,897,5486,5259,1296,2835,7284,9619,7415,5806,2107,770
7193,8214,1613,1210,5465,2351,3384,6597,3188,2482,4520,3307,2347,4173,2229,8257,6277,7949,1538,1567
6549,1585,7073,4836,3983,3935,2016,3102,1999,9693,1719,9811,8394,2496,8679,4848,1242,3544,8866,5045
2029,7332,4597,889,1442,4453,4719,6407,2077,6653,4891,1679,2031,6267,3684,6467,5726,6115,523,3711
9536,2086,9025,2564,4103,1171,4505,1625,6962,62,5171,9272,142,6840,2622,156,9456,7253,9603,132
572,9896,758,6463,8901,2405,5095,3456,3883,662,6456,4595,3363,5379,5715,6075,7816,2963,5850,6197
8093,7440,1225,1386,3297,712,1604,3501,6895,7481,5550,4739,4892,6461,5027,6120,1468,1923,5394,7254
8390,1067,5281,8588,7659,506,9409,8205,4443,6314,1292,7344,2204,8681,6427,5418,6640,7342,3361,144
2801,9677,4422,6515,4664,147,52,777,8559,342,644,8396,9750,2079,6530,373,6838,3961,5515,9345
1482,5936,5676,1792,3754,6235,2556,395,5943,3863,7971,317,700,1463,3908,7373,1160,7355,2174,4610
5918,7527,4085,9068,438,2019,2139,3990,5062,5600,6713,5443,1800,1403,2999,9051,1541,330,5340,8073
307,1755,3918,931,8415,2598,2757,8620,4012,4006,2037,2026,3089,3072,8254,1313,4368,2630,5470,4330
2358,8950,3756,4116,5941,886,8155,8106,928,8680,1575,7416,9081,6953,5745,9959,3163,5002,5269,8947
4168,6909,1323,7960,6206,1779,5691,1174,4659,1326,1281,4487,2420,2627,9006,1680,9520,3803,1620,2689
5793,2781,5346,7847,2722,9859,4289,2896,9023,6327,6207,536,4571,1930,3603,9595,3149,6970,6985,6991
7727,5673,1325,1284,5604,6252,7403,5933,57,1004,6446,6297,3094,6248,835,3947,1547,9733,4160,7972
3775,1279,9029,5371,2287,4448,7857,4371,8099,7198,5193,5315,6797,5482,1526,2690,7723,540,2947,8825
6111,3510,6846,2391,1483,3224,6201,4059,3135,3008,7122,448,2045,9881,2597,8909,5534,1841,4127,5199
9179,2111,7140,7413,1958,6449,1745,6129,9716,9979,8704,2692,2561,9166,4728,8757,4767,3566,4351,7638
60,8645,7270,7335,4367,1872,6503,376,9426,4154,4850,5641,3715,2225,9231,8453,6698,7757,986,7045
4280,3196,731,9976,6130,4140,7008,1938,6076,25,3084,2296,7501,3127,3056,9054,2161,8004,4709,8904
3564,232,4942,1614,3979,112,6486,5189,4773,5325,9844,7559,404,4830,6928,5431,6351,804,2196,1709
2851,1161,8197,4930,1582,1120,2642,9075,2293,1041,5021,5071,21,6992,8245,3764,488,5006,5638,7881
390,4428,5070,3985,4680,3242,115,3285,3804,3475,550,8356,5877,9431,1289,243,2269,6594,4386,8017
8927,9406,679,4507,1263,3366,7336,7954,7890,7809,4789,8522,304,6757,3244,7354,2387,5150,2316,3522
1566,7977,9567,3467,4531,1446,9498,5595,7620,9712,5671,4233,287,4425,600,5678,7321,8706,3889,3160
4780,2488,7108,2292,1185,972,1602,5205,5608,3111,2278,3466,3916,3643,2965,7488,3276,4444,4884,1932
6457,1831,6935,2244,7607,1928,9209,7241,7382,6182,5897,2940,5185,9991,5313,9375,6265,6323,226,5880
5836,821,5890,5494,2770,4466,4157,2706,7409,9969,6030,2274,454,4391,6916,130,2248,7326,7374,8867
4471,5132,8353,117,8207,6649,538,6271,6419,5931,5114,1024,5143,2785,9398,3853,4056,6828,4979,9558
2457,7186,5458,2503,1562,875,361,1912,7919,6612,8953,8376,5769,1694,6764,3774,1309,8377,5663,5049
4126,6170,1433,5589,9263,298,282,7031,2396,4905,5023,7814,6023,5548,6133,4084,7698,2712,5282,4864
5446,4001,4925,119,5422,8461,1127,5886,2834,9024,6860,1855,3490,9018,6854,9587,9732,2188,9857,3469
9086,1511,5040,5834,9787,7807,6283,6341,7660,338,9034,8096,8616,7102,1743,2265,2376,4786,2261,5945
617,320,784,6690,7735,6286,4651,9561,8850,3128,4737,8192,649,2768,2881,4711,8920,9073,5329,570
1925,2542,7512,1828,9686,3039,1784,6017,9670,932,8436,4407,9908,6778,6586,2146,5138,5242,5828,8114
1997,9762,841,5295,4563,956,2534,149,2182,1931,1040,4618,1936,7273,1214,6417,2654,883,7655,1074
3813,4997,7067,7352,6202,2819,4802,3700,5935,8447,3910,3450,2848,5619,7711,5197,6829,8633,3012,7680
6771,140,1037,418,4190,2126,7154,5871,9070,4605,4445,8246,4272,1804,8607,3882,6011,576,3835,3897
6658,6032,8738,624,1802,3738,3696,4416,7168,9913,8209,2472,444,2949,1044,6786,428,3222,9633,9751
7201,8343,2304,7498,4204,3635,3841,5724,6882,6805,463,6660,1133,9433,7873,7543,1018,5236,198,6183
4906,6492,5121,7893,5433,6790,7188,4255,5178,4384,5188,5347,4147,9331,1651,5490,6404,4362,2631,2421
8015,639,4736,311,4467,708,202,6138,8025,222,1764,4750,1020,1372,2874,1548,735,8827,2655,8594
6350,3123,3671,5722,4394,4873,4732,1384,1767,9565,9319,2872,2371,341,3932,2399,7811,123,5783,2430
541,5206,6026,2509,1996,4290,3620,9975,8018,8222,6847,7308,5942,9992,7632,2780,3447,41,2298,491
4317,5654,6408,2297,187,3289,5603,3343,2755,9271,3052,9169,8562,619,5403,7153,6747,4549,5635,3562
9883,2228,1736,6313,2841,4948,4112,848,8838,8604,9753,2366,219,3940,1122,2242,8085,4937,3350,3293
8166,4105,954,3879,2102,7455,8129,9206,4383,5118,9232,4615,9863,7687,7291,6664,3288,2145,8985,3644
7151,2479,7345,899,8877,3236,9480,5335,2811,5449,7594,6470,4955,8528,3068,5778,2193,1414,227,3891
926,2682,5102,4327,8488,6929,3724,2870,1845,8463,1758,5805,7967,2812,5172,4399,3727,2912,4765,6233
6864,2669,4331,1005,9346,1889,7840,4589,7903,5369,8926,5564,2210,8219,3668,717,9218,2879,6466,678
1140,3750,1524,2424,310,413,4575,8599,4086,4911,1946,4583,5384,131,5046,9069,8188,6816,5094,2083
7325,9667,5650,7072,1826,7946,9125,6924,906,7145,4931,9802,1982,6641,6165,1683,3100,5493,3152,6247
7328,4324,6494,5888,582,551,4827,8416,357,9554,4452,1746,1169,7697,2558,3618,7746,1702,1964,89
3403,4184,2670,6669,3131,6644,9652,2353,7002,2899,4278,3981,7250,3729,8145,8477,711,4734,9934,4608
9228,5110,6781,8729,8791,1098,2960,3633,6500,993,273,4530,1827,8064,6280,6833,6748,7393,2987,6984
6240,9666,8986,3382,5517,4257,8381,2902,3136,2973,2862,3410,977,3915,5555,8466,9943,7570,3610,9643
3259,4402,9198,9583,2929,1659,9366,6774,4966,6106,4349,5723,2548,5414,7738,3931,5026,8287,211,6758
8036,1631,819,272,9458,3563,7292,5303,8512,9492,2230,9871,7275,7640,6737,8092,9581,2952,4158,6383
3860,953,4965,3568,6135,3555,469,6100,9448,6541,3413,6755,3315,4879,6388,1852,8177,5964,8999,6425
2787,1382,1961,739,355,5088,1350,6275,6042,9188,391,4606,4923,4509,4470,3081,7338,3710,9880,2499
1665,3210,8605,4028,6687,1014,7682,3646,3707,938,737,9710,7098,414,6062,5280,1109,9465,9903,2084
2041,9341,1363,9152,2017,6112,3264,3143,4454,6107,6568,5905,7700,8878,3880,6200,6046,2513,4267,2945
286,2813,1481,8480,1473,7056,1644,2637,3640,9009,3997,6127,4641,6312,9648,7639,3340,9295,553,5317
7600,8767,6782,2935,473,5840,6798,6917,7616,4849,6709,2130,9302,4144,1412,6335,1959,5639,7835,5998
2159,5112,6686,5981,7520,1682,1590,19,5032,7233,6566,201,9719,8226,1291,3589,9650,5382,8993,9654
7982,1003,5688,6963,1191,1705,9177,4567,7719,6261,4390,1039,5504,2187,7341,4207,3457,2950,2852,6673
3629,3980,1788,1988,8410,5732,7580,4622,2386,8942,5891,836,7784,743,8949,3977,6588,602,6954,3206
5864,3302,7822,6769,751,6514,3641,4952,8755,9044,4063,9247,4730,3423,6912,5417,8675,2604,5510,8191
1652,7357,5792,8040,8432,648,1553,9119,1600,574,7013,5103,3038,8674,6180,4151,1495,5085,8618,69
754,9928,389,6430,1572,2660,5623,1138,7872,856,8898,9724,7100,2746,5268,7433,5777,4645,5593,221
9175,6802,93,9820,1085,456,2154,5246,436,3573,5969,3418,6028,4658,3690,3934,8621,189,2678,9000
3781,2005,476,1205,7869,2425,5097,6053,9789,9170,5222,5835,4042,2684,9895,9808,7225,3821,3438,5680
4587,3885,3757,4921,2617,6911,3168,9854,8843,6364,7725,641,8068,6450,5992,7770,7845,9110,8504,4236
4663,7778,7103,9428,6104,2058,7851,5299,1439,9246,9115,7571,8006,6123,3392,8460,4142,6174,943,7953
1739,9300,2397,1578,2696,3723,1525,1431,8976,3797,5460,7446,2928,4463,2113,9682,7288,2839,9395,9037
7882,2992,1287,4057,9427,8959,292,5398,6625,2962,4554,5473,6464,5917,237,4379,860,8871,143,4009
701,2585,8378,2431,2042,5341,7526,945,2020,1594,4079,7343,3794,2699,585,976,9627,9270,6131,2749
4039,9174,6184,6239,5389,9999,6067,4045,2271,9425,1955,7189,7653,842,8208,8751,7956,6306,5617,7887
8507,3258,8151,6141,4577,2671,3652,6622,6930,9036,6682,9706,6697,5211,4829,4171,6073,1137,2175,5170
2628,4590,31,5395,5448,7478,3937,750,4031,44,6274,2133,6887,1447,2769,2555,1944,2340,5368,1819
3752,8712,2213,3970,9478,4574,8590,3654,5089,8234,5084,4314,8908,7914,181,4410,8535,3998,8457,6471
4489,6559,1492,4114,3595,9529,4553,2900,2520,7043,6190,760,8271,9658,7804,6166,2171,241,2800,4431
7562,8240,1601,2477,1750,3429,5625,4469,9259,4741,5984,5142,6437,5226,8778,8795,179,3023,1136,8971
4668,2905,8052,4080,55,8216,7599,9483,5122,4119,7497,6536,9397,9440,5862,1860,7444,2427,8298,802
8510,4982,7940,3071,3495,4998,7966,1054,9571,4984,893,2328,5191,8450,8149,9268,9879,3776,9985,9926
9348,315,592,4450,1640,8313,5004,7130,4405,3847,6501,4353,6105,7224,9352,3228,7309,1690,970,7564
1670,7613,2599,7803,8781,4723,8403,9225,1711,3303,3478,3840,8849,7015,666,3842,3394,2223,1646,8916
4183,9056,4244,1001,8323,9761,3923,7278,2958,7821,6363,9890,9707,9535,2268,9413,2055,3500,5557,4828
245,3996,4546,3445,6973,173,8137,994,4779,7161,3026,5497,6440,6034,3791,5279,2541,9941,7669,7965
7347,7069,5068,3499,419,6346,4098,7104,3607,8945,3701,5801,8774,3199,8388,5549,934,128,5648,2471
7924,7995,3706,2183,5921,5849,2453,3337,4223,3269,4461,2180,5435,2563,5572,3414,4159,5477,4238,8037
8422,5539,2810,5963,3823,4916,122,9759,2465,7114,6231,4186,5573,3198,9950,4166,4070,9484,5606,7665
9944,6522,9118,6848,5585,9696,6217,3085,5290,5811,6759,1260,5248,2824,4506,6608,6422,3171,5104,3833
3605,7928,6567,5999,3736,2736,6189,9579,6730,8566,3398,8296,5525,2280,6972,3632,8179,2357,4541,9632
947,8393,6273,2764,3137,3622,6656,3266,7749,967,1010,8159,7011,7285,9200,3369,4522,6453,1968,2103
7522,4224,6304,621,7396,3837,1211,3221,4857,3477,4234,9929,1953,8955,8030,1016,6667,4210,8835,9715
5495,955,9592,4527,2931,5541,1627,1164,6224,138,4225,7179,8002,2515,8241,8792,6888,2614,4016,4074
3360,2317,7801,8011,9100,7123,7693,8189,4412,7181,6871,2290,6964,526,9968,8506,4894,786,2322,397
4393,8544,5925,1360,667,3379,7239,2131,6562,5485,740,4093,4703,1314,9780,6095,8936,443,9323,1883
1437,1954,4376,7333,8789,8626,1756,8469,6192,1410,1808,4019,8654,5966,5789,7729,3257,8320,3095,4363
185,7596,9676,9657,9996,8736,403,7307,5596,4215,9353,1402,9870,4128,865,6968,7385,4835,7540,939
6751,3212,6994,7736,7036,9855,502,989,3814,5503,2687,9725,462,4365,6033,3332,8058,487,1030,4727
921,9816,3016,2393,5013,34,3742,170,7509,1229,4355,3425,1406,4902,6942,9765,8760,7171,1217,2651
8275,207,8493,497,121,5438,3383,4189,3702,6966,1900,3254,3824,1546,1568,3834,7932,95,8629,6509
5788,2099,518,2105,5164,838,6232,1432,5621,1470,3601,4581,7707,8785,5583,7167,7879,1805,982,8578
5439,3267,3082,8586,2367,3809,2288,4669,7216,7294,5940,9384,5087,6960,7230,5423,4742,7575,554,8125
9080,7888,8922,8958,9185,56,6078,573,2991,9212,6136,998,108,9289,5598,1352,5906,2948,8297,4415
3035,2995,5895,9966,9734,2754,8862,9678,6035,6919,7675,3930,9737,4200,5900,3346,7552,4747,5194,5560
433,260,6025,4427,6890,3993,256,8217,3309,9388,7454,2833,2118,3957,8717,6051,3182,7306,4901,4959
5815,767,3055,9052,9663,5149,7603,1929,6736,1374,6292,3365,9380,4477,4599,885,9245,9236,407,6462
5262,6161,1230,4302,8498,3766,4935,8965,4592,7085,381,4616,615,3815,9090,4304,3263,1331,2742,7139
5655,7202,5024,1916,8355,3459,4359,6900,2100,6896,1691,5105,9256,3431,1354,4214,9168,9063,1776,5152
105,5672,6502,4212,1491,1794,6307,1501,7017,703,7412,2708,5130,2868,974,910,335,5808,7918,2434
5322,7075,9815,6315,6198,5860,1981,4311,8119,9326,1945,3550,8160,6365,90,5440,1815,5462,6134,6454
3686,3787,7364,5109,4611,4917,3494,3356,6156,6560,8016,8822,7213,7739,2201,499,6898,6584,690,6079
4247,7864,7524,1216,1026,7080,3896,3912,375,7625,7398,3507,500,2859,2728,3676,9287,7030,1006,7842
7235,3783,9794,7962,6300,2240,7315,9114,8540,9835,2575,4404,6337,4322,5483,3638,4609,9742,4000,7249
1204,4385,6441,9551,171,2033,5083,695,4473,461,5145,1063,2549,7087,4989,747,5817,9986,4133,4035
7125,9087,3938,5058,5426,1304,5985,676,1436,8279,9912,5957,4771,4687,7041,5704,7228,2802,8170,4775
7631,2982,1570,7812,104,2053,4702,4678,2822,3875,9772,5381,2179,7238,6827,7710,4700,9291,9877,7731
6324,1416,3725,4388,8601,3010,3944,2906,4787,7748,332,3718,3614,1508,4515,309,1605,5157,4847,7606
1806,6338,9515,9148,3296,8427,2008,7788,1095,5015,1317,91,5272,6150,9032,7196,8595,5039,3316,9860
7839,8869,7681,699,3893,1892,4458,3096,4722,8502,4865,4403,4499,9410,4361,4852,6845,4062,6487,2649
8497,5217,6071,5519,790,466,1212,5989,2485,6516,4811,1995,6459,9774,545,9093,3836,8070,8538,9521
7983,4804,1517,411,2410,6435,9552,6767,6,2526,8568,5807,5709,9267,922,7450,3048,3142,2354,5073
9205,8044,8600,682,9004,2930,5201,2266,9220,5529,3862,7095,1781,6250,3994,2771,4820,3393,9471,2233
707,4837,1082,5007,3740,5839,9745,2939,4021,2239,2589,1753,3159,5846,9329,8764,5832,3535,6460,2875
6947,8258,5060,9432,319,7930,3273,2059,670,5169,4600,7310,2024,1276,9048,37,1318,642,9590,3261
8550,4032,5207,9312,2858,6521,9469,1362,360,607,1057,1078,6392,6225,813,9906,3220,8689,5527,3281
9476,445,1165,2097,8694,3904,2137,952,7715,5277,3058,7204,4319,5566,6696,1338,7692,2595,4625,421
5274,2844,8020,1240,3241,5662,3121,8549,8734,64,1058,3235,5316,441,5208,4646,7476,9010,8009,9085
7405,8848,9092,9916,3391,2540,765,5116,2321,4320,6721,5288,7743,2716,5758,5719,3843,195,7671,6406
6243,9899,5214,5682,1288,4113,3902,9391,8065,9894,2866,9781,3422,7880,4094,7858,3799,5559,963,2372
5499,1061,339,9831,3744,4090,5411,8128,1561,8622,9548,239,5530,8406,9807,988,1591,8741,1666,775
4603,2416,9108,5044,8749,9572,5959,5903,5831,2075,6819,6154,9974,9411,9494,756,6143,26,5010,1597
504,7993,2362,2256,9187,6208,8276,5838,1315,5507,2817,7460,4512,7452,736,1518,3400,8329,365,9015
6478,4543,1115,46,6746,5320,2349,495,1848,2027,4895,3653,9659,5776,6238,358,5378,7732,6168,3390
5569,3917,3989,6691,2915,7395,5365,4601,5713,2539,9911,29,9330,5579,6642,5351,3389,3987,9082,8966
1528,6763,8817,8710,4643,6148,1474,8013,6595,9606,7861,8944,3682,4910,1606,4576,6186,8885,7331,8759
1787,1199,7379,905,9611,8525,9546,4698,2370,5487,8124,4209,1259,9240,1094,861,5547,1833,7312,4682
3460,3262,7841,1246,7389,1933,1893,7426,6308,5228,8585,3659,9094,3498,5367,1328,5624,597,101,3594
6445,4293,8444,5111,1110,4568,8324,2674,9795,4312,7856,2038,4748,2603,9791,7221,2056,2090,3179,2095
5055,5292,9601,4054,9336,1798,9637,7149,9035,2012,2821,3057,50,5480,2882,8938,7579,710,2326,2221
3166,2777,229,1532,7132,2141,8462,6285,4696,2181,9351,2593,6405,720,9226,575,4336,4896,6762,4511
1071,7430,336,6648,1367,1053,4194,1059,331,8446,9443,2302,6360,7978,6651,3976,5993,5421,5034,1213
4270,4635,3849,3978,9500,4536,6712,8362,6692,6920,987,4284,8322,887,5160,9615,2910,2837,6952,7410
4665,7012,314,5785,1155,2192,4671,1558,4139,1895,4673,6579,1223,2127,5584,8660,6654,606,6245,63
4300,2989,9208,9284,9982,6118,521,3229,6716,6038,5961,3602,4803,2782,4915,3434,6289,49,618,4566
3788,2980,2093,2829,3218,3731,3083,7280,7673,8033,9365,6412,2581,5158,9280,562,8237,1370,240,5632
6249,1811,467,6862,2096,5434,9705,1346,1182,396,5078,8842,6678,8019,6850,7297,6801,7417,8283,9518
1076,4565,7378,4983,8884,5844,3335,3260,348,5720,8556,3480,4525,6932,3279,5616,808,1556,4792,2119
3529,449,8339,4357,1973,1870,1365,3745,7786,4328,6420,805,9919,9722,4464,6585,35,475,8288,5653
8452,2087,7209,9931,2877,8227,9222,9237,5005,3284,1527,6096,7915,8027,4962,6043,4866,9404,9127,6703
6393,4360,9898,8820,6508,6196,9321,8701,7652,9164,5586,4398,9624,2459,2794,5645,4956,4738,4462,8658
8134,8810,611,3014,6342,5640,9066,259,8437,914,4397,1035,1306,1048,6272,6569,2921,9829,4768,6914
214,7827,8501,8739,7818,2110,9045,9338,328,5865,3665,5781,2419,5881,8221,9747,9925,6779,4468,688
3378,7246,8574,2602,1451,7131,6602,2497,8708,3009,6662,4880,5693,7883,6103,7836,4106,1188,377,3826
2590,9797,253,4066,501,167,3848,4545,9304,9839,3512,2501,5700,6061,8281,7703,714,8438,4861,1874
4988,6817,9043,84,9556,2701,3424,3275,2123,4323,8591,5714,5182,825,3538,547,1012,7636,3587,9239
9292,8375,5218,3534,1043,9513,412,3312,3828,1803,3239,4123,2140,6732,250,5591,2974,2733,5098,1453
1093,4548,3636,8553,4510,3138,1847,6834,7004,1167,4976,5289,6581,11,5937,6576,8034,4377,2217,120
3956,6092,139,3050,5927,5348,6643,7647,5031,9008,5554,4500,5137,6418,7191,4975,8253,1334,6571,9455
2565,2786,4653,6429,888,8451,1689,1194,1850,2972,9171,5701,8758,5059,9786,878,935,9800,5401,4481
9318,8476,7908,3570,5979,661,9258,1378,2184,968,1435,9989,7895,584,7215,4908,4947,1377,6655,4265
6976,4535,399,4081,6556,4354,8929,7134,3549,5814,1621,647,5229,2922,7422,16,5867,2759,3353,516
1557,8508,5861,5651,8456,2495,4285,6540,9559,4843,9184,2460,7733,9447,7144,8284,7334,1951,7506,8417
4502,8771,634,7199,223,1467,7573,7662,8289,8863,7989,2711,8960,3789,3545,8839,2803,369,3030,3204
4624,3345,4853,333,3991,9805,620,9269,1419,6001,8593,6177,3527,7862,8532,7690,3245,264,7689,8156
4626,5775,7432,7499,4424,2795,2163,277,2436,1976,4943,9641,5782,4475,8363,9276,477,1409,830,5565
4309,8808,5679,2552,6621,398,5883,7884,7441,5825,5866,4716,9726,5818,1664,5910,1571,4380,385,1948
5080,5091,2925,8857,323,5361,4083,2066,598,4725,7970,4922,8358,5393,9717,8332,8870,5343,4794,2166
1172,2577,3909,8361,1943,9047,7089,7955,4951,3546,1915,3662,6226,8071,8385,8483,5081,2437,2169,5420
9570,9843,7377,571,4907,3078,5649,1270,447,4621,7269,4841,6587,5238,4570,1939,9875,3001,4667,5388
2091,3060,1535,4840,2379,2035,4245,6534,5092,9288,4339,2313,9064,4124,8256,7059,4145,7825,8598,3491
6956,2579,4370,6795,2088,2015,1021,702,673,658,8364,9377,7984,8805,892,7859,5870,908,3553,3524
3649,5301,7997,4283,5090,2797,7754,3045,5474,2048,4932,2946,2237,8183,2588,7597,5075,8648,4107,4694
7281,3349,1131,1742,5410,5974,2936,3215,9145,261,5139,3165,3621,3513,7353,5885,846,5445,9889,5181
8117,1357,8319,5505,3827,8682,9812,5531,6396,8286,3817,405,8066,3310,8024,3656,3790,6052,8047,7722
6904,2483,134,6760,2907,7577,8110,6048,4213,8084,8474,2081,440,270,7794,2331,6173,5459,2063,2792
7177,2080,803,2850,4044,1498,544,3277,9078,5466,5252,1684,5127,8172,6340,1851,8475,2408,7713,891
6990,9277,8563,5356,1072,1949,1519,4108,8883,7505,9952,7097,5749,32,4749,268,1162,4175,2380,8368
2971,7231,5950,4036,3988,1989,2665,2382,7163,6040,8331,8910,1280,9493,9578,8135,4662,6370,7392,5716
532,546,5674,2395,5338,5816,2752,6577,2608,958,1237,2978,9858,6510,468,1612,9531,5907,3964,7686
9147,2853,4754,5108,2449,3087,8642,5134,3357,6203,5558,6944,2969,8330,3619,6172,5231,2979,8067,5612
8963,8168,2134,8278,5203,3462,2197,5327,7705,8338,2157,2917,7645,9072,6694,9489,2476,6726,8720,6276
8529,9060,680,6563,9150,4295,5697,9575,2346,8028,9344,8946,7337,3408,231,1628,5491,8989,2709,6204
8711,7305,7741,2528,6213,6097,9684,8079,1641,7090,9104,6946,2778,5833,3793,5221,8211,929,567,8232
5932,6679,4065,7572,8543,5954,1454,8053,8731,7243,8974,8083,4205,4752,3053,5710,9159,6941,220,5893
9736,9607,1457,465,4980,6629,1619,5167,9506,6164,1740,9061,8022,9910,3042,1452,6310,9003,2246,9248
8558,4537,2743,4776,6843,6266,6894,7314,1882,6772,8603,1757,5665,9011,7022,2621,992,7255,276,5318
604,5366,5453,8103,6146,3760,5971,4199,6539,216,9257,7769,498,3126,6009,1220,2155,1497,5712,175
9927,9532,8048,5810,7223,6506,3097,4480,6806,3639,6745,9296,6905,6347,300,7843,9674,9201,3559,9522
9089,2656,7068,3025,5285,2426,3063,2402,5041,1080,7614,9777,4429,7021,4855,3411,1998,2214,5264,459
2645,5079,2115,774,1725,601,1817,4822,9195,966,1669,961,8589,9862,4630,6636,5330,2101,6532,7169
9608,8617,6526,1019,1036,1278,9463,2363,2338,5511,8753,4582,2222,5412,3216,9117,3664,4809,7567,5210
9485,6945,1598,5260,9076,3300,5685,479,5875,7258,4970,8262,8804,7236,8612,6050,3219,5629,594,7624
5756,1025,6147,4269,6657,832,9609,9625,2377,9449,6607,2741,8635,6628,8770,426,6049,7650,7192,6113
3634,810,9207,3761,4936,6389,7939,979,1749,5731,6880,6535,7091,6434,2658,9050,3569,8914,5922,7831
4011,2350,8716,6386,6821,2504,3015,8542,8026,1701,4395,6495,2438,6996,3321,1579,8799,4396,8637,9298
8050,2098,7664,9441,4033,4259,2253,3567,586,3274,7695,6710,7622,7688,8868,7756,6375,5123,5436,75
8201,9112,1507,2964,7048,4718,4291,5633,3655,2318,1290,3185,224,6783,5148,2469,8583,3377,9167,3192
629,716,4692,7439,7848,5402,431,3604,3324,5698,3470,9394,909,92,4558,8473,7208,2702,4974,8640
3962,3416,2566,4253,7472,1332,6598,3590,5293,5874,9662,7532,5033,7906,2977,4826,8713,800,9538,8095
5990,8001,7832,1479,3719,4650,225,933,2232,3929,1720,7116,2390,8652,669,4325,5856,9040,2756,9589
6796,651,2529,8448,599,9419,8630,2729,4195,692,1106,7649,7400,3615,7287,1424,3395,88,6086,4928
2713,2620,512,423,4638,9993,4414,5899,9154,2890,7272,4761,9830,6591,5354,5471,2398,6223,8678,1724
54,9423,2199,2613,4261,9953,3304,3107,787,1100,9059,2417,789,6093,7257,9850,7819,9636,1592,2703
5739,177,2494,940,7957,9748,2247,7495,7921,8932,8157,9254,614,5424,7530,7133,6777,9033,2584,1984
6988,7699,1618,1462,7112,4419,97,1487,8762,4735,9362,2673,996,327,9233,5429,5820,3180,5163,9414
8627,3683,5125,9644,6573,3197,3720,1104,3963,8651,5184,632,6615,5416,7356,8038,7805,6614,6637,2601
3091,6151,9947,4483,6776,9954,2663,6875,674,8625,1320,1522,7320,387,8756,8293,7304,9541,729,6439
6401,7448,6474,38,6305,7445,3248,8266,7656,8190,9730,8646,1549,5863,831,1488,9566,2433,5694,2616
2323,7576,6815,8494,5784,3388,7798,7909,6859,4632,1586,5919,3093,5333,8112,9680,7421,9675,9695,9103
8178,5995,3721,453,9210,1351,2272,8082,107,7157,1859,3232,1456,7141,4812,9007,681,6193,9216,9635
7865,8872,7369,2721,3118,5804,5273,8373,5344,8670,3768,5397,3351,2001,4099,6311,2807,6826,9005,7065
7262,4872,5821,1732,3113,2838,2524,7678,446,4488,4249,6617,8021,6209,1588,5151,2535,9616,8206,6384
8888,2816,4557,2164,3532,7248,8229,6022,5506,999,6707,9106,6883,4229,8925,2831,4740,7668,6328,2423
4240,5841,6382,7877,4602,8471,5,1587,8668,4672,6159,48,7772,7951,1908,301,4588,9407,3959,7542
9496,7716,6600,4441,1175,1993,2926,9775,1835,4271,5988,8531,8934,1391,1154,7604,2375,4791,3526,136
2570,5643,5609,9286,5859,9190,6082,8924,2726,9948,1111,2191,7397,8624,5360,3877,7796,293,5661,7569
59,795,4211,6800,6349,9773,1407,6021,3420,6724,8573,3364,1661,1434,1710,7720,3061,6997,1152,5703
6578,6700,3230,7434,7117,4985,6216,6634,127,8349,7203,1738,2125,394,9769,4449,4833,5533,9202,9109
238,3167,7322,4585,5699,6194,8941,4281,5001,578,354,9937,8180,3004,2209,1927,5829,2924,1994,6352
9788,5795,6638,6014,4350,5162,5741,8130,9144,3021,3150,2132,8903,8431,1269,8292,2085,8077,9439,1834
7947,1150,8505,9739,8174,4287,3092,3866,753,9962,694,771,7160,2052,691,1203,3492,6666,3951,2067
3592,9909,9509,9653,8478,8967,3782,3844,2451,7042,7277,9796,4769,5036,5284,5074,5904,6901,9688,981
8748,533,3439,9084,4060,2374,3539,5428,9180,4637,6744,303,1891,623,6185,5882,7261,5528,9767,5119
773,4854,81,9818,169,2518,3974,8467,4867,6624,9817,5852,8005,3658,7679,3474,7633,8352,4877,6753
812,9275,3465,6353,4344,8181,9691,9963,435,645,7083,8194,5707,3675,4881,7366,4216,4642,4345,3405
4058,7517,6531,9701,7205,9649,7776,3574,3913,1283,5553,316,8527,517,5241,9698,1116,4676,6230,1974
126,2806,3504,1273,4657,7551,6036,4859,5803,6731,6639,9241,7428,6989,5349,1914,2149,3642,6377,6517
4378,6738,6072,9600,9847,8800,3020,4373,4897,7751,7044,3387,8389,9350,2840,9182,3749,6000,6616,5500
2275,3022,7301,6455,3325,6958,7619,1952,1123,9333,2303,8115,5976,807,6825,3758,6677,5358,5067,2047
5492,2635,4313,625,5240,3195,1056,8409,2818,3203,650,5823,80,8530,9973,8855,6060,9614,7025,984
6885,3024,5101,5286,588,1443,7229,3238,8912,7589,8802,1934,4305,6835,3036,7148,3186,9514,1146,4629
7115,8902,4686,6993,6645,8302,7147,7961,1854,7487,5296,409,7464,9853,8270,2753,6178,7585,3517,741
5441,6343,7762,8340,1301,8282,9837,9031,7156,7047,1494,1335,1408,9042,2967,4969,5563,87,4707,916
2783,7548,6024,9390,8107,8859,6431,823,8699,9545,3249,8301,4885,7245,3122,9900,4874,9482,2325,9355
1560,76,3773,8948,8029,3251,1529,7158,2336,8010,6257,8509,7672,684,8101,1695,1393,6507,9021,1086
9580,15,5309,7777,8008,2994,3647,1310,2500,9553,8655,3272,5385,1897,6391,1657,7876,791,4442,6397
3936,896,1636,2345,5009,1340,5973,20,7079,9357,8737,2661,4756,3508,285,1255,1647,1060,2,7489
2895,8328,6705,2200,9746,8677,6906,742,246,7234,5794,3565,7159,6262,7541,6205,1608,555,5247,5043
9473,8796,2569,3845,8851,1394,3247,3599,4715,4492,2062,297,251,4712,8584,581,1117,8370,5740,8404
7268,255,8964,5461,870,8078,162,8043,8750,8954,884,5613,7477,9107,8918,5571,152,6575,6299,3851
8152,1379,7629,4342,3905,79,1818,9626,9408,6229,3685,7084,6187,4129,2373,2878,8818,2954,730,2467
637,464,4426,4037,9703,8533,9141,6852,8687,2551,6045,1700,7925,6818,2231,7592,2521,6237,557,4784
3672,7892,8899,5743,9537,2758,849,9203,6633,9729,2277,6433,274,4382,7755,6908,7126,2805,8876,7765
6369,6109,6596,3533,8890,1983,6913,114,950,9468,6934,689,3108,4580,5686,3771,9939,9866,3153,713
3184,6743,2923,7666,3857,2842,7187,5237,8996,6554,4875,8597,460,8139,294,7475,6345,2150,8090,380
7683,733,2748,2190,6020,8994,4612,6179,8519,7537,630,3547,2135,2578,8391,1337,1107,5065,5658,3464
7790,3193,854,2547,4004,1092,6610,8123,7866,4493,964,6423,5983,3680,8261,2189,2677,1793,9430,4149
8367,6317,4026,4274,3488,7795,7381,9924,8541,4346,2394,3125,2827,9949,7519,28,472,4476,6793,8348
9385,6077,8676,6212,8721,8714,6006,1707,6599,8988,6101,1653,455,7194,3874,151,4421,6923,6354,9165
7376,8647,2864,4963,7419,3472,3511,7938,3624,9028,7007,1101,4178,4013,7076,490,5799,6740,4230,6376
7401,6851,5126,5263,2997,2740,9196,2845,5754,1102,3999,200,514,7105,4432,7317,1832,3231,337,6879
7934,589,4586,3630,8272,9918,1534,4268,9776,7107,6320,7758,6983,9475,1371,1565,6242,7437,188,520
5725,5924,8897,3623,4987,6528,9383,3446,8816,5552,7752,8414,3200,8032,8833,8264,9219,709,4172,1173
3765,8921,4163,7200,705,296,4929,9960,864,4876,6371,872,7038,3523,1564,2619,1052,4620,9204,9885
1785,8204,5708,1405,6704,8076,3003,7295,8049,9594,8306,5887,5261,6215,9547,1856,7370,8546,3692,654
4518,1639,2869,5901,706,2779,657,4203,1503,5955,7561,728,8074,9576,1141,4496,2804,2306,1741,8046
7457,9564,2022,8196,6813,6841,8879,8572,424,1358,1772,5113,7846,6897,7264,2194,137,7316,5498,2775
2993,7142,5677,672,9307,4817,9058,1282,9013,4071,839,5014,6853,5771,5489,306,3582,6619,6084,2799
2074,903,9088,5334,5594,5683,1250,8069,7197,3183,8697,4914,8184,8273,4766,1901,1135,8860,6108,6727
7617,2675,6547,8327,7759,7469,4996,7534,6558,2576,510,3892,2378,1622,4191,6246,7003,8341,6080,2309
6635,4136,1343,2885,5377,6822,9038,9738,5620,3412,5215,7889,8577,6512,3372,6659,2990,9238,6646,9741
8087,33,4523,1516,3006,4670,7058,9987,9191,7082,492,9573,1762,9597,1563,3144,1992,2334,9501,9544
3005,8143,9984,3780,6402,4757,8939,8054,6158,5812,6031,2072,9123,4109,6068,2918,628,2606,5064,1275
4770,6550,8664,2466,6176,1069,5768,4763,7706,7271,9497,4321,2422,7324,2717,2664,4813,6070,8745,7028
9886,8735,9510,1789,1513,9785,1448,429,6804,417,8581,6855,9822,61,1277,7737,7468,4634,941,1978
1186,1222,5254,3926,7094,5066,8844,5233,509,7774,7611,4318,503,1599,7988,1714,6719,208,9193,6918
3033,2069,1768,1853,6688,7066,8576,8165,8514,8725,1935,894,9618,3811,6839,2319,1007,4491,809,4807
4381,7062,9867,9591,8906,248,4619,5332,1849,8623,7565,9386,7583,2545,432,2919,7986,9098,3047,873
9264,9290,5602,7063,8481,3943,103,5427,3453,8582,6259,1461,8080,1623,7661,677,5628,9631,2823,3181
8154,9376,559,1421,8968,5072,6525,595,3673,2046,1272,3608,788,230,3986,2070,7942,183,7086,1422
4514,6083,8252,3399,5456,6670,9251,5580,8138,1654,4746,7702,7635,1316,5265,8014,7436,9869,9438,5946
9679,1748,9517,2447,9146,4944,8146,9297,5000,6241,3294,978,3290,2662,3631,9673,370,3156,8167,5826
1364,4968,9511,1231,8198,9825,7945,9758,4868,4439,7408,3509,3666,1918,9266,6742,2773,6448,9613,1595
4174,9279,1671,8213,1388,416,1268,452,4631,7176,5809,8517,7340,3855,8644,6399,8158,5472,6844,3867
5968,4246,7969,7137,8321,3076,2691,2744,2652,9273,1156,5947,843,9079,5657,1319,109,4202,2767,3984
313,7981,3627,2441,5308,9998,1232,2511,9095,8783,1676,4781,4656,1688,8894,8314,7029,9360,3519,9328
288,494,7878,4818,2364,6899,8727,2647,1144,3505,4660,895,6366,3374,2808,2481,7431,3759,6153,9623
7927,8383,2516,5920,2258,2536,8831,8806,723,7760,4193,8089,1677,6195,6254,8688,4623,6102,193,2908
4706,6589,7387,6661,8516,8162,3451,5536,9933,7050,4237,8913,7311,2158,7808,1097,3588,726,8057,8900
6695,9105,2704,7360,4460,1807,6717,3172,2445,3070,2273,4704,8400,5668,9067,3870,1633,8141,855,3703
3493,6258,166,7556,4227,7313,7049,2772,5370,3373,5721,4435,4504,9977,7855,1716,5275,9957,7976,4639
9878,8845,7183,8893,2507,3704,8035,2847,665,7644,6965,3778,2909,8972,5970,2502,6511,2352,9754,8790
7694,9645,8779,1681,8440,1218,4164,5444,2519,853,5523,8715,3479,5760,6484,9250,5996,5953,7438,5020
8977,6010,8290,7146,685,8821,176,4903,99,3401,7950,3548,8991,1840,7838,1028,6938,8434,6873,7164
4201,6723,1956,7210,983,5501,2439,8421,7060,5915,9990,4501,7414,9488,4701,6410,7207,528,2254,2893
4228,3339,6756,4743,513,2263,6318,6552,766,8722,9756,3871,8426,9242,5239,2359,2034,560,471,7155
2725,3253,7470,1445,8889,863,1510,5352,9755,1145,9574,9057,8097,8269,1713,7987,3941,7701,3436,7120
5430,1885,8653,7136,911,5568,4785,7730,7874,2698,1902,7362,6729,7867,8882,2876,401,759,7824,3268
2998,4161,2329,4260,1238,9285,359,2003,5159,321,7020,4720,3925,5323,9401,7206,7265,6485,5124,3872
244,2624,9155,7598,2108,7429,2018,5627,4647,9445,4539,7411,6284,9016,6163,5939,3282,6867,2543,9418
881,6236,867,6884,5106,8285,1836,4724,5687,8230,3148,7744,2454,769,7263,6137,5375,6565,8111,379
7110,3041,9610,7052,1704,4957,8952,8969,3088,6561,5038,4648,7074,5173,2332,3106,8970,6029,762,1656
4248,1879,8250,1128,725,6681,2659,9810,5300,2860,3376,5587,8291,4519,9368,8895,7546,86,4017,918
4418,6631,2832,7384,7591,1345,8118,3969,3927,3323,5018,6281,6943,68,9964,72,1920,4478,6940,8536
9841,8384,1429,3265,9901,7406,7536,8819,8794,305,4146,1822,4484,6811,8769,6416,7582,7609,5646,5223
7709,1506,262,9508,2468,7920,6379,6872,7992,5392,3073,6362,7383,7010,9062,1143,206,7493,2766,2385
9749,2695,5140,8684,2369,4790,9389,9173,5787,5234,5069,4862,3069,4041,2400,9766,8992,350,7503,6344
3953,8667,7467,2646,4022,9978,7502,6288,1861,9429,4933,71,5355,2160,8371,5451,4900,70,7425,7195
4788,2612,1533,6269,8663,5614,8243,7657,5705,4282,7885,811,8754,8259,6699,7111,8702,8490,6998,7300
9278,8500,2641,1778,5744,4406,8185,4844,9172,8724,8786,9904,9917,9665,8782,8116,8267,3708,5136,6074
2036,8671,1089,1979,2255,4860,531,8662,9367,2032,1248,9260,4392,6663,1521,5542,9834,2568,7461,9586
8309,9467,7023,1718,9646,2147,3856,5373,8127,904,6505,213,1235,5516,7064,493,8765,8579,2538,898
12,1873,8132,643,4572,284,4689,1678,8776,755,5198,833,8484,4889,924,5944,496,8274,3178,3110
5796,1339,5256,7771,9012,8961,9137,9134,5339,6181,3628,8608,9640,2312,1321,7266,9845,5755,4717,5096
8223,3713,8486,3032,4751,4533,2583,3542,3314,9784,793,7293,6668,8326,7740,7696,7555,3695,3018,2383
2615,5727,3120,2508,6253,2178,7518,5765,1324,3354,8775,580,8091,8615,9356,1369,378,9768,9833,2986
9620,1555,866,8086,7886,6398,6309,7964,5763,2173,2414,4674,4030,5219,7232,5718,7165,5175,1609,8685
8499,2456,1766,8672,8220,7975,1466,1698,2941,2596,6139,944,7283,6523,9689,5908,3246,8225,4497,9347
6169,7628,2117,8351,4433,9852,7166,8656,8733,5577,8854,4882,9474,4886,2643,7750,5926,3741,5220,2301
9178,4824,7742,7550,3280,785,1577,2676,8305,8832,8812,5155,1986,4904,7787,5735,3019,3543,781,1545
2680,4243,4239,3348,7046,1267,2634,7515,6479,5224,6047,9224,6583,1886,2825,817,5076,4078,8122,6125
2679,1499,8798,8238,874,8551,718,8801,7933,96,252,2276,1271,6949,6007,3214,4348,2002,686,8587
1472,8401,3954,4046,5419,8350,9542,1505,8342,8244,5757,4913,3949,4726,7602,133,9133,9824,7101,2731
3430,590,8951,4755,6725,8081,4264,522,579,8147,1042,1333,1130,6937,4561,4556,3609,6219,2311,2446
3677,1426,4708,2836,1392,3359,2580,5578,8169,4097,6604,663,9306,3942,1192,3995,2305,5496,4934,8439
5399,6221,5562,4125,7554,6519,9884,1480,7791,6877,5353,3317,5235,7734,4333,8803,9888,1088,1227,9630
1353,6784,2202,834,6632,9711,2790,9874,3728,3975,3217,7365,356,7,2953,5166,9359,8567,6768,7917
8231,6319,5115,2911,9153,8458,9339,7462,8911,7474,7483,1438,8495,9599,6451,1960,5213,9459,9932,2956
631,1264,1865,7289,9403,3772,1821,8545,1398,6870,2571,2025,5522,5972,4198,7677,7793,2243,8423,8386
347,652,8263,9120,2009,1355,3541,3473,1047,6282,2739,2681,1812,4677,4594,7991,4132,4294,9221,180
8813,8459,124,8614,3396,3818,1616,5847,6119,1537,3514,757,9460,5192,9151,7708,3176,2814,3735,3820
1876,9327,2142,9143,8100,1440,1791,792,8104,1509,9211,6157,2932,3859,2544,4960,1966,4024,427,8726
2285,1823,5306,420,5030,9771,6739,2762,8000,7905,3819,1112,2094,4977,7718,5588,1349,2470,4940,478
9792,2450,2092,4,3368,4222,7545,1890,8887,8698,9905,8930,7106,3002,8661,8060,6331,4179,8718,291
6018,9400,622,6403,9814,7837,1909,8186,5022,2461,3433,8881,7463,6557,4838,2629,9628,7372,4926,8
265,2257,2355,4547,6982,8061,7033,2710,1685,4799,2156,3476,2327,7286,8449,8413,9967,5630,3098,2592
2050,4613,3651,3162,242,3852,2120,3838,3170,4633,7990,5524,318,5012,6564,5938,5702,7691,3906,7299
7560,698,5251,5521,23,9709,8268,7211,5773,3858,3347,3832,3919,4683,5851,5652,3489,7088,9017,8492
5837,8468,5570,458,8980,480,3900,5797,4679,5386,4888,9534,5258,5869,4691,4266,5717,9322,9813,9282
3223,7863,719,4517,3487,3283,3586,7773,9128,569,9122,9378,4681,7704,8242,2432,8596,5230,3648,3503
9243,7350,9361,4180,7782,4584,7451,519,4292,6114,1330,8534,9437,8730,8830,8347,2611,7513,3133,8379
9363,3786,8031,4690,8366,8981,8797,6601,9893,4909,8365,8858,3670,9337,2260,4417,9262,4614,7267,8346
190,1444,5053,3432,3000,7138,920,9303,5376,1099,7538,7121,4338,2492,7214,5634,1569,9466,9995,9634
4941,3894,1105,3887,5232,7979,281,1022,5830,6626,2060,8592,5209,768,2458,794,3748,3011,9945,5728
1877,1196,3037,9422,4155,9828,9199,3928,4241,1617,6652,9997,4131,8173,5690,1867,7780,4495,3914,9848
7775,1464,9793,7779,78,3027,5270,3117,9930,7361,5195,4560,763,6058,4262,6925,9393,3596,9320,349
8752,6820,9113,1215,9961,3899,1626,534,6734,1573,3402,608,2404,5730,334,3145,4008,6116,7388,7899
9958,985,4753,4655,5802,4258,8295,4104,4409,5359,470,973,1336,1201,5845,3903,2295,7109,9655,9783
2855,9142,3440,2337,3693,1838,9074,9708,9450,8140,640,3924,6447,6489,8255,1163,6037,3328,6332,1596
8917,1583,4675,655,7547,9861,5543,3306,9865,6059,8425,5298,5884,1615,8763,30,8470,1816,3161,5751
9472,8777,9002,3040,9826,9499,5982,8142,3458,4088,4640,2983,1875,8982,4091,7783,505,7330,3801,2591
1401,1786,9596,1771,8360,9461,7670,8336,9176,7124,9158,2384,7891,6374,1687,3650,9434,6518,3755,5556
1799,6799,4208,3234,5706,3577,2688,3770,5475,7496,9099,9097,8316,8491,8846,3202,3311,5283,5670,4628
4374,4446,568,2667,1924,1050,2525,2517,2927,3397,5180,484,7850,7399,1839,8051,7485,6367,1119,4061
7721,1469,7952,4252,6256,8998,7173,6892,3141,3090,4437,9399,3557,2030,4034,2959,1980,3864,6339,840
4025,4532,8823,3878,1253,1795,7529,7282,1878,2330,6702,5742,9027,9868,9983,9244,6358,7118,5978,4389
6268,6950,8224,383,9157,7057,8280,6442,5454,6149,5129,4912,3722,2259,9872,8045,8580,6132,5854,7226
4569,3810,8880,9261,7298,6858,847,6155,8455,4102,267,879,3697,7626,9840,4693,4447,7491,6927,1475
13,5174,6533,6491,1307,937,2435,9234,8485,3435,5790,1926,7958,2981,2007,174,6718,2493,2168,3330
6722,8865,9249,2894,1465,9370,191,485,6263,9891,1514,587,9294,2403,5892,7799,3086,4182,7913,9683
577,7242,1055,5153,4187,7854,3854,1200,4375,9656,6099,5190,4883,3973,5100,3054,4593,3299,772,3375
7039,3175,1844,552,7539,8564,5889,8392,6171,2339,8610,4162,1957,7351,6814,233,6886,5216,6057,8479
9369,6054,6926,6761,6977,7901,2510,8631,7634,6390,8696,2849,1177,3386,5601,184,4644,5928,2765,6537
8062,6356,9897,539,5929,2650,4521,997,7574,9549,8203,2121,4949,4685,3174,3971,4890,1299,722,6592
4699,1256,73,1190,2065,1754,5387,9842,9524,159,693,2004,5257,4110,9694,7510,8552,9505,1073,6348
1308,7525,2010,9743,2705,653,8418,2826,4334,9512,8503,2796,8638,234,7549,4434,7587,4617,5977,5681
1096,7093,6400,9041,1985,4436,2252,7037,4939,4815,7035,2970,738,871,6301,5016,7443,2718,1991,9651
4192,7260,5729,3506,5879,8742,372,2607,9457,9435,9823,1459,4578,4413,1634,564,5567,9214,5177,102
7852,4254,6316,7019,4316,565,3717,1880,6553,9160,5250,4340,6436,4721,6922,8496,158,3830,7608,9892
2913,1295,5310,3211,3256,4297,3661,3329,1692,4774,4972,732,236,7034,8325,7923,9077,4050,2365,8659
2640,8108,2533,2774,3105,9526,8874,6145,6787,7055,9091,6336,591,919,1312,4226,4508,2203,1715,6902
9801,7178,4920,4310,957,2448,2567,5960,3341,6824,4052,1637,7252,9622,4430,9697,9660,7654,4661,1228
5952,8176,2587,1458,217,3295,3173,364,6842,5590,5994,1209,5748,2249,8919,4534,434,4296,9026,3967
9305,2389,1648,14,6413,3291,7844,1347,6770,7442,8395,7667,1134,3119,8294,7823,7219,8787,1721,6907
2227,8873,1502,7627,4156,2586,6545,4729,6933,6094,4165,3079,8300,6711,8094,8743,9420,8636,6876,2546
4710,9782,4733,5669,2830,5144,6773,1866,1245,9539,3164,9124,9671,8943,9405,9503,5276,8570,9019,7724
4666,5747,196,556,5019,3187,7998,9299,3888,7531,3516,7973,4250,6415,5017,257,2683,8304,157,1219
8814,5227,5540,5997,7504,1726,5576,1266,8161,5271,4544,6627,7027,4073,2720,5147,9126,3865,828,5297
481,7916,9481,2751,9417,880,8691,3681,3417,1650,4275,8059,7813,186,3043,4219,2281,6874,2044,4023
5183,2737,1774,5610,6488,6803,1645,8686,877,9310,9519,5337,3208,6520,2314,1265,3660,6701,9022,1038
4878,8840,4950,915,7792,7637,4077,6387,9563,4423,8657,7217,1285,1888,106,9324,6294,7941,3753,3104
2170,1773,8307,1814,8987,2267,4047,7766,4834,1221,3134,9381,2512,2574,9340,6542,4277,6979,2843,7466
9161,4185,7367,8666,7276,228,4839,9096,4993,3017,9980,2444,7926,9255,778,7259,6290,254,8382,4153
549,9723,4326,6321,2049,5737,1234,3059,4279,5626,7479,1536,2486,5372,6293,827,5695,814,4971,9638
8200,9940,2761,1262,7523,4372,1476,5898,8098,7424,7172,850,815,7394,371,913,1820,8012,9876,5878
5249,6191,2724,9914,3101,3576,1207,6088,374,9955,3669,8907,3626,9621,2961,2638,3496,8133,2185,9740
1383,9582,5324,4990,6044,9700,2195,9604,965,9946,2715,4459,1385,3785,4652,10000,6665,1907,8940,3554
3226,3207,3992,9838,118,5819,3699,8692,8334,9046,1554,2218,2418,9001,344,7581,1813,4579,5538,6421
1303,8569,1731,7646,5278,3449,7170,3132,724,1962,9317,98,6220,2073,9253,8746,6544,4231,2532,9882
4528,4401,3157,4177,1083,2644,6672,4636,7781,9907,5135,2412,7870,9819,3667,9132,8465,3895,3898,8931
6291,1159,542,6188,2320,406,3825,6302,8557,5636,8613,9727,4564,761,9301,343,2854,3292,4150,923
3972,6091,7070,8609,7184,6878,352,2043,45,8144,8673,1471,4550,8905,2212,4994,4456,116,7516,7386
9965,6546,8007,9235,8705,5909,5736,7714,279,1796,9757,7896,2846,393,6749,6378,1559,8442,1178,1311
5991,4095,852,798,5772,5437,2491,862,3907,9699,5063,6483,5913,8937,5255,5546,3381,7761,4076,4197
9315,8990,8575,7610,6152,6278,8251,4005,9988,9102,8768,1286,9215,3483,7922,779,4604,1081,7096,9192
3468,7318,9981,4805,4714,948,9799,6830,400,2694,3578,3831,1531,2220,704,4503,3884,2559,1662,2498
6333,8773,612,6685,9325,6593,1515,8398,5011,1423,5326,7453,382,9821,2300,9568,1770,5374,6849,9139
6296,882,2857,5128,6452,7590,7767,6766,9642,1763,3593,51,278,4276,7053,7630,160,9227,1376,6019
816,1420,9970,5311,5582,6162,2040,5052,4806,9486,6538,9311,5107,8260,7323,2054,6623,7663,6069,5644
9491,8212,9265,5312,8113,271,4117,1195,7994,3331,111,548,42,7868,5336,5592,9490,8703,422,1034
9342,4898,1975,3807,6527,5415,7237,168,2428,6609,4918,2463,1257,9720,7486,2186,3139,7218,7222,971
2023,7658,3597,5154,6325,2632,5780,1580,9308,3080,2114,2388,6264,6482,2505,7897,6218,6975,6931,5186
7763,5363,5212,7302,1478,9764,2789,2241,1381,9421,1638,525,1236,2011,197,696,3327,5357,8606,1857
5253,6863,7256,1126,8317,353,5447,1329,7220,3067,6287,6720,3305,9464,627,4092,2148,6199,4555,1642
24,1413,752,2474,4856,9779,9149,7685,3581,5734,329,8915,1368,3,1655,9349,2916,1017,5618,5753
1593,8511,312,8864,2557,4135,9585,9588,8649,4858,6752,2506,4043,6003,960,9309,5331,2903,3443,6809
9412,4524,1783,3031,1427,636,1091,5003,8766,27,1241,9281,5042,5509,1672,85,8042,3114,5535,9873
2523,8521,3663,930,5196,1032,7329,2734,6255,5914,1761,1898,3326,558,876,2988,1125,646,6334,9313
995,2299,687,936,744,8891,1830,402,47,9721,6270,3482,9197,9364,5156,3679,603,3115,6015,4251
6971,8979,8520,3800,7974,322,9935,3189,7371,9804,9533,3955,4100,826,8841,2109,5165,8518,3358,2865
6244,6380,5025,5750,1887,210,8359,869,368,3481,4981,3286,2342,1971,8513,4654,3829,9454,9951,7180
2937,3784,1744,4705,4122,1921,3454,7190,7533,8619,9217,1708,6683,4978,5853,3712,199,9358,2700,3876
3763,7959,3792,6861,1002,4220,1484,4007,535,6780,1189,4793,366,4051,5692,1298,4808,7753,7423,6409
1233,1399,6085,1148,3227,5450,5008,4938,299,3861,4329,3537,9668,3308,7621,4945,4040,4596,3270,1542
8957,9373,9560,822,6279,4869,2863,3732,4465,165,5532,9806,5738,5912,2697,155,1193,148,2763,8063
2207,5050,386,5413,7174,6228,7404,4999,3657,4221,3240,1727,605,1504,3645,959,8187,67,1947,4764
1417,2333,6551,125,8215,5767,2955,1940,3798,4494,6881,8171,1906,5514,5267,205,1251,2562,675,7566
9229,5455,613,9540,3709,2626,6980,1543,4795,9647,7484,7535,6260,9851,5362,9131,5061,6981,5380,1274
9598,9555,7800,5304,2167,5786,7071,8641,5457,7279,4513,7339,7113,1496,8815,5770,192,4992,283,5405
2867,2401,3461,7764,5029,5179,6142,764,2891,3901,9314,4337,6684,1729,7359,7511,9569,5305,7135,4871
3252,9071,2089,7128,1206,7642,1305,1356,2531,3556,5407,8354,6978,7077,439,8639,5766,7806,9334,5400
8683,9920,1752,6856,7061,6490,8405,2951,5949,1987,1540,4341,289,5093,8665,4366,2815,6469,7032,5478
9602,2897,3336,2208,9424,5057,7900,3812,1342,2106,1904,5746,1607,7303,5813,9194,3007,3968,7568,659
1629,5934,8023,6939,3714,4082,2176,263,2888,9130,5307,6039,2068,7005,1293,4438,6468,4816,4387,9760
3370,2344,3705,4953,6674,9504,697,9846,8852,7348,6706,6330,9186,8412,2335,9452,4745,8235,9836,9664
4010,6967,9371,6477,9479,8443,3130,2129,1490,3427,3795,6605,7820,3044,1777,7182,7380,8428,5951,6580
247,799,129,5512,2478,2901,3688,17,7578,8829,82,859,7612,3850,2938,3584,2732,4115,4924,7797
9681,9442,3730,4801,7747,8978,2443,2623,5779,4825,3169,9396,8561,7605,2061,5396,9372,1862,1649,4798
113,4256,215,1673,1065,4130,8634,9135,2172,7558,1858,6438,6160,2605,1,8435,8487,8523,8344,8892
857,275,8709,3318,6812,5824,5035,543,5855,6735,1765,74,4697,2251,7985,5244,8526,3140,9116,9735
9629,2668,2784,1153,7274,8318,8136,5204,7902,6443,8828,4029,7465,2205,5056,2116,3572,22,9770,9525
5467,2880,7943,6122,1775,3965,9718,7185,3049,5597,1825,6857,1696,8834,1584,5958,2144,8772,4845,858
4170,8357,9827,1029,1485,1550,8847,4038,8441,5827,4069,4053,367,7826,9392,8489,6794,7514,5675,8150
5798,7904,3950,4196,362,4335,683,5822,7544,7247,6513,8875,6355,3583,1797,6792,5469,5037,2462,6465
6089,7212,917,1728,9856,4529,110,8218,1667,5133,5409,4649,5464,2143,5774,7563,9416,8896,2966,2730
2078,8555,8210,2727,8239,6921,6368,8933,9523,9138,7418,3334,7936,3444,3528,5345,5711,3678,2198,392
3616,980,6065,796,5342,8433,3421,9083,2021,1801,5508,9685,2475,3611,6995,6175,6110,5666,9335,3531
8611,8628,6974,1132,6476,745,1258,671,5051,4273,4286,9832,6865,8315,1733,9189,2554,990,8247,1523
8311,388,9053,5764,5243,5328,2455,6524,1910,9809,2693,949,9387,4120,6613,4411,7968,907,6750,1015
1737,6124,9915,442,2522,3485,9446,1632,8303,8928,5843,483,5082,3530,4003,7601,8973,2560,9274,4169
4627,9936,9661,2480,9402,6357,7459,4759,2361,912,2440,8109,1712,1576,6214,6555,8308,7595,8248,1170
6497,5479,1486,1341,4315,3109,4991,5168,1070,2406,6385,1077,7528,5481,6741,1747,9055,7929,290,1903
3338,1087,845,7500,4067,2250,3734,9252,8102,5314,626,4020,7817,9584,7494,1226,7081,776,1151,1843
7785,1103,4049,1121,9942,3158,2798,9332,6087,8402,9778,8643,2473,3190,7227,1942,2723,8056,3540,2279
2236,9763,7492,5141,824,1202,7648,4303,2122,5659,9495,4217,3698,5894,4188,3802,3075,7427,2760,7834
302,4347,4474,5077,7875,746,8747,8120,1950,8602,4851,4087,3612,43,7745,6428,4307,5551,3613,2572
6210,2943,1013,8472,9444,3362,3769,1400,3484,7490,1675,7296,3751,8419,6959,1603,8464,7980,4695,5406
7143,721,204,2286,3920,2284,8175,8707,9702,1810,8163,2238,4364,8408,425,1011,3255,3013,4263,7119
