823,383,6268,7145,4889,9723,8347,9251,1174,1656,9105,5328,5038,4226,1821,8780,5745,6342,8474,3540
8259,7147,1070,1089,9256,6667,9245,6306,1571,1907,1081,4719,5318,776,2268,3896,1359,4685,8397,45
1017,2435,2532,4939,3974,5226,421,5884,1091,1896,5557,2335,5162,8268,3648,4852,296,9225,1164,4726
6456,7417,3866,5988,2152,8055,8692,2810,4494,9184,3036,2337,1120,1034,6857,6634,2686,1595,5883,4509
1100,3769,9807,7471,5736,1191,2204,8897,9803,7569,5042,2393,1441,7747,4104,9591,7780,9046,838,9292
6749,6708,3353,2000,9800,417,2745,8392,5838,8734,7052,3413,5839,1245,6326,998,547,3660,9585,1503
925,6910,8301,158,9118,2432,991,9090,3084,4883,7601,2179,1540,2893,4870,41,4162,7595,3523,5041
9530,2109,9027,3577,7871,1512,5082,2088,4321,1315,51,1008,9365,1224,1936,9086,6073,1792,3390,1496
1451,6485,3311,313,3611,3840,9007,2875,4518,3235,4297,4618,4394,8637,7307,7720,727,5205,4461,7759
618,395,8435,8889,718,7445,4769,3930,2450,2659,6492,4001,4426,7340,8775,2813,4688,54,379,5662
1699,1857,4088,3086,7838,3724,976,9645,4062,1389,9982,5430,1827,7431,9609,9368,9219,5101,6310,1010
7966,5231,1981,3272,4071,1485,6229,7959,423,5660,3238,1704,2788,482,9456,908,8740,901,7257,7113
2949,6308,9906,1134,1479,4376,6719,590,7790,1529,7101,1218,6024,7440,6907,8226,340,5617,9859,7270
7637,7828,5032,1643,3239,8092,5373,763,3160,483,3154,5619,386,356,530,1598,4166,1617,7994,1952
4199,2780,4630,5551,5234,9722,1169,1573,1471,4306,809,5869,4967,8372,849,1930,2309,9279,830,4300
3725,8198,3537,6597,1320,9804,3616,3650,3649,2020,4702,9743,1060,7329,3389,152,8313,9899,8573,8751
6996,1291,4817,6271,1946,8700,4066,9331,4716,9979,4701,4381,4060,610,7050,374,1995,55,6890,6653
7348,1835,6324,3339,242,9917,1505,2103,8242,6246,3858,5510,2297,1461,2495,5538,3556,2695,8803,8856
6157,4732,9487,1631,5411,6514,7285,2255,706,5045,244,2361,5896,671,1232,3228,14,8211,8195,9111
2053,2265,1644,1074,847,7999,661,1222,973,408,4387,5743,9092,3643,5571,475,9113,8718,7559,2781
635,8308,462,7152,4826,3800,6875,2579,626,6527,1931,5585,7011,8650,4009,4665,5529,5390,2069,9544
2230,4194,3984,3804,3324,1539,3507,6416,5530,1408,4475,318,3107,1757,9866,3297,4403,1785,9013,9228
3078,8294,4107,9996,8840,854,1357,6558,8465,6242,8501,9310,6805,4096,3792,426,9806,1018,438,6622
1424,1650,2765,9532,4448,7666,516,1396,1402,3780,883,9802,2158,653,4417,1888,4399,3008,5490,4459
2410,5029,814,1444,2196,5095,2970,733,3179,1084,1550,9338,1781,665,4634,8489,7244,3787,2818,2673
2398,6032,649,7783,2597,604,3359,6019,2795,4837,9795,994,874,1925,624,4659,1724,4683,7835,2383
1812,3207,9189,4180,4775,2550,9065,6777,6003,2603,4395,2153,5037,7829,8444,9958,4865,889,1725,1201
816,1349,4778,8595,7830,5478,5920,906,2668,1371,5779,5615,9928,6241,6009,6079,8276,9198,5902,1058
633,5421,6581,1508,2622,7297,1069,3676,8075,5261,7027,7367,199,7616,7204,2073,261,785,6868,2885
617,8983,5688,3022,3626,6878,8912,5276,3733,8886,6722,3560,6582,4522,6198,8090,9731,1361,4361,5701
4577,4307,6751,6585,1620,2962,4538,357,394,6528,3508,5056,2645,8182,7207,6998,4925,6006,4121,7325
3886,9438,6974,9590,8980,4410,1127,9967,6044,9518,2040,437,9773,9985,9841,4498,7507,6069,1227,3506
9818,2602,1431,7151,7541,2083,8774,6370,6967,6350,5698,3817,4762,6343,4955,8049,4884,5506,5179,8926
4649,4881,5933,2034,7762,852,9995,7976,3212,6919,8665,5048,662,3002,9573,3737,5787,2299,7697,3030
8345,8175,2710,8758,6555,4081,7822,1765,3414,6619,197,3774,3149,2610,2989,7230,5211,23,6908,782
2013,790,2481,2565,9656,4360,147,1211,134,4886,9172,2736,2817,4092,2991,253,2783,5588,2508,7467
568,5694,89,857,6280,4218,4159,3220,7453,2231,9714,921,3909,7253,7249,3257,5419,2374,7397,9357
42,1881,3915,9790,4653,5127,2897,5337,9845,5541,2735,439,4604,9133,7357,5175,2427,1527,5789,510
1102,5161,4500,1228,5280,1204,2115,9952,8155,1281,7314,7572,7123,4183,5994,5253,1062,6424,137,6621
7175,5014,9458,8673,1318,5486,7846,4680,6203,4799,920,7624,3276,747,8849,2730,4511,2340,2026,9533
2272,2510,7832,951,2777,4452,5247,7219,1139,9170,872,9921,1916,1146,4761,732,1331,3573,3801,4727
829,2213,9350,4928,2591,5198,2341,1282,8788,1899,7158,2437,7183,8677,3569,6570,4946,7154,6652,6829
2718,1423,7753,3701,2577,7594,7425,5520,6897,5466,4087,5086,4277,4339,2928,1087,3877,1362,9461,7296
4920,2468,9840,8456,8859,9956,2178,3013,9068,3942,576,1482,3175,1800,2536,6017,3454,2889,2600,6842
6210,1086,76,235,7293,4203,5888,6080,8088,7192,9201,8174,2518,9910,7548,307,863,500,6212,9634
6732,155,1836,1582,7144,4601,9147,4891,7181,4378,241,4375,2171,2942,1178,9019,9434,4434,4835,9666
6288,3975,434,1592,5605,3124,8158,7150,9224,201,8410,6125,3032,4987,794,8293,250,1928,1560,3925
4374,5805,6321,303,4938,6427,5687,2713,1175,3186,8047,3828,321,1850,1922,2462,1031,6214,5438,6959
3162,7477,4984,6774,2852,4549,2126,3422,7823,8925,3716,1154,32,3246,1661,9131,5061,8779,2023,8793
667,8655,2351,1756,5519,8850,9839,2740,3843,1135,4690,7886,2407,1788,3288,3833,7773,5300,8720,6735
6748,8948,2175,4965,7590,5343,7557,1105,6810,1465,5630,1280,6355,4633,6414,9060,4793,6731,6578,4594
3291,4419,4495,2166,7218,7436,1921,5250,3289,4570,5554,7713,3478,3635,5260,4291,3920,1275,9764,3317
3761,5027,5064,9821,8036,631,4771,4606,3695,8870,2814,1301,7075,7407,5018,1668,2453,907,6038,561
4133,710,108,4660,6109,5716,4191,5832,8369,8258,3391,1311,8383,4122,3181,1882,7021,7866,1090,7405
240,3258,3516,4950,1285,1532,3709,6562,7299,1804,1488,3038,4658,7802,1066,4833,6836,7072,2257,3583
8516,2146,9920,1326,5202,6594,6568,5706,3264,1279,8709,3017,8614,5321,4188,4171,7387,1417,1717,1826
8405,3093,4035,2461,7009,2988,7739,8448,1099,4895,8411,6435,9593,8723,8371,2027,3521,654,6438,529
5942,7198,8177,491,5116,8026,8842,588,4189,4268,3320,6865,2632,7593,1346,3453,1385,5544,1624,2692
8540,6215,5271,1364,7235,6575,6405,5757,9439,3161,1989,4765,93,3316,8111,4193,1092,1784,1332,4876
8013,2585,9084,4414,4305,1567,4157,9355,131,4638,2421,347,875,6401,540,9001,989,2821,1605,6546
6434,2080,5696,5573,5220,479,3622,1593,1305,7017,3163,3180,6659,4170,7383,9891,4069,4471,4749,5646
5376,6920,7255,4040,9490,6488,1434,2499,7760,1853,7502,4333,3548,4370,1576,3661,4546,184,7552,2124
5473,2003,8191,2121,3796,9003,8167,444,2388,6922,1891,7684,1619,5873,88,6954,7943,9191,5955,2883
1795,3895,3185,2079,5809,3394,7166,1111,6465,4580,777,8845,8135,2409,9097,4829,7036,4721,6572,4501
8426,4138,8681,7432,2134,3458,4295,2216,3854,8184,4379,877,8379,7248,5847,6266,5642,3742,6045,2328
7004,39,1433,3723,4782,554,2500,8943,799,3342,2059,4186,7122,4781,8430,3495,2667,7410,6915,2503
8542,4674,7729,821,1794,1401,2572,2909,8331,598,3999,514,9947,2434,1601,4111,5336,9801,1483,2621
7706,1132,1048,8666,5545,3354,6691,9514,2253,5174,5133,1360,8999,6093,2283,6172,1452,3265,4682,8610
5313,3745,6953,3305,6349,7837,7975,7688,1130,7202,5424,8401,6015,5140,1790,7735,7126,4424,1893,9738
8020,4023,5658,1193,6940,4824,564,8853,334,2193,5203,4629,5711,6593,5746,3561,5022,7029,5287,9048
126,3074,8253,2159,3042,297,2531,643,6943,5070,8627,3070,6329,144,6113,5829,7681,8864,6116,4927
2969,289,9825,3091,7343,8745,5278,2206,2306,1819,3962,2935,1561,3037,3850,10000,9124,4059,7774,6127
247,3857,4563,4372,3585,6754,8619,2375,6022,8459,8635,7415,3121,1141,8881,7031,4099,4354,3090,6861
1299,9194,5764,9523,6644,9863,7026,3177,4055,8532,3230,2675,1719,6257,678,1460,3714,4296,4856,80
361,967,2670,4819,5984,5495,9422,9055,2011,837,6551,8564,9443,2240,1225,6985,1093,1736,7533,5033
1233,4105,2085,815,4537,9598,5454,9320,6341,9708,3827,739,8781,5761,5964,4275,7187,9617,1799,3851
7728,6692,8238,9877,1665,7411,2186,127,8344,7800,3067,3337,2049,3123,9629,5893,1864,5139,5919,4407
1507,9383,3597,508,8428,9992,3862,5558,4844,9704,6219,6766,6437,8113,6068,7119,8534,3292,8935,699
4990,281,2767,7935,6276,6419,8644,3512,5030,8638,6901,8554,136,2870,1575,4757,3300,1517,8736,1059
8847,3734,904,8478,5011,1923,9881,3088,1611,2286,8907,3699,2227,9763,2811,8839,1809,2529,7269,2996
7193,8766,3688,5176,1832,1457,3097,8101,7954,6917,2005,1659,7120,9440,3562,4554,449,3157,1803,5739
7545,1867,4780,9972,1622,1842,7352,8138,2129,2521,5297,1678,8406,8748,2707,3376,6140,9646,3496,8514
9000,8316,258,7591,4558,8022,7019,8094,7057,2502,1117,1094,507,3867,1609,8602,2456,8910,6311,2860
3903,619,375,4514,401,2798,2160,6505,2296,3564,6770,8631,3402,4176,9852,871,3133,1418,2704,2693
957,3557,5098,3907,4624,3241,5656,5230,119,8945,2694,5980,870,9064,1348,7807,6549,9703,3191,5254
1944,9268,3489,9853,6041,1035,3003,6118,5317,7327,106,9618,803,5387,2369,3610,4790,726,2999,43
7736,5239,1054,1025,7723,3893,8283,9930,8830,364,7539,5172,1049,1941,2424,1871,3759,1689,9166,4132
7153,7328,6767,3674,8777,3698,3865,2176,9914,8888,3488,3656,6918,4453,2554,1696,4840,2515,606,3986
7216,4058,446,1033,8624,9654,2343,7906,2089,4905,9827,4201,6295,9908,8947,1759,9362,3428,8363,5725
5391,9583,506,8419,7630,4932,9410,5679,6137,964,3211,9788,1045,1115,8312,7617,195,6367,8773,6825
400,7076,3620,2584,1623,9765,5275,9698,4505,7315,937,1124,5406,3213,6909,4094,4916,6684,4225,1894
7757,5327,4516,7460,4725,5929,9248,5997,1677,8476,3914,7424,1110,9195,7576,6535,4588,9706,390,8126
3879,9339,5130,9051,7660,5904,5753,4933,7271,7103,1633,1627,638,9688,3645,7439,2985,8551,8797,3824
7280,3927,3732,9413,2452,6854,4621,2321,7286,9324,9940,2748,7947,5193,8936,2843,6933,8560,6455,5517
8879,1068,7981,2433,2967,5320,9524,65,7096,9005,2855,5513,2346,944,4249,4803,1541,7740,2859,2944
6139,3911,1655,9662,2475,5534,5006,2865,140,6193,4246,2110,4892,9346,2032,2877,5522,56,3991,5169
5126,3140,4042,5889,9319,4289,7143,6839,3006,2655,2470,1145,6477,6290,3839,5749,4324,4123,2761,3040
5723,501,1261,4393,7796,6065,5559,8855,6737,166,9394,3283,1738,7168,9805,2775,2522,2191,9444,6517
9918,4276,3486,4517,2480,4557,5422,7695,3439,9901,6181,9725,8522,7080,7107,3057,3738,1914,9109,9240
4691,3098,5575,4219,1399,1278,2849,6686,2727,1288,1041,120,862,7180,5665,5173,8288,8011,5859,5399
4093,5152,3046,9511,5971,3525,8685,700,3756,885,2046,3375,1697,4015,5150,518,4401,4888,3625,9991
2102,1367,1287,2951,3363,1901,4141,4046,1038,5808,1987,6519,4745,2315,488,7140,9171,2539,8732,6720
4814,842,903,1453,2205,8528,5760,4358,1865,7526,2017,2527,2403,9123,505,3226,3243,7259,2669,7442
9502,3114,1108,4706,6364,8468,3199,6033,3421,5128,1776,2261,353,139,9771,66,9215,85,2323,4974
5561,1822,2092,9592,9169,8676,3536,7956,111,2376,7281,7675,3103,972,4764,7558,7523,826,9387,266
6633,3182,463,3985,7482,3783,3504,7349,2419,3479,2945,2055,7212,6539,6727,7980,6156,2806,7854,2256
7689,1932,616,2354,3004,3044,2199,6092,5381,3629,744,1522,5922,4851,2633,1514,783,9907,5676,1536
9430,4366,9010,859,5302,7633,2195,2605,8684,28,7770,2796,1966,932,5738,5719,6849,9470,6277,4679
8785,3983,6369,2391,808,3242,5272,5058,4402,5525,8903,2169,9582,8588,9757,1793,6496,2929,4014,3240
8031,6781,6253,2415,4524,8596,6542,4224,1955,5423,274,1743,2197,1579,8201,694,4236,6801,1679,9542
2750,8147,8218,4284,2938,6220,2722,5039,2861,6872,4885,2232,3374,4648,2455,3821,6818,2711,4415,4751
1148,3355,1957,4481,5225,7691,2595,5825,5596,5691,586,64,9153,2956,3727,48,366,6930,8095,7653
6813,7258,2894,8592,5509,160,2460,4469,3795,17,2803,397,7583,6282,3905,9381,8643,985,2760,5940
2519,5491,3565,4768,4344,9961,8816,5314,3912,5342,3772,5028,5229,4242,5565,2247,8487,9779,217,8374
4662,5349,4114,1953,8228,9870,5072,2662,5915,827,3559,1078,5836,6338,7793,3598,436,3815,3076,218
8876,7882,6335,1815,9705,238,78,8899,6418,5801,1477,8361,511,317,5783,3247,7220,8989,6072,1458
1011,5496,8759,5953,2264,5448,3922,9029,6740,9096,333,3050,9400,6815,4785,7427,1898,427,4696,7063
4556,5026,8906,3231,4293,2246,4031,6265,3323,3459,7955,3530,4724,5085,5416,3612,4428,3336,1555,6768
1384,7668,3196,3,9857,896,3313,8757,3706,227,8349,3996,6188,6094,8620,7401,5583,3797,8342,2436
1076,7623,7116,4175,7298,3963,6544,2649,1789,2784,6669,2497,6354,178,672,2117,9385,337,4090,7636
8771,3853,867,4811,6983,4843,3678,7809,1443,3511,9011,191,4661,9674,3005,8429,8296,9830,3726,5689
6902,3933,845,9222,1249,8716,2832,2685,792,7950,5159,3293,391,1203,234,4598,2111,7121,5712,731
6835,4756,6995,3906,8525,3810,623,2639,7393,9401,2212,4231,9218,8498,5164,6809,879,1155,1126,7520
388,2223,3844,9546,3897,1783,1583,2537,5304,4600,8981,442,5077,2052,2303,6063,3473,2082,3684,3899
8688,9318,1919,1330,5441,7560,3967,8118,6099,7527,8482,695,2853,4041,150,1943,5750,8336,8229,4010
3457,9668,6034,2014,640,2313,1969,3505,4731,4868,4693,2954,6169,969,2198,3077,7991,3253,4929,8467
8895,3888,7532,7079,5451,8255,536,4286,5670,8539,8178,8786,8982,9193,6866,8144,5674,9328,4216,3287
5990,4737,7288,8770,9550,3373,2125,4468,3450,9589,210,73,4651,339,3960,3531,168,1939,6916,2280
2887,3908,5013,2042,2709,3790,3190,3079,2705,3438,2827,1024,3045,691,100,8811,9978,8828,4465,9635
9867,8615,8488,7649,2484,2771,7839,6745,2331,3509,221,3117,807,559,5417,9122,2221,6678,647,1494
3952,9326,2194,7998,8334,276,2332,6204,352,4404,711,8391,2619,1626,737,5437,3938,7001,1637,8171
4616,8902,4667,3314,6197,9496,5975,6441,6059,8324,330,8674,971,8965,557,1294,4460,562,2757,3697
6479,6252,4972,4675,3878,4654,7834,6741,8714,3069,6573,3484,92,4707,8591,4582,4622,5627,8672,1833
651,8518,9501,9580,1497,4211,7700,970,8414,251,2856,8134,5149,4270,3685,5429,3849,2838,8370,3593
5449,2509,5666,4639,2562,3216,6194,3653,7547,2752,8267,6599,7566,1338,409,7392,2782,8176,3892,7361
1588,5365,5485,6004,2207,5632,5956,4686,7504,2037,9986,4442,6952,9030,6328,4906,8825,1746,4492,325
8819,1859,3542,1869,8964,4444,4380,3554,8248,2022,1490,2405,3072,2755,4392,3083,4759,4532,1445,2652
8064,8863,1980,320,5555,4838,3988,1412,4350,5465,6658,2763,7481,1566,248,3728,6029,8033,7364,2952
8300,4644,6955,6880,800,8343,8567,5283,4150,4038,8789,1770,7457,9235,1340,515,2965,9716,431,6831
7035,2319,4816,8946,5754,4818,101,5661,9329,2815,5641,6010,9701,2828,2267,6925,7250,7960,4039,8425
4800,470,9509,6532,5113,7587,3462,8277,681,2615,8962,5937,2862,2009,2820,7418,6565,5863,9200,6254
9819,7346,941,6675,5009,9812,8517,2214,8753,956,2716,5333,594,3266,7824,1675,4982,9056,5755,8584
899,2593,2505,1050,7422,6320,5196,8063,4863,5721,8168,2516,9376,5222,3361,2493,5467,2644,5263,3793
6159,2025,5527,4280,692,1572,6697,20,7371,9850,868,6970,6138,3606,7931,6716,5445,3860,5216,6028
8327,760,4971,3029,1841,1230,3106,670,2501,3904,5602,1621,1466,141,3344,7135,3665,5998,6802,7625
331,3794,3436,1615,8189,9149,8447,9968,8686,3503,3183,2077,1063,5252,755,7177,4597,3302,3599,9820
7606,697,1769,3532,2295,3232,2189,9976,9192,1652,7549,8030,8874,6467,933,3012,7742,1449,3360,2414
7474,4256,8190,8914,2950,5625,2128,1044,9543,1269,7090,2916,8578,9983,2489,988,8473,1007,129,6048
34,7586,6447,2891,9663,4206,2741,4617,3131,2457,7519,2482,3760,1253,6557,652,8053,5957,8102,4783
3749,1342,1383,9089,3463,7945,2594,4703,5580,7509,3581,1472,897,6821,7531,9610,4382,3351,3696,3286
5574,8484,8557,9694,7745,3104,3329,2208,7786,2161,2863,6635,9711,3007,876,5851,7777,8019,6798,6803
2548,8130,4118,5117,7369,2857,1129,4776,9893,2561,1686,4074,1266,1887,9884,3535,7942,9823,3446,1676
6151,5262,2721,4480,3053,8795,6937,4676,4670,3393,3198,3624,6820,6860,3913,6522,1001,3956,636,4112
6523,245,5671,3700,4207,580,5477,5060,4551,6843,520,3452,5633,4327,5269,171,5546,3384,7537,5790
4254,3010,2035,7921,1663,8585,7555,3765,5266,7215,3946,3637,6879,7881,6316,3961,3369,4278,6899,2282
1216,4215,4252,4858,4128,1247,3416,6924,1915,6482,3141,2380,2869,5480,4788,786,8375,4642,2687,2163
6025,537,8149,8812,4000,6087,9059,193,9488,8217,9136,5612,4053,2277,2714,6091,1151,3410,766,3527
1307,5021,6182,9924,4462,5237,4935,143,968,1183,3898,3811,787,9106,4348,3847,455,9643,2458,8141
355,6660,1578,7078,7169,6382,5136,3168,4882,1276,9653,5644,9540,1641,1085,4945,2386,9154,2353,7968
2981,935,8706,6782,6083,5053,4139,7492,4760,3642,2367,7953,9260,9614,9520,813,2538,4237,3640,6391
2473,6688,5593,4527,8513,5380,689,6228,6134,8458,5908,4340,2702,3959,3819,3968,9685,6218,1534,1374
8955,975,1600,1009,4288,1260,9317,9250,5549,7077,422,5775,9042,9052,512,5120,9043,2980,6609,2666
9755,8150,7831,5389,7564,4328,2834,3474,4332,6612,8017,86,6739,4774,7213,9175,2712,6846,8747,5298
407,5512,8338,5533,4578,9071,1889,8281,4044,7173,7137,3151,7919,7535,7339,4446,2070,5405,4635,9427
6717,4656,6484,6055,1395,1535,9611,4729,6052,9314,3842,6299,4917,4899,1329,1392,6348,8084,3142,3208
1140,294,8042,378,5268,7664,5986,5138,5435,8810,1480,6300,279,9744,7246,419,2959,611,9220,2118
4334,9478,7756,708,5868,4451,6196,4488,116,4353,5910,5134,7578,6676,7051,3470,4632,6679,7701,2846
2371,4912,8059,8384,7209,3440,3619,3864,3156,7356,6379,2389,2993,3917,1096,9022,1531,524,6250,9367
6064,3981,947,8215,1563,3935,3615,1763,8441,7475,2119,5854,6509,595,9686,6497,8124,4820,8009,3270
5804,9562,9981,5572,4802,926,9781,2045,3273,2816,8661,9851,6900,4302,9793,474,7247,5035,5107,8739
5850,1568,6402,4264,6986,9390,387,4758,7196,5303,5347,2824,2682,3576,2823,7267,8146,7337,7491,3713
2238,9748,4425,5212,1935,2822,6154,3111,7155,7870,4540,6961,5635,8583,5913,8394,5599,4585,7100,1983
4921,541,6661,8061,1021,3993,1152,5443,4390,8148,2209,5914,1064,7725,6906,3997,8586,9469,7640,8967
916,802,3284,5425,6244,1814,1157,7310,5325,3805,4565,3520,4963,4153,335,9494,4643,4349,1208,7487
8727,6088,1079,4279,24,7608,6174,8037,607,7702,27,5703,7344,4610,6506,6431,4313,1042,6629,9342
2563,2984,3574,9160,4968,7654,9323,9608,214,7242,5075,3501,3135,19,1437,5043,1254,87,4478,8043
9529,5218,7771,6089,7983,2071,285,6638,2809,5939,7951,5370,7165,7930,112,8743,5369,9442,1504,900
8434,2975,8603,894,7254,1553,4163,430,2899,38,6583,3419,8495,2653,601,4365,1993,8960,5741,6674
7731,159,9772,9746,4147,8909,179,286,7932,6752,246,917,8890,986,3356,1780,4512,368,1883,1834
5386,5849,3033,6543,946,8715,4385,5069,1295,716,7515,2637,1690,4117,432,3807,3990,7979,3798,9770
4849,6232,7542,6553,5007,6704,9155,9190,4487,9002,4626,5773,3066,8764,3115,2429,7696,2443,3818,1028
7171,538,8231,9452,6711,2995,6442,6108,9085,6289,272,2474,8127,3403,9269,9304,2661,9275,3910,4822
1355,7091,2754,3466,2307,5240,2420,1967,4356,3566,911,7241,6789,5388,3101,9594,2646,95,8755,9638
1876,9303,6547,4645,2665,8350,6666,5481,5607,7157,6905,9479,9312,5587,2724,1467,40,4173,3485,3789
9880,1176,5611,2994,8512,5455,9894,5410,4413,9020,7905,7993,9377,7127,9115,805,8106,316,954,396
6249,5279,7013,853,9307,6046,5560,5921,1942,587,4575,1259,6611,2164,8862,5158,9270,6281,3383,2831
7923,9374,4722,8413,4590,2349,5251,8420,4221,4190,2487,1256,5311,5823,7540,4470,756,2587,2326,4248
3188,1333,2921,187,1634,9787,3325,4997,8616,9507,1511,5782,2114,6823,1493,5835,4787,6978,952,5119
3971,4813,360,4903,4103,7232,5109,7722,4519,6112,7865,1057,574,4533,880,5576,2553,1447,1481,9571
9447,2566,188,8438,9209,1586,1672,2552,8515,8952,4400,7781,8801,9883,7826,3206,3972,5752,7208,9675
5124,8304,6965,4937,4052,1658,6654,8470,2504,8791,9181,7518,3750,5556,9596,7638,3604,8896,3358,4445
3534,6887,7716,3647,6714,8385,1510,148,5148,1323,9091,7611,8719,3883,8924,3567,6792,6867,6163,4986
7034,6309,8440,5856,5492,3887,5822,4078,3102,4308,7174,5167,9243,4869,6239,4241,2512,2590,4331,2825
8454,9762,9948,5604,2839,6107,7437,5256,6783,9651,6123,6529,5684,7149,98,9208,6964,5206,1990,6152
3510,5141,5186,4265,3386,8024,3945,6237,1749,1875,795,7335,4614,1149,3312,1777,5949,6671,5677,8122
5943,3753,1959,7972,8018,2800,3377,5502,2534,5702,4668,458,7995,3763,2219,833,5121,8076,2248,9720
7449,9658,9334,7260,6837,3885,4520,10,9964,1217,8096,5898,6885,4184,625,5629,4018,612,6772,8893
8098,6615,4161,8407,9559,215,5991,3623,7469,3980,6896,5185,9033,8689,7163,3492,2211,6406,9962,9791
6043,2086,1523,6709,5765,6493,6761,5155,3340,6590,2611,7878,4850,6325,9998,7448,9832,4714,6515,9522
3130,7891,2293,4384,130,8733,1657,8868,5249,6663,8599,3128,1304,4789,7516,2177,5740,690,1596,6495
1587,1929,404,8632,7470,8928,7476,8082,4615,3408,7917,860,6425,4763,5129,4262,1847,6082,30,1544
5323,8153,4677,5324,5246,1823,9715,796,1398,4828,8100,5837,4317,9974,2926,4873,6258,7845,2249,1501
7856,1960,4368,6199,4958,7797,6559,8746,172,1543,259,8038,5051,9379,6020,6375,7775,4075,9272,3677
5564,9963,9822,4301,4142,5870,4697,7810,74,6180,4999,4572,7873,1083,9236,2094,1473,5433,6040,448
8805,9074,5693,9849,2768,2370,3524,189,2276,9078,5118,1705,3767,67,5090,657,8885,6540,1956,3195
592,605,6066,3278,6733,5440,418,4568,1162,5824,3026,2971,8306,9599,6386,1101,4569,3326,3187,8051
6380,9503,2902,7389,7694,4032,9407,6713,5806,5603,5842,5434,8729,8360,4942,6392,7287,4894,5800,6999
6294,8957,3477,5858,7015,1606,1685,5766,1272,2101,6765,843,7940,1210,685,6050,6960,2144,5224,3018
9325,5339,4529,1999,7093,3075,1740,4628,3382,8741,948,2801,1179,441,5259,2090,5906,1212,818,5059
4476,9965,3385,5987,9695,6871,9088,953,1674,5845,6111,7903,1726,8237,5404,3708,226,4695,7161,413
7814,8415,5371,8204,7758,3203,8594,9135,9876,848,4596,2360,79,1868,9659,9121,5589,4671,622,7671
7957,7441,7289,1768,781,4949,4309,9579,2075,9597,2418,4338,4773,6701,8832,9943,6056,5983,8402,3401
6429,9782,8768,8922,4319,1138,5180,1166,4298,6928,2997,8223,9551,4689,4012,415,4208,7628,9265,4149
7347,2826,8193,7131,3602,4766,5301,6844,9409,3194,8593,942,856,4429,2647,749,6192,4815,1649,1817
8575,7102,8056,7382,3894,5062,6272,7064,5548,6322,9405,7450,5636,2547,3932,8547,9018,6969,8431,8317
3809,6453,7884,1298,4196,4980,9679,5393,5954,4841,4875,8202,4969,9205,6136,2065,1691,7117,8966,2805
5865,4705,634,5471,1464,9751,1702,9188,7927,6293,5412,5002,236,8297,7534,9931,262,3744,1113,9361
8942,7599,6763,3139,6014,5932,919,683,460,698,7973,8270,5213,5862,8998,912,1363,1712,1687,4847
5518,6183,2987,9553,2688,77,669,2057,5616,6563,5428,5967,1682,3781,7607,572,2188,9741,8183,2157
370,9296,7045,9040,21,3500,5640,1516,9179,980,7217,1604,2496,256,2819,5891,4620,5049,5620,2932
7645,4258,1202,7908,6780,222,8021,9345,3782,6759,9737,1440,7901,7738,2723,6027,3379,898,8477,7020
2215,359,6238,3172,7313,5673,8623,3998,6030,2904,2620,8357,2137,6460,8354,603,7462,2066,6840,4352
5055,2281,2966,7789,5156,2033,7946,4718,4777,9173,3670,4809,3668,8944,4839,1030,7203,7996,4388,3099
2058,4343,6426,8079,888,1640,46,1721,7391,8103,2881,4964,6693,8337,4587,4552,1554,9780,5142,6550
8409,3364,704,4904,4274,1400,7602,9630,9344,2903,6234,1722,9811,1778,5887,8234,5945,9388,555,2575
1879,7025,4992,5821,7894,6195,569,3546,5427,918,4192,9828,7480,1958,2285,211,2363,4255,2564,9360
8227,5569,3528,963,8767,1530,2848,8670,9566,9333,4805,5879,8865,7162,2217,7324,2056,7618,1802,2440
1630,8556,3071,7551,1710,9014,2749,8576,4116,8854,5992,8976,5341,1968,7380,1855,1594,6521,2643,8299
4983,1745,9285,6646,457,9039,5245,4113,6213,5312,2973,8048,5979,5907,9475,6607,7138,3600,4178,6058
3580,5242,5044,4391,6991,6291,9167,2530,1569,416,5737,7703,7687,1518,4978,5065,3846,3694,6443,5214
3954,6949,1241,6755,4846,6838,8455,723,9311,7398,7914,503,8804,151,5187,5895,9431,7263,7243,7982
8310,4013,950,7676,8561,314,9831,5444,7334,7580,7262,7648,774,8587,4137,8550,6394,517,1628,8985
5811,5562,2937,724,9352,6705,8629,1843,4304,4989,3517,1350,2747,2096,8605,1223,560,7977,190,5769
4941,2095,2244,9099,411,1255,1581,7622,6224,577,5258,9226,2868,8712,3024,5724,392,7160,1872,7662
4555,7737,9117,8974,5905,8991,6422,1838,3299,9642,7108,243,1558,9266,5208,1156,4450,8136,6617,5899
6481,9404,6987,9796,1546,8814,298,1354,224,9375,6101,3399,4961,2551,751,1731,2578,6852,3134,9067
5099,596,3310,3460,146,5475,943,2545,2640,5291,9848,4172,291,3125,4836,3441,4220,8970,4504,673
3335,873,1264,1027,3777,2006,9340,5097,5330,4084,5726,6175,4472,7338,3331,5911,4976,5938,1642,1239
5584,6889,2992,2797,3116,5894,7978,525,8824,7047,6305,5289,3667,8932,2113,7513,6395,3001,3987,3126
6579,8763,9070,9289,372,5878,539,3951,7939,486,9595,7139,5672,9815,452,1773,8990,6851,424,6795
9393,3275,6785,8834,9369,5713,5664,6421,381,338,5315,3411,5628,3350,9621,504,5515,4065,7679,5547
9187,4740,3889,6726,5788,2833,8535,263,8008,5484,3455,2773,8667,2650,1403,3118,213,3662,2031,2733
6042,4357,3953,5076,9095,4497,1186,9745,4957,7200,1328,8400,2430,3370,7465,3308,2485,9895,4251,9037
1720,8648,6170,8607,7420,8640,3875,2948,3338,2466,7639,5840,5197,7141,7390,9343,3122,6552,4198,9652
3609,8404,3173,6962,5359,8077,936,3221,7399,7336,5461,9416,4669,7274,7575,7295,3404,5493,2469,7524
8224,8187,6510,6756,7190,2507,4110,1975,5319,5498,6721,5924,9436,5000,8490,3939,1748,6420,7118,2287
5335,96,402,962,722,913,3201,3388,1072,6468,4779,3132,2613,1422,7434,5273,6556,9516,2879,6478
2154,5181,1810,650,9300,2100,9677,4755,6086,9584,2947,8861,9180,4608,4422,4290,5586,5866,3153,9719
4922,494,4029,9403,6142,180,1863,8979,6301,5708,4710,6728,5900,4235,839,1739,1837,752,9140,2764
1236,322,5106,6013,9073,8765,523,3176,4708,8080,6881,7008,4991,2549,5081,9221,2957,1439,4834,9545
5744,9742,2355,2525,4169,9669,4791,851,2490,2630,5728,5326,1039,6926,3322,1187,1373,7874,6351,9230
2628,6806,5501,5759,1545,6827,1274,8790,9670,6923,6018,5402,3271,6318,49,3014,7454,6941,7294,7184
1474,3799,5143,1258,9103,5025,5542,5861,563,7443,5709,6682,6620,2465,7970,8900,4303,1970,8817,8679
5595,9506,9053,69,4823,6471,4437,1750,5003,6992,9382,8750,5682,6273,620,3011,2028,7596,5351,1319
9460,748,6397,9044,8192,2785,8249,1004,1825,7915,2002,6120,1801,6012,3105,121,4271,3049,2679,5183
6381,4232,1137,940,2087,2402,6595,2770,6507,9137,9799,8657,6888,7815,3657,1428,8707,5675,4581,1391
4341,5450,6166,8678,6771,309,1257,4054,7984,5374,6452,2866,9315,4073,5657,5462,1238,7061,6167,3252
2130,3052,6469,1797,5867,7264,565,6390,7852,1920,9206,8577,5785,3294,267,7827,5848,8872,9865,2016
6672,4158,4545,5355,2524,8691,1764,6005,3041,7494,9846,1006,7851,2728,548,5996,5609,3558,4962,3719
1806,6313,229,5819,757,8252,4144,9322,7579,7799,8538,12,6614,4455,3995,4605,1509,3539,496,4491
9364,5784,2138,8481,52,8492,7179,8464,8271,1243,9874,591,7490,3480,6126,4944,9066,1991,2251,9145
1370,4364,7416,5282,4097,2112,7678,2120,3268,3229,2222,33,759,9356,1343,2187,6206,6747,495,9835
836,4513,8232,8760,6804,8220,7909,2829,68,745,8641,6718,9752,5638,4072,6560,8933,3881,3346,2697
7189,2542,7188,8611,4573,8399,2923,5652,8951,6913,779,2872,9702,164,8469,435,8219,9421,4909,3451
7612,2968,4077,5669,5413,3636,9104,3630,9204,9513,5110,5563,8860,8457,6074,6106,9747,4456,4711,7895
1895,5812,231,8214,4187,2804,1574,5157,7105,6430,6501,5934,8396,367,4,1107,7971,1161,7463,2151
4736,4510,8844,1358,9,2900,6440,5820,2776,6081,71,2254,7961,4273,7316,7690,5019,8289,8483,5623
3891,254,8887,6884,4531,5270,850,5715,8475,8792,743,8651,6223,8574,492,728,2930,7928,6561,7530
5223,15,1037,8114,5503,7368,1754,4966,4050,2840,3786,9955,2362,233,5540,4136,1693,6407,2155,8442
8502,3219,7472,4655,8074,6946,7528,7798,7363,1584,6287,6205,7089,5876,6388,7833,7656,9114,7588,9558
8436,4490,5610,8390,7311,9259,9784,4994,6951,2401,5578,2744,9168,3563,115,1828,2108,5227,9868,6600
3882,9489,2528,7124,7,3456,7709,2567,6750,183,1065,9616,6541,2570,5897,2400,8682,204,9429,2395
2974,9766,5036,6945,628,4947,7672,9886,7468,9358,6185,8071,6315,3120,3152,7086,2451,9613,8837,3747
2289,7023,6744,3063,1019,6057,6670,5375,4080,8813,7626,5293,4067,3214,1043,7351,2399,9775,9570,489
7724,6673,4678,6657,1411,2592,9640,4985,1296,6931,7568,7844,521,2054,2699,858,4076,5634,7863,2618
461,1313,6076,220,8541,1711,5793,5377,454,5532,7746,2078,6135,4213,5151,3552,2471,8563,2963,4185
6002,5931,7044,2544,5012,6474,982,5079,1,6160,2953,4797,1077,1235,6454,4130,7717,4507,7680,6211
3834,2382,1866,7889,9697,6630,615,3431,4474,4323,4126,4312,5855,3056,9308,9809,2236,3089,4770,5582
949,157,6119,5650,1660,9844,4405,8307,5618,7603,881,2263,2459,5647,3655,8139,4016,6487,8132,7876
9577,6680,762,8892,1718,2336,445,2345,6650,7033,1262,9601,6368,8581,6848,599,4056,295,1669,283
9372,8851,2235,167,7319,9477,280,2625,9026,9112,9057,3020,5132,3144,3641,2007,3693,8570,3596,2368
7843,7326,9587,9239,8687,3468,7620,6972,198,5648,153,1556,3553,5690,729,3398,6312,1547,6292,265
4584,6632,2726,5697,771,2689,8523,2274,7000,8598,6760,7769,6383,6569,5710,686,3712,7402,4427,2275
8499,8784,8711,9142,9673,834,3928,696,6200,566,6695,2878,5803,6389,8555,6245,1856,4025,63,1906
1000,3848,5504,2373,8841,5137,7952,3209,4647,3263,6143,4165,7721,4907,4109,4754,163,2895,8818,1131
7761,3549,1824,5091,6016,9885,9437,5310,5579,3110,9253,4064,742,3572,1118,4977,3872,3977,1608,8247
1577,9808,865,5233,4908,5770,6132,8722,9247,3601,7655,270,7714,8376,2708,5926,5972,8006,1683,2901
2039,8181,2084,3409,6171,6209,3016,3814,3829,4263,8186,7133,4134,6994,7081,6856,8323,8159,2746,6623
2867,768,5356,7900,9047,1978,5733,9588,7538,3148,3330,9468,701,961,5288,8521,7652,7495,2779,1410
2184,7419,1404,1003,7938,3880,1040,6217,7674,9412,1171,1029,4627,8027,1416,5960,3087,914,4155,4528
4371,1372,4735,1892,7040,3682,9182,4900,3964,5511,7529,9548,358,7386,7211,3543,301,5338,499,5409
7003,1321,6359,3923,811,5286,3770,3943,8510,8057,2998,9619,1317,2700,3808,1448,5468,1984,4583,3082
2614,2357,8972,5948,2,5004,3965,8123,8341,5843,5826,8364,1067,7438,3659,4151,2392,3415,1884,2438
2242,4544,5431,8156,4599,6784,2972,6643,5166,6150,5813,6702,6545,3969,377,9644,8500,4441,7517,3396
5776,6571,2739,3788,8883,62,6275,1159,7707,2183,1335,1918,6144,6090,5966,6384,9786,8749,7006,6128
9739,2701,7880,2225,399,8977,5426,7104,3290,5031,1344,6130,9418,8472,9600,4559,135,3919,9483,6864
4086,8256,9213,5965,9606,31,2604,712,5160,2498,3672,2050,7016,4741,3571,7512,7804,8403,5067,8871
9241,202,4467,8319,4603,1406,9624,6319,4148,9620,2165,3876,905,2927,8273,983,467,1551,7323,7511
5917,9527,5654,8612,1755,2339,6640,9261,9217,9536,9242,451,6870,8240,8367,6260,6935,6738,6124,433
8002,2174,7782,8269,8206,7083,7459,767,8257,1413,3274,1199,4174,7816,1985,7128,6904,789,6162,3729
8696,6117,614,1123,8782,1880,8569,8041,6054,5361,1951,5871,8565,9462,5901,170,6100,4212,447,6207
7605,4975,9232,8373,8180,2656,6026,6393,9783,4195,1542,2445,6071,8835,8216,7461,8738,2574,2318,8169
8778,7134,7861,8984,7821,4734,3595,350,9919,9939,977,2284,7354,6264,4542,5215,326,8568,648,8003
5577,924,5378,4253,6712,3830,1142,1167,6508,2703,7949,8798,6690,4329,3145,4168,8245,7693,7631,1293
3349,2122,3607,1302,1671,5853,3405,9370,1680,8119,5243,8393,6566,1013,7808,3982,2642,4048,5401,6114
6518,5353,6247,1237,6958,1165,6778,4564,4423,6489,8597,4636,7065,9432,2842,5643,4229,3579,3741,9301
7464,5364,6947,2680,6822,3762,5219,6734,8060,8710,4801,8210,9637,7005,9810,2018,8446,7053,9873,656
3048,7055,8520,4996,3166,9681,9076,887,7647,5763,6790,891,9280,3248,5930,9120,8917,6433,275,7132
717,1666,7817,5125,7784,7963,7409,7571,1625,9397,4867,7536,846,6413,3826,6847,8846,1962,9164,4723
693,9472,5668,6608,7570,9990,1128,8291,9100,1036,5008,861,7136,7408,2342,9657,6800,9837,6513,8322
8152,1727,1616,9993,6011,4879,7726,7849,2047,8827,5977,8553,2358,5392,8905,4411,3836,9258,205,553
1940,5367,8940,1489,2135,7240,9728,8783,7225,6332,5207,4466,3522,7456,7185,8140,8920,7635,6850,1244
4534,3256,9902,2290,1610,8968,9077,4047,4036,6963,4561,5456,6158,959,528,1548,459,8356,7046,6472
6400,7236,6936,6444,4299,7841,4373,4959,97,8115,3108,9069,8062,5114,208,8799,1645,7087,47,4562
3718,9923,6834,7615,8600,2333,3334,4672,1926,2533,9433,2751,7484,1112,4589,7642,581,1267,7041,9408
9298,3267,5459,7273,3621,6862,9271,3060,3282,3136,9233,545,7224,9015,6365,7525,2873,8321,7859,7452
4612,6376,9045,2802,3429,7278,9081,4129,9960,1325,8537,8875,8683,109,7766,1937,5104,6047,9009,6317
7426,6534,8004,1347,8329,380,3281,3218,2627,7237,7847,2598,3823,2394,4924,9554,2888,6876,363,5408
1273,6007,7304,4143,7629,5100,1250,4326,1654,1885,8145,4318,9854,3973,8934,1032,2266,4337,7365,4011
2636,5460,1565,8730,9008,239,8969,3748,674,8028,6221,6176,465,5777,7214,3147,8693,7159,3825,4408
7986,1646,209,552,4409,663,3000,8754,9246,2663,3167,1061,7010,6178,6606,1848,4108,2200,5487,1300
9942,7018,927,5362,3494,5566,3541,5372,1119,3673,7665,4100,292,6298,1459,8351,6177,9734,6596,2616
4477,1286,1173,1405,2573,8072,3654,1502,1387,328,2915,2925,9817,4119,3068,1771,2431,9718,3871,8236
3855,2010,1839,8533,801,6201,102,1570,4243,5382,5872,6470,1425,5285,7785,5786,6589,6911,1766,2131
6331,9505,2657,2228,8572,8507,8054,715,6956,6336,2720,3841,8188,1734,8580,5489,2356,4812,4913,8756
3859,9936,6966,2717,3776,5751,7584,5516,9021,7510,8154,8509,3515,4807,1761,5667,8241,5308,8617,1698
6251,389,571,2269,1877,532,2738,6665,6819,9032,7048,1454,2201,5482,223,9426,6618,4239,3023,2387
5962,9151,7266,5552,8975,7765,8808,5238,9464,8526,2934,9423,2442,7024,2260,9984,8244,6356,9709,9351
8486,7879,740,5597,9313,6153,1080,597,7039,2898,2454,6757,5815,1073,5177,4586,3296,2892,3143,7711
4717,2576,4526,5909,8571,7261,4182,8628,7067,7764,9612,5978,3686,5068,5145,7412,7071,5645,3244,5814
6190,2725,9499,6631,5592,8449,5567,6812,8362,8713,5209,4743,761,7864,7423,8963,7058,8365,6724,6396
9353,5093,207,9798,8971,5539,780,1614,9776,2769,2404,7643,4666,1692,9959,9465,4019,7114,3631,4804
3651,1708,8836,4457,9953,8604,1632,8986,7892,2851,5731,1938,1463,7496,7043,3490,9291,5807,2559,2671
978,7763,9157,9038,8282,2136,257,7435,7291,7292,8949,6833,8479,5692,7092,5135,7741,7252,660,8618
5981,2372,8089,7483,4292,104,5499,7279,6286,8333,8105,7885,3081,2041,8437,3210,344,9537,1585,4576
3707,7604,8735,1927,550,8669,6636,8762,4923,343,9860,9950,9861,2428,2607,9847,7987,1852,9176,3178
4102,3015,2233,8029,2324,3318,3628,825,8633,3467,8590,7567,8235,9482,812,1450,6616,8807,7888,440
4652,6141,3861,7877,6439,7084,3702,5720,3171,5023,791,608,1917,6475,3432,2310,637,1098,6070,1950
8726,3679,8001,1426,5705,7172,7779,4089,5570,9110,3868,1805,3197,5350,8010,7358,1537,1564,6445,5363
543,5340,6344,2325,5817,5184,9359,3936,478,8647,4479,1528,8566,9504,984,4454,8995,1908,5228,641
8529,5494,8246,4898,9615,3874,5970,758,965,1376,3119,9665,1747,7002,5695,362,4794,8151,3587,5923
2681,4810,4641,7223,9417,1306,8112,2226,7883,3304,7444,2426,7850,3366,1022,5054,2036,6261,8314,7489
9445,3590,2348,7276,384,7028,3791,4859,9680,7650,6323,6398,819,1607,8196,9277,1353,3371,6001,2635
8025,4625,2807,5925,385,6533,7857,3529,4004,3949,8162,464,6173,5941,1337,7506,8931,8330,4439,2940
8222,987,7592,7486,3061,6859,7503,1934,4057,3603,9347,6,8993,311,3929,4345,8142,8339,966,5472
8843,3251,7305,713,1143,7284,2149,3502,9197,8073,7007,8097,8070,4712,9163,646,7396,9025,4008,2301
9127,3127,5154,4842,4443,6689,8662,9425,8831,3570,9257,7718,1728,1327,7068,6610,8994,8203,6776,3381
1599,4285,6677,1014,6758,8213,3614,7231,4952,8068,7110,9944,5947,4030,9058,806,6524,7497,6698,8108
4515,4369,1732,2907,3058,6683,288,8117,5087,9789,9935,5916,5052,3852,9650,3940,6480,2931,5080,7265
1862,2258,7585,2486,7926,7805,6873,6462,1026,1277,9305,3518,7201,7042,5299,9903,1902,3705,2588,6649
4160,6399,5976,2787,7032,9556,5936,5521,7985,6248,373,1673,855,9391,8838,9727,3280,6605,4398,1192
1047,5626,2329,9446,4831,3589,182,7322,5608,1831,5195,1715,8471,3902,9262,8675,642,1468,1381,3250
6929,5912,6353,9892,7733,6613,1414,8884,2237,5514,9309,4720,8625,1613,1845,8954,8461,9710,7164,8646
6921,2638,3755,9999,1158,133,3768,9415,302,824,6531,4420,7508,2241,8243,2464,4006,9152,1177,3813
2311,3193,2422,481,979,5663,393,2291,1106,1268,4181,8878,9926,8298,3397,2180,6779,7205,9713,6655
1438,4234,5001,8493,4493,556,1121,3758,22,8826,9997,81,2918,7501,1375,3663,797,8721,7097,4033
639,2021,8104,5780,5568,4202,8503,8320,9855,8272,249,8898,4156,7794,282,6186,804,551,974,3448
4043,2540,8654,1974,3592,2097,2792,5961,9199,4631,2262,9647,7918,9954,6458,5396,4325,7912,7848,5358
9872,2696,8197,707,844,1109,5928,7902,8894,3146,6222,9756,1153,6105,8959,2890,7353,5360,5537,9125
725,6161,2986,9927,9457,7692,7899,1760,1791,6352,8143,6337,4954,2556,4266,5735,3751,2743,8179,9922
3341,8622,3950,621,8873,9778,3109,9156,8380,7875,8796,9332,4282,6874,5322,7178,4998,2609,25,8708
3471,7479,7898,8381,1005,9602,7373,7795,7708,1393,2836,4412,1890,3735,5088,9692,3204,8433,3591,268
659,6882,3739,3680,3869,6797,5074,8809,3757,7546,7388,2583,8221,4418,7872,8052,5880,6648,6164,8116
9075,7768,4261,7924,1681,8209,5802,7478,6202,8254,6451,7275,8233,7318,2107,7195,9463,3236,5601,6586
8318,5089,2379,6576,7342,8653,738,6503,2762,125,2672,7581,5115,2906,5747,9836,5816,9467,3992,6601
902,8601,110,4911,6155,284,2624,9683,3764,5927,2631,6285,1246,7394,1499,2483,132,9454,3174,3158
6000,1303,9128,8358,9481,9882,16,6592,2586,2683,3224,6187,5686,1133,2292,8867,7167,6486,793,6502
1226,3202,7277,4222,4233,3054,9036,6512,5722,2029,3731,2674,3646,9237,8099,7012,2352,6975,5950,6387
4502,1878,7446,312,3392,6769,2479,9223,4082,206,3367,9858,177,1251,7458,7916,6944,958,3730,9869
5073,4421,4848,2317,4637,6624,3035,7301,9816,9890,5874,1394,4135,8800,5415,8626,1420,4314,583,230
8987,8260,4347,1351,9080,981,4085,7191,7302,2008,9471,306,7934,7801,8858,8911,7070,702,6948,3279
2790,6008,3424,7610,3816,4154,6330,2582,8511,9473,4336,6278,5606,8452,578,9234,8199,6730,3345,2691
1762,6625,9098,3217,9216,7493,6530,8505,8412,4209,72,2243,7485,1849,1379,3802,9484,9293,4687,9371
5771,7406,8772,6459,5875,3262,1023,1475,9093,5255,820,582,2038,4579,8032,4926,3771,7705,6525,6942
7377,123,8065,7030,3150,6587,4593,8000,5368,9082,7907,44,8703,9177,6971,9557,2917,9622,7667,8504
6499,1860,7698,7818,4167,6791,9162,7404,831,5385,9466,7962,2737,8284,299,3215,1314,4310,765,3043
5331,8668,7037,2958,4473,5034,5553,8081,300,2979,2173,9767,7582,7853,7682,9970,2378,8822,4346,1961
7609,9682,6811,6097,9386,1409,6912,4860,5624,4322,8752,6773,1830,1807,4550,6240,1552,719,2072,9750
305,6853,3200,5092,9396,4068,4698,5235,4287,83,931,6062,8915,2910,9480,2864,8039,9384,5474,3957
2330,2990,3319,1533,2976,6641,3137,9500,4484,6973,3900,5418,2359,4827,1184,18,2850,4230,8530,7341
8424,8129,6893,2203,8728,3533,6085,7974,9568,4744,3736,9933,8939,869,7704,7245,3387,9486,2472,1181
9878,9254,4657,1733,8377,6084,8548,3332,3584,7836,2774,2412,1741,3947,1638,3689,4120,8608,2322,1207
7755,8303,1752,5264,4177,7937,4646,1976,8014,2239,315,2182,764,6110,9061,2366,6863,9186,2612,1075
3613,2982,2030,113,4269,3711,6536,7550,5384,2690,2279,5020,4124,5267,1979,8506,909,9435,7686,2476
990,8582,9726,9753,2799,9294,4825,3295,2772,1122,4832,1388,705,138,3835,4880,9641,3348,5699,2599
8680,7657,1334,237,3634,5717,5631,8366,5881,8382,9451,8091,7227,7488,3754,128,2911,4901,772,8877
9660,7751,6410,6340,9541,2463,2494,3832,2304,5017,4320,1469,7776,1190,7969,6095,4574,4893,8694,8290
6498,8450,3407,4821,9148,8744,2541,8439,3303,2245,3343,1909,8161,13,664,3039,8491,3047,287,2446
2491,2441,1945,6274,3380,3362,6715,6729,9768,6129,6877,5946,4482,533,7308,6372,490,6869,817,1911
4553,5795,7750,682,2794,2416,9459,9824,8121,9138,3306,6103,7614,9684,7634,5199,4463,5903,6681,9330
5882,3475,1982,332,7156,6979,1470,7362,3357,658,4845,2320,9625,9814,3327,8275,1476,8058,3062,1432
8929,9335,105,9989,7447,4359,6035,3205,7997,9749,7111,7840,9210,2305,4458,3237,9564,2150,3937,1308
602,5147,1365,2140,7554,3378,6345,2523,410,1737,5614,9904,82,2168,1820,7933,6706,8466,2147,7925
5944,6432,2581,922,4973,527,3658,3955,3261,8992,232,7054,9453,8704,866,3260,5758,6490,9441,1559
7574,9165,9862,5105,6824,450,9897,3065,5535,4560,7385,2706,9034,5442,7663,5316,9274,9735,7670,4887
1214,4953,5748,9547,8264,8125,8761,9129,3028,477,6102,8699,2560,8543,8664,7561,6548,7066,9552,7730
5678,2133,1858,3979,5500,4017,8833,6793,225,7272,9510,5194,5452,398,2758,7715,8956,6243,5470,6339
8239,8938,9373,3822,6914,5995,5307,4489,1988,2143,1270,8066,5952,9424,9623,3692,8262,1651,348,4796
2511,6361,5168,7330,7600,7556,3472,469,8997,7791,544,9515,2229,7825,5295,4485,9676,6997,8821,7651
5123,1874,9063,8287,6989,428,70,3417,4363,5024,8120,5828,4742,4650,8408,1709,9578,3027,1519,6895
4416,6061,549,6423,6148,1653,323,3704,7869,3222,6938,3189,75,955,3918,1664,7115,9492,7710,6449
6845,9761,8988,6415,6191,7792,2423,3165,2546,1538,6466,8044,4083,7897,4640,3633,4227,1016,6023,1478
8769,4910,5163,3550,6216,5439,2845,6817,6051,8916,5794,29,3921,9560,4970,513,1629,4795,9041,6892
8261,8589,832,6446,6494,4896,2920,9736,1562,7627,3703,8172,2250,7350,6448,7685,4026,7199,260,1213
7309,892,1695,6366,6855,8086,1336,2068,1339,2858,2408,8823,8166,3347,4127,2259,2791,8368,3469,5833
2608,2234,5767,2185,6977,7577,6891,6898,7320,4027,4854,3669,1684,1366,3831,2623,8416,6934,1195,2617
1462,9126,4862,3944,721,9951,2676,1774,6725,6327,7858,9916,4260,7904,4951,7948,9389,212,6360,6408
8973,4377,8109,8046,589,8353,4798,3820,6371,8742,6362,1786,9575,8200,8480,9912,6762,1707,9116,7381
9797,4406,4316,8274,9366,9721,59,5016,5993,709,4738,1706,7375,2127,2093,8128,9252,8671,4223,9249
5111,5296,4240,1290,9563,6554,9214,1870,5732,471,7812,8137,3009,5354,9526,1172,3551,5292,2425,2571
3976,9934,8295,8558,6976,7936,8355,9730,8418,7413,1635,2417,3568,2871,8634,1840,1356,1324,8160,720
5799,7428,5071,7317,4878,6179,8194,310,5999,1265,8544,2812,1515,1487,1150,9973,200,2224,5379,6950
5192,4864,7095,6491,6060,8278,3941,2252,3845,3499,7767,3223,5309,4506,864,5526,7920,9150,5622,3722
6115,3100,3617,9732,9282,6226,5217,192,3245,630,7887,9555,6662,6411,7226,2641,8937,8386,8067,3555
8649,4902,9769,8829,8891,7842,6500,5383,7941,5685,773,2190,4499,9264,9525,4021,679,6753,6696,7893
3526,7958,7543,319,2105,5294,5756,5729,26,1312,406,6626,7712,3752,9794,4210,8352,8562,3924,1052
1716,1219,9493,1618,4020,4547,4786,6098,9777,6808,5395,2467,2734,3442,8919,736,9535,703,5420,4351
2172,2381,1284,3476,203,2983,2001,8552,7743,5178,6067,176,1636,4699,9667,4948,8549,2506,61,3138
9144,3315,6786,8663,8527,3225,5204,522,3285,2924,1992,5102,9911,7098,8918,6764,9498,9185,2167,6603
403,1341,9655,2766,4245,5190,4521,4355,7082,9290,1429,9281,2606,570,8621,5613,2513,9349,915,8724
8311,3545,1913,2977,9945,3773,9297,882,1954,1200,2660,9302,5637,4733,5536,3025,2344,5146,9476,7403
9420,4486,2778,3513,169,3129,1316,9130,8163,1580,487,684,531,2327,4396,3687,4045,453,2067,3785
7430,9785,485,2148,8462,4988,3931,149,7085,8395,4335,7699,5649,3309,4663,2651,9414,7862,9871,9838
8,3249,3884,526,9909,9083,2517,2218,5050,778,308,1933,6651,5447,7522,1234,6564,741,9392,735
8445,6333,9521,2946,4979,3418,8815,7553,9774,9508,2847,2830,3627,1125,4748,4432,8045,4530,7194,2964
6358,7370,6668,9134,3155,4915,1639,3096,9534,4070,6464,8388,714,6133,8695,6461,1407,4857,9627,6269
9428,8519,9108,9717,6284,9380,2141,7112,4179,1520,7752,3184,5332,9941,2048,8536,8921,5345,6516,6168
6584,8165,6233,3031,4607,9946,9283,8996,7989,7429,3443,4430,6255,4267,1851,6883,5144,2448,929,5366
9759,5005,60,3856,1136,3192,3255,7819,7129,3766,3352,1248,8697,5768,1322,6385,8958,6574,666,8263
6417,174,1662,6520,8658,9406,3328,4125,7170,2634,3445,4591,5860,122,6263,4164,680,9485,5244,8717
9207,2347,9648,8173,8787,3365,7967,9607,7222,627,645,4005,8656,4918,2192,8309,1854,6694,2520,9161
9336,6794,6412,2580,9183,6841,1103,4034,161,6637,94,8953,9337,4283,9288,165,365,5083,2658,5524
4140,585,3863,6270,3608,58,9913,351,945,5639,2300,3926,8035,6984,9572,4684,8325,930,9887,1948
4438,277,5528,9295,7239,9900,1513,382,6993,2882,4752,11,7565,6403,6334,4592,8904,8725,1419,1772
3465,484,4024,2913,7073,8852,4609,3307,7282,8302,7355,2312,342,2220,5951,1114,1271,8305,1386,6104
219,9671,613,2876,1903,5507,9567,9957,573,3483,5885,1897,345,7754,3578,9581,9321,8016,9102,6990
3586,2589,1345,9363,5483,2396,1104,1591,1397,1427,1436,6121,114,2302,5590,8950,5968,2019,9512,4753
890,1703,7641,3094,3966,8078,3481,1818,5189,8285,412,7890,1082,6314,4566,8869,1557,928,1729,420
1486,9203,1182,3901,5057,7669,4931,1767,3779,1020,9378,2316,1949,1829,7038,8613,1206,8908,1352,2411
9419,8866,4022,7099,840,1714,5581,9528,6346,4728,4571,8107,175,8292,5974,9905,9159,5704,2181,6982
4874,5852,4830,99,6957,8359,730,84,8531,8880,4853,6146,6664,9202,3259,6296,9631,2081,3717,498
1229,2654,1779,1808,7056,9474,6357,6347,9639,5464,5774,5284,4435,9628,2024,6642,5241,5830,5958,9938
7498,1846,2837,5015,3333,6591,6939,5403,3170,6828,8460,535,7400,934,4386,5153,1796,9004,3112,8069
8005,9856,2091,2922,5170,4503,4523,2156,2719,3234,6283,6707,502,2350,9278,2886,5621,3019,9754,7748
3605,493,4152,8378,8901,3055,3447,4447,6746,5010,3681,519,3092,3618,5594,5257,1446,9348,6537,7613
1521,5857,8040,7433,1900,1484,6580,5796,6036,2202,6685,3395,7922,5781,7661,5476,2569,3159,7521,5598
293,8335,2043,9263,2145,9028,3085,8848,36,7069,2062,584,9842,1492,6538,9141,3301,5066,5505,480
2064,1309,6894,1730,173,4539,4806,6256,938,1782,1996,9227,3743,1972,6787,770,8389,4294,8421,3838
3021,9132,5935,7913,4440,1189,3720,9549,156,878,9062,4007,4342,1435,8652,4730,9211,5063,5963,290
6404,3073,8315,7964,7059,6703,3498,6184,9306,1053,7049,4536,7573,4694,5040,9212,9158,5232,3491,1292
567,7060,1986,632,7860,6598,9690,6832,2397,9539,7331,1735,1753,5281,7359,162,9538,4861,1160,5600
4543,2648,5047,91,687,8776,9299,6131,3514,3812,1071,1965,2314,6303,7589,3435,8927,273,1095,5274
6235,5457,5727,5221,9395,5989,8157,6302,8579,6736,9843,9733,7929,9006,2698,655,3666,753,4936,9327
8251,9035,425,4943,9576,9932,2413,7451,1912,5305,2786,7395,5531,4449,769,6078,1589,8731,992,9079
4228,9276,2756,4257,3461,8639,1500,5834,5886,6208,8230,1430,7813,4692,2210,4131,923,8497,1670,8546
675,473,3948,7644,2270,609,3497,4330,269,8346,8820,960,6504,5831,7376,1491,8212,1442,1787,2896
9971,3277,9455,9267,8012,8606,534,354,9139,8170,2365,7378,4602,8559,6377,6604,1590,5131,4217,8050
893,1390,2076,1170,2677,3430,8087,2908,6645,5210,3806,9975,7944,5742,5864,414,8015,118,9284,9238
2729,6639,90,9929,2912,8857,5248,1525,8705,2941,8645,4595,6267,7683,9691,7499,4383,1421,9864,4115
4784,5463,5797,7505,3778,9174,9760,9915,405,6577,1498,4747,1116,4930,4061,7228,7896,1713,8207,9813
8326,2288,3169,5985,6886,4940,6628,4746,4664,7186,5094,4483,7744,8328,2678,775,9678,6826,7290,4704
57,5329,7374,4281,5718,4091,7619,9724,8451,7988,2074,9287,4101,9016,7455,7182,304,1194,2535,2854
5,3978,4431,8443,9833,2905,3544,5659,4389,4535,6189,9569,4613,5046,9255,6145,784,2742,2015,6700
7366,3890,6799,2478,8340,7868,8417,939,6830,8485,2568,6096,7772,3994,3740,9316,7500,117,7990,124
5188,7312,107,1526,3837,9632,6147,2061,7598,6476,5841,3721,3433,1602,8205,2514,5844,1688,1816,5772
3784,8660,6743,1744,278,5357,2914,3051,5078,1163,1051,1378,9354,1252,546,5681,3775,186,9689,2142
1973,7473,7673,9925,593,1209,7074,9497,5707,734,8524,8494,255,9896,676,6814,7965,8348,9143,8882
841,4362,1297,1612,2955,2664,3423,3664,2793,999,8164,7130,1369,6903,145,2271,3683,6981,7867,1873
1455,6927,5236,2543,8642,3746,4247,4037,9758,9341,8185,456,2789,2753,5348,644,6304,472,4767,466
6710,1263,4750,7544,9101,7806,2060,4960,7303,8941,5191,9649,8961,2884,8422,196,5877,5762,8387,2808
6149,2874,4541,7384,9834,995,6723,8332,3588,4981,8806,2406,8794,6039,2933,371,9402,50,754,4214
5818,3493,1056,5182,9633,37,6775,4673,5277,6511,895,53,8737,8923,1231,8083,5700,3639,4681,6165
4866,822,5734,6053,2308,750,2759,9517,1700,542,5108,8913,3916,6279,5651,4063,7360,2477,8034,6699
1088,3254,9398,4808,1844,5969,7321,2334,3638,1012,2338,1667,9519,1694,9054,8545,1380,9626,1886,8463
7229,3873,5791,341,7734,8133,1910,103,997,1240,4272,7210,1495,2298,4098,9712,2384,2294,1456,9031
2132,9661,7911,1994,327,3594,6077,346,9449,8427,3368,1647,9072,1811,7238,5201,9605,9049,2943,2629
5398,5550,5346,2139,8280,1524,4433,6858,3538,2919,5458,3547,5959,3420,7125,1751,376,4919,5683,8496
5827,7333,4934,5432,6656,2601,7251,8978,9450,4772,5306,2961,996,5122,9987,2106,6627,2278,5200,7855
8659,746,3064,2557,5112,2364,429,8930,4567,3691,8398,5846,7206,3095,7621,9696,1046,9107,1648,9017
1147,9875,4508,476,2447,2492,7658,1221,6307,2104,7597,5810,3400,7787,8690,4197,5397,4619,252,6037
4204,4244,5453,2835,5352,1861,2385,5890,4871,3233,688,2449,5497,3710,6457,2960,8007,7014,9574,5469
1289,4956,4995,3113,4890,4897,1947,4855,9687,271,6988,629,1198,9977,8110,4436,3870,9966,7234,9740
4079,3644,668,6031,8265,5798,9448,6409,7306,4200,3164,4146,5407,9146,9693,5436,8131,9561,3427,1798
835,5543,3690,2978,7283,9586,5290,2063,2098,5792,4259,2626,3034,2715,9898,8636,6236,3582,7109,5446
2444,4049,5165,3482,5680,4993,6230,8085,3406,1963,3449,798,7256,6602,3487,9196,4205,154,6231,2526
1758,3444,9531,3803,5394,324,4525,8508,6225,6980,7992,9012,1368,4611,6373,5892,1924,5982,2390,9229
2558,6049,7514,9604,2684,5730,4548,1597,9672,7176,9565,3425,1775,788,2170,9094,1377,3412,8802,2116
4250,6588,2044,8250,7268,3372,6483,7094,7811,5344,6297,5414,8023,3652,3437,7221,2844,1242,7142,7146
7197,6428,2731,7646,9699,8702,8266,1506,3671,5084,8630,1168,8093,5653,1904,1197,5523,3269,884,6363
228,4739,2123,8432,3426,9087,7749,6567,7379,7332,4028,5508,3934,9050,2439,4315,7414,1215,4709,264
1283,5479,7345,4464,3059,1188,4106,4367,7778,7788,9231,9286,4095,993,2555,600,1723,9792,2488,7803
7372,7563,1971,7632,5103,4872,828,3632,2051,3575,468,5714,2377,1220,336,8609,5918,6742,6450,497
1185,9949,9994,7562,4002,2732,216,677,9937,1905,9023,9119,1415,5488,2273,5655,8453,6436,1196,9889
6796,5334,1055,6932,1742,4623,4877,181,9024,7677,9707,4003,6021,9888,6647,7727,3227,9491,6968,3675
1603,6526,1015,558,9969,1180,810,4051,443,9411,8698,7148,6687,3715,7233,9664,9495,6262,9399,8208
5171,7719,3321,9636,2841,4397,1549,3080,6463,8279,9829,5778,2936,1701,2012,5973,2596,6075,910,6788
6227,7062,4238,5265,6122,7088,3989,1977,7300,7820,142,9729,6816,6807,579,2880,1813,9826,185,4496
7421,8225,6378,1382,5400,4145,6374,1097,369,7022,2099,1310,3434,4715,2939,7659,9273,9879,7106,1964
3958,349,194,3970,35,2162,7466,1998,9178,509,5591,575,1002,8701,9700,8423,9244,3519,7732,3298
9988,2004,8286,7910,9603,4700,1205,886,1144,6473,1997,6259,4792,5096,4311,3464,9980,4914,4713,329
