6669,577,5786,160,15877,14407,2239,12341,14194,3259,7593,656,15325,5701,14012,1483,4666,14182,14086,11935
13980,3907,14944,11568,10212,1449,3912,5255,1673,14049,8965,1434,8280,14335,9721,8890,3968,3335,13583,6522
13205,9723,5337,1460,14296,12586,12822,10270,127,1482,897,2213,3251,4662,12083,8056,15389,14979,8007,13380
14441,9691,12454,8739,8110,7481,11713,8720,12371,6639,10322,16136,12659,3819,9408,15126,9210,9460,11247,2068
2790,3584,9472,10065,5581,15520,4543,10213,2698,2825,9906,3883,4590,13731,9782,9869,2978,11105,15952,4618
6626,7655,1352,13897,4988,132,12563,1084,13451,12383,11716,15174,11715,5154,10574,12270,460,7024,12826,15510
610,796,8426,2560,10477,5200,12937,15189,7210,390,4050,11418,9735,4249,12316,1067,16348,4214,9790,13046
3379,2539,2415,3409,5324,1257,5479,11523,11050,11372,11244,3131,3339,13124,8091,8608,184,1623,5157,5578
15209,484,15985,3014,7650,5048,5402,10710,100,6673,10303,11591,10443,9653,8726,14763,10533,4605,13296,4037
4353,4132,8840,12652,734,9872,1375,10794,3926,8831,7714,4107,4667,8438,12018,8657,13946,4552,4631,12433
2524,15005,14592,1730,11854,10719,8255,10548,10602,13518,6176,7277,10188,1893,1231,10235,3998,11162,11741,8907
11025,6428,2076,60,7368,9329,5729,13930,10859,4830,1171,2612,13906,5533,6905,331,5912,9120,5381,802
5213,3422,45,5395,12980,8482,9900,198,12602,7866,15273,3488,140,11466,1810,890,322,13813,1371,429
1149,13852,11098,1381,4729,16322,3049,16079,12718,1099,14577,10956,5224,3013,8315,1418,2517,14461,14397,2362
2845,1796,712,7268,7366,8111,7921,222,5734,12442,7769,11434,7290,3302,15809,3054,4769,995,5711,6324
4192,12999,2286,448,2272,3532,1223,397,12419,1354,6245,9909,11576,8240,7183,15049,10178,6300,7320,2496
2891,9850,2844,2907,2335,11968,3426,3621,10898,4064,6229,12683,5097,5608,228,14482,1419,6389,3553,3121
25,13949,1162,4189,1181,14955,5491,379,14759,2483,1709,8171,4556,11319,15563,8816,15636,1999,299,6449
6150,779,3692,2290,7144,14119,4678,7269,8527,8599,3976,1690,64,3797,9197,10050,10590,8200,15328,9627
7798,1844,59,5400,15215,974,15178,12323,2947,14960,7048,1675,8477,916,10693,3069,675,5306,13877,9085
1397,3496,3722,12044,1017,16342,15958,257,3019,7168,410,11580,1437,10950,3134,9693,13794,3058,5641,4411
4074,15959,7021,7286,8593,15594,5506,13938,5483,1075,908,3549,11325,7098,2803,9288,14372,5989,1778,12873
6752,14947,7936,5290,5227,12301,2800,11876,8951,3642,9213,1357,11766,1678,10609,8197,2366,5465,361,11646
3738,3287,1704,1813,7430,14010,14648,2881,7499,14722,10429,9393,7990,8775,1641,2243,2959,11920,10616,5058
2215,6230,1194,3082,2136,8403,9825,3388,15859,10331,16256,6519,5463,9643,2284,5130,11026,3608,3669,15999
4196,12976,12791,11093,6485,9468,5995,16209,13978,1672,11123,2574,4694,2194,6107,15265,7179,6109,7304,11867
9764,12733,11853,5496,15064,4499,769,3444,729,6052,169,5651,5068,6063,7479,13487,3070,7981,11528,2007
201,14826,3775,4856,8419,10004,10640,10519,13459,13682,6504,14627,14708,4872,16272,3693,3123,1457,13215,1450
9191,12267,13345,8815,11681,12081,9656,3946,4701,2095,14777,15607,1373,8101,6346,10130,12604,3145,4292,16091
6475,415,14124,12830,15908,4471,983,9026,16094,5996,13271,426,1493,10841,3972,10479,14747,7458,9960,16069
3852,4394,15272,1358,3472,5318,7721,12059,722,11962,15600,4058,12367,5441,4084,15500,7588,5219,864,9446
4652,13843,4975,10771,12634,14009,12557,13276,3267,1648,7558,528,7713,4136,3643,13158,9936,12550,10903,9351
11556,3234,10391,1337,2046,14533,3708,1537,8336,16196,6186,3343,436,9623,13514,1082,7716,8457,7289,9497
5456,770,13275,438,1139,16127,2091,9452,8574,4584,4346,15588,9404,352,4633,1226,14133,7276,7163,9462
1176,10835,8041,11331,831,973,9200,5864,11703,3715,7870,14057,8654,8290,1,13734,2996,2234,12339,11960
8502,5968,685,5900,3902,7526,3430,8369,14426,3871,1235,12146,7977,2964,10569,12117,2862,2815,7546,873
1322,898,774,2456,3894,4460,4008,6350,871,9252,2691,11558,7156,11188,9843,158,6728,14891,12288,15340
997,9361,3062,6354,14176,6686,7645,5095,10157,14429,12759,1568,3991,14266,7875,7887,12409,11242,1003,2874
1058,10858,4785,3403,1293,313,5276,10955,7843,13338,15490,9908,8570,5656,5370,15601,2896,11280,8804,2400
12704,16153,1277,6194,11362,5810,14145,12857,1801,1686,14498,9224,10081,15133,8906,13820,13525,2886,7518,9465
13673,6620,1192,4244,217,1533,5031,9451,8212,2193,4176,10190,2793,3639,383,13984,1517,2681,15032,5704
5664,2742,13587,827,8061,1033,12651,7050,13835,1044,10062,4141,10340,5285,2526,3279,11441,12926,7855,7090
14806,10893,8216,8485,12725,11515,9610,5133,1383,10013,3353,7603,2040,5910,11993,8856,13944,5492,7082,14118
1440,8206,5549,2345,6944,1834,9211,3604,4090,11052,2186,7324,8044,3626,12665,8566,14098,13024,1370,7664
2922,7023,11116,7865,5438,7617,11315,10542,16167,8228,4288,15187,2646,666,295,6500,5106,3292,8862,2203
8648,5622,6976,7181,1953,3003,9094,1196,1130,4070,14807,7547,6567,14894,15332,10022,16298,6631,1148,4245
4180,1024,8956,15882,8479,6093,7102,12566,13555,2336,4487,2014,11230,1522,8640,7001,15565,4818,5203,1575
9739,7658,8549,15163,4386,14041,12562,10674,2867,4825,810,13288,3654,77,11361,6794,1142,12761,3289,2710
5616,11560,14635,14596,3501,1787,10068,12580,6954,6841,1445,11631,2548,14387,14963,27,5713,4295,3925,3486
6877,10302,1398,8656,13342,14358,9319,3419,2225,2559,13444,9579,2840,5806,7783,10208,3374,400,16025,171
10515,622,14422,1256,9789,8333,627,15396,6292,15514,13990,7748,14844,9282,5905,414,10842,8431,2614,11155
10183,8117,12965,1586,3491,13170,10726,1018,13358,11675,4670,12202,12554,2265,12346,923,800,5503,5079,9149
10652,15734,2936,104,15858,5633,8230,11113,791,4570,4527,13473,5524,5460,4888,3089,396,13251,14600,16323
12122,3711,314,3636,8231,4505,5548,5084,11346,6899,240,10034,2683,11760,7951,3947,2623,1740,11840,9366
4231,16158,4119,15957,7283,16092,11765,13336,5245,5610,9067,11761,4002,5278,9687,6334,5252,2212,5289,3764
1817,1191,15026,3728,10095,14287,4857,950,7833,9444,10457,5394,10549,4307,13242,7453,6616,3816,3727,8859
14742,2653,11881,3485,11657,15622,3225,10494,7549,1996,12043,12014,7869,8545,7352,13379,12132,10165,3997,47
5250,13430,7845,2289,14567,1887,16048,2659,3672,13828,4415,952,7400,6550,8542,9286,14208,9240,12734,5070
1491,2503,2426,7830,6361,6008,1110,13066,3358,10789,1597,6174,1880,12069,1811,3564,10440,8489,8353,7374
8924,7308,10847,12856,2177,5601,10219,7236,621,4840,337,6047,8374,998,7454,15430,6955,15233,5390,14938
10963,9344,13424,13441,8588,6525,6091,9354,636,11215,12693,4424,580,1863,4383,3031,8897,12531,5420,8748
11501,4000,9157,4269,2153,11469,11382,9291,8190,13618,9418,1800,10516,14549,10931,16129,13152,1929,5756,4991
16347,9035,4703,1676,6148,1335,4223,6839,10223,6481,14811,9367,12546,14304,3163,5,8088,11799,12864,11004
12508,8761,13406,12843,10486,7216,312,1207,4545,4164,11462,16164,2916,5128,11482,1369,145,1876,16314,15820
10284,3731,1245,7452,1185,578,5691,3060,6754,9876,3410,298,9815,12437,178,1325,3949,1789,16340,7255
3253,10470,1179,13523,8794,9010,15546,3300,14954,4044,16168,2001,7319,12074,5897,9362,9550,7093,1557,13172
11524,280,2105,15441,8005,7137,11927,4905,7919,5317,6622,1361,16098,3006,10795,11982,3685,16346,3517,2909
1564,3933,408,10890,6,4036,12216,15312,9369,7824,16223,968,2747,1520,4431,12245,6718,2637,8823,10562
6434,12026,15365,11392,14473,10552,9554,2423,13193,11227,5529,13510,12636,2487,12610,14982,7282,15686,4030,11763
12247,5030,2538,14364,10936,503,8787,9565,13043,2838,8053,1091,15129,6090,6113,3294,10087,1715,4153,5247
4162,9471,13323,10657,3120,7523,7079,10589,1600,1298,14584,11898,8002,2743,10591,5852,8483,5889,7380,3236
9577,3753,11685,2707,10405,2113,13405,12103,3829,2085,5894,11205,13566,10202,3771,5984,9482,3431,10313,9371
6169,15306,13126,3586,4883,6993,3278,1872,10036,6204,9968,9901,6599,11571,11069,13851,7072,2029,15791,7493
1098,10600,10689,6651,3088,3845,459,1907,15585,7972,1578,12553,1761,1747,7860,14141,10400,1163,2680,4870
8322,5673,16208,3782,8326,6306,2314,6958,12737,5063,4995,3618,6883,1985,9559,3666,3245,11251,13699,14688
9103,4954,3399,1208,10449,8836,16138,11277,398,6666,7534,15176,1927,6740,3002,9890,12714,393,2235,15060
13546,10,4024,13404,1851,13881,14207,14450,6416,14718,6244,5854,6521,3258,10061,3941,14741,926,9489,8341
14996,5640,7592,9664,12884,663,9692,5062,14557,13536,5708,8366,2534,2889,1590,2643,3100,4063,7195,1705
15431,1519,9946,10298,11121,2884,6158,7162,3593,5733,5840,5202,13747,2579,10751,15755,10056,3320,8027,14113
2191,7034,2267,11893,2950,14186,2912,11718,10028,1885,1431,1271,17,10323,1305,1766,576,6796,13220,2246
5409,9390,1920,11859,7692,14096,11822,13026,4020,14157,10456,1874,1945,12452,14037,14232,9059,1260,12079,9863
16162,7130,7880,1367,13640,13274,190,3303,5757,12473,5017,3821,12358,11471,5835,9801,4771,6419,1853,1031
6387,3580,1045,1820,13051,7700,2647,8615,5647,5881,4911,1723,6897,2122,8814,2209,8578,9431,2392,10733
9967,3341,227,10233,6827,6712,3342,1529,2638,13965,2520,2690,892,9260,7284,2062,967,9510,5360,9104
213,1780,12536,781,8155,1233,2291,10765,1403,8420,6384,6247,2869,14418,11653,1965,1190,11769,1108,5005
8783,9273,15537,3680,884,15519,3656,7508,9006,7077,9655,10191,11882,11380,7848,13575,615,3555,3931,5419
10350,2008,4808,7541,3376,5447,192,14728,5100,9188,9666,11596,16149,8423,10899,5627,251,9616,6355,14046
15391,8869,10639,6672,110,16175,2771,813,3380,12340,11512,4088,10556,10745,97,10153,521,4286,14552,5340
7188,10698,5011,7171,9686,4094,12233,15164,12022,3420,10849,13367,4282,7239,13305,11554,16113,339,13163,7111
9232,10260,1474,11937,10289,11350,7000,2521,6276,3148,13101,15725,7648,6547,13754,1243,4206,5192,3309,7723
2172,4824,4018,5715,12793,8250,8554,13442,13581,5582,13516,4951,8493,13745,1808,12385,2398,2737,9368,4524
10502,15566,8069,5284,16241,15789,3296,3047,11836,5093,3752,10630,4329,2992,14835,12479,4390,1758,10121,300
5472,5233,9806,3597,5427,7697,13982,13563,2684,1802,8682,13825,632,4462,16100,6924,4483,11435,11773,2924
5325,4305,3110,3142,14512,7335,14044,6079,5580,3641,7305,3,958,10870,3714,11158,2871,7009,6045,402
8014,15121,10094,340,5183,15616,11584,7842,12344,12731,6520,2256,2855,8173,2648,4766,15681,4463,668,14082
11381,11552,13818,11075,308,8422,15329,11317,5523,2656,2275,5461,2126,9924,11072,11001,2061,7706,12088,10475
15025,13568,10033,10853,6075,7678,10566,14299,334,2859,5314,6831,7437,5094,15034,7729,14714,3924,10471,7438
8398,13545,6921,14303,10942,13848,15141,9905,910,11914,10715,4348,13934,9593,7571,9848,12318,15991,2325,5260
8386,6337,11,4322,14068,2066,14253,343,2720,6435,14623,2444,3701,4120,4956,7031,1480,6144,10973,8541
8421,371,14048,777,7486,9861,3814,318,7607,13409,10511,4562,5271,5955,4047,2436,16085,8627,5539,12895
12124,7134,4715,8324,9065,10078,1627,9928,1904,4430,2094,7565,6054,6325,6101,1734,3115,5796,7401,53
8844,9702,9321,5037,13354,11574,5365,4266,14879,2572,5016,9230,955,9952,10152,4964,8063,7149,10970,2397
7817,9048,2961,3382,13249,16363,11547,4509,4502,4221,3305,13036,4753,10579,5066,3211,12729,9827,8295,3085
8139,369,8164,11165,5176,3932,7794,4297,3052,16288,3975,15498,8013,4908,1772,14845,4982,8029,8624,1509
6822,5050,14550,1010,3759,667,13270,13764,13040,8969,7208,6450,4464,15665,1278,5646,4886,15291,13175,14712
5023,4103,9105,12916,2111,10458,12421,10998,5042,9024,14042,2628,12539,7694,6566,7539,11189,2317,10304,11468
3559,13512,3660,718,9887,13142,7235,1892,10239,405,14956,2567,13726,4743,9142,11541,10884,12222,13558,4435
9313,2558,9050,1289,8245,2679,13841,6153,12021,10203,13878,413,8945,527,9903,11814,39,1869,5466,10355
7141,9926,3613,14187,14021,14305,8463,2516,2271,8450,8786,4125,4955,3427,15198,11776,15280,11785,11170,2689
2601,10269,15140,9974,6189,15986,593,3859,1356,14322,12523,4724,5558,7243,880,454,10784,4811,5657,15812
11875,5495,1349,4352,3288,1685,9541,12033,6214,95,4501,5387,4270,5735,14217,9092,5572,4648,10372,2018
8585,15532,2135,8092,6021,1416,7732,12574,15402,5850,12251,3425,3252,15195,8233,9630,14603,951,4717,15937
1029,6363,7051,13684,9847,4417,2919,7982,4858,10490,4234,11064,1294,15110,4271,3899,5882,9857,4476,14343
9621,8837,5382,6795,3779,16291,7679,117,7496,10299,15587,8045,3687,4807,14582,6005,11083,4054,2471,6896
6812,11377,14997,3557,1368,12780,11684,13469,13871,8448,9502,3008,9198,3372,1166,5590,12287,12991,15759,13613
12941,7186,13831,11699,16312,2748,14268,14769,15339,4823,10817,9387,2013,4752,7836,10039,4261,2726,1461,3630
6118,1777,11425,9275,10834,5205,6376,8983,11588,847,2878,11015,10986,5277,861,15107,11074,3901,12899,10282
6578,12130,2979,9650,15092,15119,1700,6830,6614,11273,2522,11027,5386,1404,13819,16282,6562,8282,1804,1221
4470,2932,14117,1849,7720,12984,7497,11637,3291,13787,7369,13387,6303,6554,9758,5820,3185,11517,10702,16179
2129,9637,15509,2613,3453,14707,6729,628,5114,2670,7402,6442,4242,166,4397,13830,3438,12200,6934,5532
14394,11486,7461,5019,2587,1047,8185,14794,11708,3276,5890,2830,631,4148,428,8802,443,5937,5327,3362
4326,5125,11791,2715,8054,5920,13916,7653,5138,11204,5544,3896,647,7081,1679,747,11704,4714,7871,12824
2706,4790,10021,1993,7170,289,6766,15868,14978,9267,11903,6060,8498,8161,8531,13662,8646,6701,9582,5012
5722,8731,12790,5490,8974,708,5025,10643,15837,6098,13621,8010,6371,9327,9947,14867,2591,4479,2326,14443
3723,7131,717,15572,10717,5484,3365,764,4364,15934,4677,10144,409,6541,7939,736,11527,11667,1297,15435
12986,4814,2827,5158,11549,1085,13245,883,5257,6030,16328,3811,9128,13896,9228,16108,11263,15856,4079,4589
4978,10805,12313,3734,12034,8635,7127,3970,6064,13065,4067,5967,3240,2409,6893,16280,3152,15684,12596,1731
8182,7942,6871,7310,10327,9726,8447,6012,12987,5353,10627,12583,15940,1105,15504,1979,401,4019,4287,3552
5206,14056,12667,13607,3541,4854,9683,14909,14854,2451,6843,8855,10852,12123,5862,5824,10501,10251,4707,16047
11590,10030,1323,2463,7844,10398,14054,9694,6217,6817,5853,5428,14566,14260,7503,5571,10118,3150,740,8449
12142,15867,11843,3113,13574,2740,12001,4309,12950,12388,1925,7623,14547,9411,12431,16338,6480,1710,449,15792
7624,9975,3247,6147,12314,3526,10712,15238,5561,13386,2404,3567,485,3589,6088,13121,9133,8893,2145,5446
13347,3468,14324,12679,15453,5148,262,10729,1427,10316,6529,9458,4116,7867,12756,2367,2087,14850,11800,4315
2655,2106,14188,3588,7241,473,14776,14496,3973,292,3043,234,1729,2599,8475,15708,16081,16249,8683,2967
7174,14206,2708,6265,1763,7363,16326,9359,2304,14663,8425,8973,6956,3822,4023,2182,13664,11136,6110,5569
8205,5684,3985,10205,3528,792,2877,15024,21,3065,9245,12743,10839,3439,34,11971,1071,9225,11073,3315
1326,4676,12708,6495,10023,13214,4351,4747,10746,13006,2223,4740,14427,3681,11207,13078,3037,3755,4560,14199
2042,11451,8297,16364,13985,1016,12115,2554,9622,6923,4710,11270,652,762,9525,5828,10731,16023,1954,10419
11664,6906,7491,10567,4925,10680,15145,11454,3571,12627,13885,7863,7356,4021,3697,566,3440,4344,2841,3361
2073,10024,5351,3228,15774,11352,13025,1858,4194,8439,11028,3743,2327,11470,4092,15454,3638,3551,8678,279
7189,11655,5152,8662,6266,14326,1224,4934,13287,16003,5895,6383,11670,10833,10737,7752,1339,4139,6734,16064
11722,1173,9727,14172,7661,11202,13710,479,11488,5283,16060,4799,12305,14494,825,6379,5309,3853,8838,2902
412,815,5906,13780,15740,5938,15865,5562,14598,5903,5292,8175,5060,1342,1443,13928,10430,15767,14,14137
13911,10642,11844,4193,15730,6022,8380,9399,15696,12511,8811,12382,15363,3029,530,10912,16070,6360,8082,9476
12468,11092,6281,5737,2174,16169,14396,9964,6998,4146,12211,12600,6421,2378,8389,9561,7388,12670,6484,10669
9914,12120,13983,329,10945,5965,4819,12506,10015,2906,1396,7974,2814,1718,13777,4443,10189,4730,7802,6167
7138,7965,15090,4304,13391,2963,6362,5129,87,7675,1469,2835,14090,8032,4660,6151,16290,4735,1647,12977
14433,14150,16225,10451,1978,3773,10981,2179,7703,7826,1629,9658,6828,11436,10427,1955,5535,4918,7027,14597
4845,12654,431,10709,1501,4787,15965,5666,11355,6537,15236,1412,3304,11522,12265,11751,15035,4697,2768,8622
1842,7573,5983,2206,548,7861,7670,7142,9285,15281,13304,10526,10283,8276,7988,9652,11268,6349,922,5798
10138,3156,3414,14424,3072,13535,16010,9603,5584,7199,14066,12522,3881,1670,870,6936,12493,3866,5600,9865
1444,14893,11388,12466,6374,10655,10922,1484,3756,14528,13202,6175,6508,424,11128,1836,4035,13285,11877,7150
3023,14264,11409,11885,5459,1775,5080,4521,5298,4405,545,1454,5234,3673,2140,8003,154,1143,5505,10006
7073,4682,5988,11662,1837,10977,8839,4841,10976,6523,15153,7330,4365,11900,5670,11532,5560,11682,4048,9719
2229,12967,15213,14620,4529,12217,15181,15204,6314,7642,6580,11491,8345,1908,524,10736,8689,357,6594,14647
1320,13231,6432,6010,14286,6641,7673,9054,13332,7287,13998,1928,15266,1283,12136,6574,15063,1645,2231,3299
7707,1363,10018,2780,3158,11334,4145,12325,8970,5160,11358,7224,6931,1706,8486,6156,12281,14111,13153,242
7416,13191,14555,13956,11344,14641,5659,12174,2781,9539,9135,882,3383,9945,12086,14633,5038,10216,8594,11090
4664,5329,4111,13700,594,327,10920,9398,14147,5436,6490,8379,3842,8706,7436,4440,9143,4349,4764,15395
9819,5866,9474,14030,2945,14514,5799,14105,6589,7325,10951,3096,8451,15169,2952,2390,4581,1026,9948,5065
12983,2501,15384,4265,5752,12436,14400,13515,11455,6507,2789,12850,9331,10780,7682,6370,4097,1287,11374,14479
5004,13883,5859,16130,4762,6259,8590,12438,4325,6003,2185,11525,13112,5696,5671,5740,3447,7810,16118,8260
3828,3229,14471,9895,7145,1987,4887,6682,7381,3102,3793,7883,3581,9046,13822,3786,10703,9645,12272,4523
5361,12866,14793,12434,14949,6655,13176,13932,4251,9513,10700,9599,6515,4891,7227,11969,7910,1798,6171,13524
9873,8829,8754,14559,15977,13100,14751,10384,9540,4152,12767,946,8827,14884,11326,14790,7666,11563,5045,4007
9733,14007,5403,8081,5816,11985,1917,1695,7448,10633,6938,10182,15369,6097,1117,4712,6603,1511,1353,11913
7008,7542,6895,1009,6417,2368,8064,15530,6378,10721,6903,11736,3679,12707,2811,2989,15782,9716,4583,14744
5331,3928,5433,15953,8639,1462,118,13859,8446,9111,7246,13080,9555,13701,7662,15923,3880,1172,5727,13402
728,10987,4005,9453,5117,9527,12675,6020,13996,1106,4843,1012,1347,14941,8738,8841,4795,3527,7651,5789
4072,15159,12952,8352,3053,8116,5643,12534,4327,557,5136,3057,15381,7136,6684,7233,13045,7420,11838,13955
6486,9374,12689,216,7510,2546,11365,4926,5592,5248,2406,5991,12257,6393,7201,4095,2393,10814,6367,7299
903,5171,4250,9760,16024,1962,2941,2545,2330,3456,8073,3221,10949,14985,3784,13705,4334,10106,3810,7058
14300,9772,10826,13225,9037,15467,12151,12390,10346,6408,82,9743,9098,14856,16221,6456,6104,12794,10069,12463
8262,1803,8275,15221,9752,4949,5783,3558,4704,14334,9130,10364,10476,10482,15664,11597,10415,5888,6126,14369
13049,10593,5724,3644,10288,7763,14887,11884,3587,14412,14131,10971,14970,15008,6092,14017,10330,10222,1580,4893
9330,8530,11141,6891,9894,1225,4480,16215,4575,15057,7767,16200,1986,6799,8675,611,9150,14075,5502,4675
4377,9989,137,12637,13300,9999,2427,9835,15751,2004,9303,8346,2458,7879,13359,10274,11548,8674,38,9951
13350,11933,5728,5467,4215,15709,7791,10093,753,5482,6880,4253,2504,9392,7751,11080,11035,14265,2128,5343
2834,9868,10019,15282,10198,11841,6949,7912,101,260,4049,9467,6193,9937,13132,5392,5185,9030,10406,14928
13028,13561,4531,4237,15180,6271,12220,6440,6105,4219,11669,9569,3675,8162,9064,12071,4167,8764,2214,5265
12449,11980,1060,2663,5658,7288,1048,1464,6437,3016,2372,13809,2915,9931,13273,8749,14553,12979,2944,10200
6136,11803,1340,12817,15061,8460,15733,10246,3129,9681,12871,15758,10667,13905,4426,714,6560,3417,15963,3846
9916,4696,8847,15104,4078,11281,12896,5617,568,6801,14291,11070,10381,4403,840,14853,7478,8613,1334,9963
6402,1070,5175,1558,10919,14762,11267,11839,8193,12738,11261,12587,14297,12997,4026,14520,9551,7834,13456,12460
12526,239,7514,10160,6464,8975,13238,6571,3273,649,4056,16321,15941,858,2369,3524,15802,5556,12294,8004
5044,4722,6209,16286,306,7474,8430,4885,8669,15604,8756,9028,11305,893,4958,6145,1589,6203,10032,5380
12184,927,10148,476,11780,9097,12588,9523,11440,13001,1212,1076,2977,8348,2236,8760,12273,3465,10637,2295
8265,8232,12343,12091,8628,3599,10704,1112,12751,4622,7956,2141,9809,12408,7695,4759,14946,9338,7881,12380
12887,3993,10064,805,10279,15040,6220,787,662,7583,9935,12106,4813,9507,1788,2759,15544,6902,7044,6470
3677,2665,9511,16171,8539,12249,4337,10248,3836,7705,4565,8609,7483,13805,7771,4455,12624,9562,5253,14646
5698,2323,6775,10344,1144,14535,10759,4400,5689,11624,7022,14583,258,9707,5591,5526,4568,14417,3446,5273
6823,15889,12778,15899,12957,15447,6050,10253,5994,4110,4151,7538,12032,10725,7441,7893,4732,4489,6919,9547
11832,6114,15778,16166,5960,7935,4920,7519,13801,2021,10131,1613,8630,4425,4881,8304,733,8853,6768,2084
6765,11266,7202,11366,4343,4944,12169,14448,14381,1644,9406,5635,153,3611,13808,12768,14972,1321,8700,7280
16143,7445,15387,6741,5135,12040,3466,15954,4653,5507,15573,7292,12500,9355,8632,526,5576,7322,15841,9542
500,15746,14767,6612,14189,6943,15388,7244,4929,11264,7608,6721,10905,834,3478,15175,14875,11046,2787,6159
4630,6506,1640,11104,9357,16177,780,1506,7407,934,10377,3623,10408,6219,12510,14175,14775,14423,4082,14880
4169,14027,12721,12269,14536,635,9794,12375,16005,11700,7313,4721,10100,9528,7424,10866,9633,6418,2375,1050
176,13646,5085,13739,16344,10385,10291,5596,5891,4877,7061,4679,4236,11638,12324,5282,5813,9372,11096,15973
14542,4299,12744,11772,9708,7878,3747,14129,9972,748,6476,11255,15392,4822,15235,11634,8592,6163,7687,9334
7545,11779,4940,7301,3027,5355,5411,8302,10055,12152,696,466,7101,7351,6940,12913,111,13263,10599,1582
821,7447,6025,3504,6181,5916,10438,12657,4395,14787,15080,7421,7040,9280,7505,2536,1936,12229,5892,11312
14756,12214,6914,12944,655,7397,11641,3661,5755,8889,9749,9506,14388,7177,11219,10224,15405,8867,11391,4306
13111,13542,7032,6516,4671,11871,351,15707,1435,8629,304,10895,10885,3192,819,8453,10594,15078,13833,5925
13867,11135,15545,12647,11874,11598,1861,5120,12199,12127,11181,8387,8137,10992,9182,9590,7270,1269,4922,8697
5898,7733,7265,4917,11582,8338,15223,12204,136,6979,8795,14832,8580,230,1984,16232,15287,2931,14138,15263
10807,1127,15484,7178,12846,13520,6108,5504,2123,1057,7572,11071,917,13858,11410,8711,14900,3509,6577,9005
170,9893,2306,10310,7992,5251,12784,10194,5424,2661,7792,3166,7382,13605,9169,9534,4695,1333,14801,15048
5802,6659,4733,2894,4391,6264,4034,4108,16103,11034,4984,10571,4804,12594,7948,1831,5201,10788,14554,9416
5811,16089,11509,9409,1023,4445,12890,3799,163,2668,13368,6457,15345,11786,3835,6429,5742,4907,1304,8066
14069,8072,10432,11842,16030,9376,15919,9307,12140,10625,12072,14940,12141,9663,13856,10529,12642,8661,14871,10791
4690,15843,16035,15658,11452,13922,7105,3802,8437,10605,10538,13190,14543,10539,14302,6707,425,11928,12063,12165
13035,2433,979,3573,252,15216,5452,8918,1860,7166,863,1261,4412,4032,10927,13723,14240,290,13630,1170
5455,5748,5747,8810,11085,5918,8412,14146,8172,2923,3392,3265,15043,13895,5235,3010,6917,16114,12947,8806
4291,6733,12175,6564,9913,2121,15304,13697,7978,6196,15244,2109,3074,6390,1391,9241,3994,9045,12480,11437
15612,6319,1959,11508,6623,4828,14028,10514,8544,12548,6412,9052,8294,8218,13549,14435,11390,15194,4077,7719
9289,4238,8089,5877,3470,6749,13216,13991,3226,4831,16214,3855,15302,11819,12559,3118,58,9184,7411,10090
9397,642,8106,11810,5857,7569,4310,600,1693,9715,7041,2385,16315,6697,6671,7464,3951,4172,5464,5648
7630,7316,5476,1724,4429,7067,12540,9336,12650,11094,5847,6770,5520,13534,14818,7332,12030,11872,3210,15798
11883,8097,2982,13316,4241,15836,13551,7434,4966,2371,2238,5150,9884,9938,2424,12477,15844,11852,8170,10229
11160,1933,9786,277,4606,6736,6089,9776,16013,12393,3977,7129,15096,4478,10356,5046,5342,14501,10938,11784
8213,11595,14805,6825,7376,12197,8963,5089,741,789,9724,13582,14317,13457,7995,11835,9897,11472,9139,601
13149,10273,10037,5886,12327,16111,1879,4045,8167,13298,1878,9154,5720,6951,270,14243,11918,13782,6472,4994
7419,2774,244,13789,7117,6994,9281,5323,14869,11628,1855,7294,3046,9337,16207,381,8133,9889,6006,9095
8888,6299,8960,7364,3213,5218,11429,12389,2305,13642,3272,13324,12423,10658,2498,3405,4482,5844,3659,10546
2374,7112,10348,3103,11808,1883,4960,12840,5468,8468,4201,8264,624,10181,8196,846,13752,15608,450,9841
13416,4689,1687,7498,15017,8597,3920,2757,2322,9373,7121,4786,4691,15227,6548,1282,2420,4930,4802,8708
7701,9992,8835,4033,12225,15721,16087,7078,15972,704,6336,8644,5349,1662,7629,11802,4285,11972,3805,8722
15850,12167,2357,14655,1078,2491,15772,4610,12958,4612,2055,4484,6453,9425,3934,9219,1040,14198,8278,7822
13611,421,6864,1790,9323,3408,10362,9279,1988,11890,8466,7423,12828,10076,13595,9646,3400,3357,1587,15349
6356,12445,6772,2636,226,14537,4437,538,11373,3761,14748,5034,7761,494,2108,16033,12107,10484,13016,14115
7285,517,8235,4928,1013,11752,9298,1665,13262,7418,4381,14136,11119,5861,13577,12412,14279,13601,1410,5947
5841,14143,13317,12368,15087,16292,5629,9714,8691,89,13725,14682,15458,10800,11216,204,7958,7054,10713,1545
9660,2888,2499,5867,5949,7349,7633,12009,5299,9710,9877,10952,4195,189,9414,1446,14336,5663,5943,3105
13653,11656,1159,14772,10682,8834,5521,16124,4993,8883,360,7311,6561,1781,2139,1316,7685,5179,3050,10573
9888,7631,7851,5682,6099,2925,3547,14918,250,6656,9202,6284,3168,11378,2472,8979,8616,8540,7221,15037
11426,15538,8104,14500,348,2442,5195,293,15220,9740,4927,14834,6606,1074,16059,9242,6653,7036,7248,5418
8942,15371,7379,7532,5242,8875,16170,9662,12589,3093,1157,682,1384,3423,4384,8874,1258,15568,4901,7261
14990,1610,13431,11041,3183,12319,15893,349,1609,2885,16374,11185,15434,139,6117,353,2777,15170,6932,3535
13880,11176,5917,14986,10375,309,5705,15147,724,487,5805,5229,8801,6792,5362,16133,2019,12779,18,2360
5979,6527,6977,7417,5769,13169,1639,4773,13712,12192,7632,11865,2253,4685,6206,5842,5225,10957,14328,11744
311,2394,8399,4899,6381,445,8766,11174,16350,15987,1035,6312,7094,8533,5745,7395,3301,9812,9979,13629
13811,10495,6963,5485,8548,14331,11630,13059,14313,5661,5024,12148,14849,771,8461,4399,12631,1534,11672,2701
12025,7940,10104,3181,16212,15412,2970,10718,3885,12996,1870,6233,14719,9697,6964,8344,9674,14701,10059,3696
7217,333,11042,6590,15765,2038,5771,5018,7091,3243,8153,13533,13509,710,15564,2537,5865,7888,4645,7778
11647,14224,7606,8993,4433,5258,5364,3914,14239,9039,13866,2580,790,10510,7323,2192,14413,7463,1825,14513
4588,11018,11992,4258,14259,7231,15131,1746,11254,13899,6311,3958,10678,13721,9293,8790,794,16376,7753,9311
8776,13094,5294,2512,15172,1697,8016,8020,8229,13692,14588,267,13265,11683,7743,14671,15589,5792,16192,6225
8799,4510,1680,516,11973,8932,10908,4144,2565,11983,1571,15756,6274,12754,5055,4711,11602,11337,11005,5339
3313,14916,10676,7812,13968,6184,6278,12595,12528,4185,1188,14123,2339,8712,8050,13227,4006,2968,8094,1838
14878,4117,9774,10665,12736,13807,210,15633,1213,10758,9718,10531,3992,2818,15659,9003,1414,8390,5140,12369
3172,10738,9491,683,5856,11659,4444,8488,5168,13783,11345,8596,2303,12286,7334,8830,12145,2786,9855,6425
2821,12966,12396,8643,12765,2482,9430,245,1619,12207,9297,15149,1345,9817,15916,11460,14079,5952,16074,15936
12020,2211,15177,5313,12061,1607,7180,8564,14327,1859,8695,1306,2863,3778,7734,5328,911,7638,6803,259
3750,7360,12552,14380,6478,7203,15410,5487,16307,14080,9461,5642,13313,11308,7196,2513,4613,3870,7506,8732
1156,13571,10856,6282,3579,8331,3769,723,6086,6237,15424,6837,5928,2460,2926,10941,11705,6552,9679,14820
15156,1561,8938,1366,9647,14035,9248,13454,7551,11902,10706,1660,15123,5750,7116,6667,6709,4385,10029,11706
7567,14275,523,9306,13593,5602,4156,11855,8503,14821,13936,5927,12542,14539,15947,7492,11788,2310,8625,6283
10653,510,10829,6426,1604,8525,9069,1415,10154,12070,16027,13122,4931,10072,16218,9860,16042,14562,12180,14026
9744,12842,4674,14193,7076,6160,9880,6584,271,10109,2453,2657,13935,7252,8740,5929,8065,12661,9033,11711
8207,13735,5377,5821,338,5357,6345,7262,4996,5221,1011,10843,10149,15343,709,1151,8976,5425,5081,9146
9220,12807,15638,2383,8444,10101,8429,4320,8163,3154,7074,7113,4516,12719,9102,4863,1313,6493,9247,14998
851,9449,6991,7223,6720,1365,11496,3219,1496,657,3777,9625,14273,4634,3333,6872,5607,7124,1934,9300
2850,13685,4342,10001,15989,5594,13704,9249,14912,14560,9793,2676,3964,16271,8443,7663,1550,11196,1264,2227
11550,385,6009,1022,8606,2562,6056,616,2152,1252,11790,16083,6845,6528,13947,6544,12628,12274,9532,2241
10395,1043,6824,14228,14174,9117,7715,9712,7594,12149,76,4137,6847,13117,6551,9172,9087,14917,3321,15206
5518,8401,10878,15185,5719,7755,11966,7989,11127,15855,2507,5568,9770,2723,7537,9596,7302,8337,16031,7238
6981,12891,67,7724,4836,9427,5067,12188,16076,11686,11712,8950,15924,9226,1827,13218,15701,7006,11593,15649
1459,6211,15542,3801,11217,16203,8406,10525,2309,6878,7185,6916,1423,5513,7808,9813,9741,3193,7336,10880
6618,7765,6348,4042,2010,4919,12750,11996,11725,8138,2531,506,13321,6451,5896,11774,10434,3218,9099,6460
4672,9295,706,10586,10254,13116,10990,4025,5838,812,11068,13680,4546,14477,15603,2190,15488,6317,4319,738
13986,1950,16107,5132,12173,11557,10201,9636,16261,4515,1037,15971,1407,7896,7386,12844,7502,7625,6780,3257
14019,9000,14840,1497,9690,4486,11191,14761,7468,579,14694,10595,8397,13860,3354,2158,11575,11357,755,2221
219,2712,10067,7816,15283,12444,3000,13681,3171,6645,10831,11323,3745,8707,4751,15468,7444,4166,2470,9997
11690,15944,1042,2703,15942,10082,11231,5516,4626,13992,1134,7515,2381,7564,10136,13842,9734,7857,6930,13467
4601,6372,14135,7628,9918,13740,5964,10969,1739,9785,6973,1079,16008,8937,5363,8187,11514,3189,15623,2318
7892,8224,3781,6509,6365,493,10748,9567,8130,15777,13554,2804,3397,15136,8382,8696,3763,12501,1732,10295
9671,6410,3982,8982,8767,2173,3402,7668,452,14964,16259,10296,10961,13733,7807,8821,191,7790,4850,5606
4416,8194,7234,12209,11697,5941,9147,13495,3413,11531,8863,11328,10993,15106,5849,2169,3155,1532,15211,2048
274,15337,10278,9070,10339,14698,12635,12370,6531,8953,4540,6941,4806,6454,5683,10308,7509,4274,16182,12880
7249,5164,6166,3178,9177,8303,3703,10612,6215,9058,15151,2551,14006,4576,2294,11129,15229,13212,2882,8598
929,15184,6499,2616,10914,5911,977,2233,11940,16057,11288,4781,6115,15700,14234,11748,8391,7616,4744,11961
10894,8083,15897,10301,14568,11581,4434,12611,12483,5971,13179,4267,14581,10206,11412,6556,6742,12837,6482,6920
6717,5662,16197,6242,7908,10379,124,15694,13497,5215,8456,7960,12668,938,10249,9953,4333,9175,1182,7884
1745,9651,1956,3839,744,9983,6874,1301,7823,12101,8472,9750,486,14103,10142,12291,12250,8499,4161,5184
894,3212,8957,11290,6352,13155,5618,11406,15299,3706,1239,6413,9234,7405,7570,6790,1916,4257,13088,2011
10764,14796,11063,13786,3875,3945,14043,2549,13333,225,2063,2865,15640,14692,2361,7840,14134,14382,13072,8178
7937,7257,3314,5980,7004,6340,15452,8744,985,5469,8124,8464,6832,10763,6157,11650,14023,16217,970,9537
8882,4528,10481,14595,10464,13547,7966,1119,8435,11899,9711,8736,12688,11967,2864,12886,315,5697,2093,2035
9730,15010,2321,1894,12513,6731,7200,6392,16293,12005,2852,2805,11465,828,10873,14031,8538,9563,4451,22
14209,7950,10770,13415,10368,14798,12973,7512,2641,10197,10687,10840,4903,15356,5333,9227,1783,7345,14676,14601
1193,3729,15967,13376,1073,15764,1513,6466,6989,15817,12100,11492,7297,8990,457,10442,2951,15260,5480,8136
7690,6786,3334,12739,15737,14220,6143,6542,10958,3984,2709,6224,14815,2349,13909,7825,4750,13597,16228,3905
24,12102,11866,841,11146,1536,2674,7872,5694,1424,6757,12163,11502,878,7946,5374,654,6859,152,13307
1538,9277,6164,11182,8316,8709,1478,1456,2819,1612,16152,5612,2658,8670,7554,16303,12852,15581,3101,14167
7500,2666,6965,6665,3850,2939,15656,15470,12114,4375,1624,676,11022,12099,2626,1429,3788,11625,13691,11114
3293,15422,11100,8881,4541,6308,6889,10545,14385,6424,6724,12366,9365,10766,15203,2092,1247,14211,7704,4224
9448,1186,3562,8413,10268,3700,8415,1527,10000,12230,7835,11370,4382,11758,6814,7371,2753,10644,2133,2285
2505,8909,9125,14274,1653,10809,8454,12228,15103,4473,5614,164,4115,11059,3135,14347,1030,14462,7109,3401
2254,8211,6342,3774,13479,3081,9902,14967,14171,1840,9254,7487,13508,4542,4055,12003,896,14754,1273,13161
14350,11666,13874,8272,12336,4438,7641,3107,15425,15618,6755,15044,7296,9614,13098,7964,7346,5358,2999,4321
4278,3655,12484,3018,6142,12943,4976,10397,16146,3028,16213,9800,727,14525,3242,6051,13236,5498,5408,11723
129,10672,4535,872,5293,852,4536,15366,9246,10156,8095,221,4336,11561,4420,2287,6962,12329,788,10716
4638,9441,15276,7450,5450,5541,13857,1300,15595,4937,10965,9973,8522,3911,2914,14338,8195,13356,7344,12432
10623,2913,8048,1438,10804,12075,6133,5753,10559,5035,14691,10635,2976,3041,8680,8458,10705,5453,11626,3978
2143,35,1948,14312,15611,11351,4952,12579,7019,4615,2315,8480,11124,1972,859,3999,7609,4423,14731,8242
14652,13904,16119,4746,3954,10256,8894,3474,2650,6835,5002,6730,7052,14907,8905,5767,3473,8253,4203,12503
2240,13291,11208,13074,6427,8519,9129,10499,8068,3938,6042,2110,15840,4763,6177,14829,10017,9858,9299,948
5706,10932,6125,4010,320,14083,13081,4916,7209,11187,4461,2651,9014,14573,853,14527,7053,630,1941,15762
6927,14994,4537,7560,12514,10694,14058,12920,3520,2588,2337,6575,2853,10614,1846,11986,7973,9112,8141,7759
8716,2749,11304,5567,11097,512,14192,16021,13775,12347,14180,5470,15861,10073,6842,1902,14516,7688,8781,1430
8496,9654,5347,4803,4378,5087,11195,9304,680,10782,16277,3864,1583,7300,12378,9763,11943,12990,2049,12403
959,986,1220,2593,11058,8658,4726,5416,13106,14229,12885,16093,7945,9493,434,11623,13147,8557,15316,4616
12302,5948,3832,3241,1455,12405,9145,10354,14100,14911,6745,3323,1961,12045,6959,10714,15457,9445,14862,10207
10742,10367,11886,186,7827,10441,13921,14913,12961,4323,229,735,14219,2340,5330,10110,7389,14632,8226,268
15644,12171,9881,7466,5874,11570,3602,8854,303,1285,3585,7886,2429,11262,12056,15550,2903,11837,11172,13374
5174,1540,9620,261,13560,9101,9164,7161,8392,14645,7459,7557,9501,9176,1286,862,6800,14076,8892,13055
8779,14755,8364,8745,914,7429,4184,8591,12860,3698,8930,12017,10169,6491,10276,15763,12456,15795,3930,14823
14487,2688,2671,14515,5540,3862,11360,10369,10517,8199,10615,1707,12035,937,2218,84,3513,2598,16332,12275
5307,8992,11131,9122,7832,16172,9031,8393,6034,14618,7446,665,10783,5860,768,5301,14278,10557,8891,12796
13297,212,5259,7984,12762,2421,2685,14289,7579,13937,12578,3831,14906,2582,11970,10105,1086,12334,5014,3546
9004,249,14201,14377,11384,3144,12606,90,8132,845,2142,13129,9456,11516,1355,13486,4596,15219,15386,8055
3569,15562,9343,7398,5442,8075,5261,14727,9126,2556,13580,9668,6555,12903,6467,15029,2251,2752,10161,7756
10129,11860,6016,7432,15993,14339,9137,1923,11293,354,12064,14768,15358,15635,13995,7626,368,12482,5422,12090
2441,15098,9934,2745,8150,9572,9722,202,5631,1413,12861,11057,7396,4532,9602,7460,296,14868,6014,3568
8359,8360,11387,13180,7482,10352,909,10524,12660,10935,8281,6061,7710,8941,2575,8481,11622,5514,11407,9672
13887,7979,7140,9160,12351,1005,9703,6513,13924,14491,8330,8755,8660,4086,4591,9713,1027,2119,15716,15811
15143,4012,5803,2965,14852,11762,1246,12879,8168,455,316,15705,6149,10937,7318,11133,3686,2523,8428,8861
4904,14153,2428,3607,1782,9995,15354,9262,6132,7646,9487,489,4979,1477,1129,5198,6246,2187,4779,6756
6094,947,14120,11567,13792,15982,3250,10505,7271,5879,10923,15926,3570,14791,12805,6990,1115,992,11533,9700
9013,3310,14309,9978,2497,6861,4380,4874,1569,8610,6865,10139,3576,7128,2806,5940,573,3220,14393,6401
12159,10844,15077,1230,10944,6458,10983,4686,5681,12567,13309,3887,11746,3141,10407,8978,16368,7901,6200,12732
10465,6967,13717,6462,11445,10988,13804,5075,13232,9629,12686,5845,10117,4530,3800,9317,14919,3005,12350,13426
13716,7096,13120,8600,12664,13135,2252,3092,16156,5091,12687,8679,6222,11484,13615,7680,11922,6019,14540,5121
10009,6121,15884,3327,11644,8759,5287,16011,1062,6650,8880,13278,8459,11450,11609,3544,7035,1379,4149,12494
8559,11919,6629,8035,9883,12058,6197,11942,2721,7669,7465,5109,7895,10792,3575,534,1741,12905,11947,14101
1688,4912,7403,10177,8688,481,13676,3490,2899,10592,8127,7152,10421,9751,13385,9591,8939,3378,15997,12363
12623,11363,7766,15023,447,1932,3628,3463,11338,1267,8408,23,13977,7204,13920,6633,10324,8059,14070,7062
9816,5193,4656,2125,8299,8845,5296,3790,11224,8328,8099,6238,11812,14077,8603,9002,14445,8809,105,8567
196,120,10707,8198,742,2386,7220,12908,9921,12394,3132,4947,1318,15750,13082,4604,745,1494,716,13388
6708,15462,15928,4998,10413,2244,5388,14951,238,9553,1344,2649,11958,13196,10071,8033,6668,6391,467,13411
8368,14285,7172,9571,9151,12995,1712,4493,7831,16227,8995,6939,3111,14405,11856,6974,16245,8098,502,11427
7749,6743,10750,5552,3255,9421,4572,4171,4842,7622,16160,5565,7194,1663,7476,28,2682,7975,2829,6122
7457,15698,14860,1295,5880,6882,7176,5615,15742,8221,5981,13281,7471,12116,14480,12499,2077,7530,14276,272
691,16377,4867,2098,14341,102,2097,7943,12862,15112,843,7092,3195,5913,9526,12300,14178,6980,256,11936
11921,10159,5554,12806,12530,7696,7983,4644,7520,6397,7777,12783,13166,9038,8765,15887,16378,9345,10696,5930
13815,16075,4177,12399,12397,5239,7333,13766,5597,13079,16353,7462,9675,12235,13837,6849,13226,11401,11233,837
8126,12282,3232,10659,9684,5170,2030,13233,10473,8954,9737,14753,16300,692,9477,8311,6038,8868,4373,801
7998,2070,342,14290,15246,8222,1875,3233,3519,2911,8349,8899,8189,11029,9971,2893,8115,3785,9356,8251
9020,2652,3459,4369,3412,6323,9475,10978,889,14493,13975,3055,11671,15517,12402,11081,626,15377,5669,14621
11490,11733,7552,4388,10314,7118,16359,11632,4096,7781,7600,3543,13803,10423,7693,14267,1165,15230,9292,128
8497,4159,15536,4760,16014,13505,12949,2411,14934,12164,820,15853,10329,4559,5384,9044,13502,6588,5391,13929
6253,6585,15657,11428,13759,12392,4635,1028,16205,9529,2006,6546,8741,15805,13964,10654,1971,3122,5790,7240
4768,5730,10043,14839,13021,2452,695,13481,14463,4175,5107,7017,7636,6469,16183,4216,7854,9068,263,5194
8673,531,8181,11007,9503,850,2973,11444,11282,4506,13188,2876,5679,7601,7404,1832,10113,16050,11687,567
698,7312,12006,4232,15353,3489,2057,10966,8135,14851,2467,8220,1378,5784,906,10673,12839,16058,11024,4757
11775,1137,10332,6779,963,5444,3020,14789,2529,5440,5145,9265,6695,1161,2249,8560,10305,8507,5975,16269
8534,14959,5173,3216,8293,7522,14398,9568,7394,10474,12415,9083,11307,4255,10871,4432,11880,4932,2370,10555
7849,15428,14165,13073,8042,9930,13698,6713,8757,1553,1420,12134,9839,10875,1839,5092,4228,10097,12772,9455
1809,3565,14195,12969,9950,6748,15275,12306,3537,14720,3340,9466,462,7012,13493,5936,12599,6404,497,7556
12108,16080,12797,4294,3502,1616,13649,9423,2960,14924,10412,15796,10749,11006,11601,8006,2118,8427,13013,10504
16036,9631,6559,12795,3536,6582,11953,3794,1401,1703,5478,8026,2988,12720,5785,1405,15592,14348,11403,10953
5525,8487,9512,3125,9613,3394,14244,14870,6602,11091,8523,3393,10102,5059,13489,7587,1409,2278,16121,5583
7469,16264,8510,5346,10263,9063,15031,2155,8746,11037,3955,8704,13474,10390,7237,1242,1203,13217,3598,11481
3632,4847,13540,7847,9484,2316,2419,13382,4902,3457,9410,15250,16001,3815,11448,4272,10294,15961,7095,13164
15641,15330,1180,2631,2928,6652,13606,14367,585,4494,11963,540,1138,4208,3768,6619,3464,8158,9206,3649
7612,13884,16301,11163,10861,1719,1865,8375,1014,9939,15413,11321,19,13197,6999,9391,11294,519,11213,3271
2100,12802,4154,7260,10325,1525,15193,11830,7321,11402,12335,1202,11397,4212,2431,14952,3858,14677,4969,5972
3979,11931,10915,11755,5703,15374,732,16268,4941,4700,16106,7536,6948,3657,1924,12820,12386,4222,1083,15076
3264,5359,7561,6286,8015,7470,12929,13234,13314,12476,891,6698,2297,2644,2149,11504,14310,15489,13517,1833
2630,564,10752,364,11680,10045,12836,3847,5376,75,9185,15773,7578,8381,10255,2615,4705,1791,1197,11020
5732,10778,4211,7683,3360,12236,2955,4190,15448,1317,9287,15286,11106,12210,5431,14803,12616,8568,15891,900
10077,12361,13240,4851,13290,14937,1753,4053,8582,11008,525,10584,11198,13206,5653,11396,2607,5812,15508,6900
10247,15360,16053,11605,6344,2178,12561,4725,1253,4254,7511,12581,5116,953,13793,12112,10830,1411,4301,13865
1602,1898,2929,14112,15319,15255,660,15342,10418,7602,9255,3633,1066,9180,42,8494,9738,16250,11537,3448
8308,6322,8347,6781,276,12931,6258,749,2151,5041,15557,803,5269,6737,10820,14196,8210,9833,14484,10044
14505,8309,10913,15526,13750,4071,8710,463,9849,7315,9573,13472,8833,10041,11107,5209,13258,4909,4684,13011
4890,12591,9844,2064,4756,15455,2794,3827,9341,15417,15298,15523,10010,14319,12854,10394,782,2032,1542,7326
13195,10617,6165,1702,11248,13033,5073,806,2566,12818,103,539,10051,10787,9018,10401,14452,12545,12426,10241
1726,582,5501,2308,11820,1291,3592,14576,13827,6251,4646,10812,757,10192,8109,5211,7953,3725,12179,14923
15086,6318,1889,9677,5926,11398,12417,13381,1008,5914,9522,15825,10483,112,13221,10513,2079,1995,3076,6838
4592,9080,10047,2956,9832,11731,10143,591,9874,14899,15994,6162,9042,7413,6549,12440,15930,8244,10271,7038
5237,13875,14817,659,13312,4862,2009,7813,12082,15257,12989,9447,14662,9635,7686,14604,3957,4150,11710,8988
13719,16061,2866,11197,10876,10127,7135,15580,1199,15347,8532,2268,6685,9270,3917,16056,10491,11086,8655,8023
8478,5693,14464,8994,4832,1611,4123,7976,13961,9271,12706,14897,14122,2258,15945,1314,8550,2957,5217,9985
4945,3542,4946,13461,6313,3012,9669,5434,10226,8268,14475,3664,11912,7507,9152,10864,12709,8028,12381,5686
16333,987,1123,1259,2188,11945,9053,7605,5830,11274,16283,14403,14084,2832,4821,12155,16141,10214,6592,11183
5999,11934,2069,181,5639,15473,9215,1319,2154,9549,9296,918,4597,10204,5015,11740,1141,13638,1280,14436
14459,8396,11778,12373,10035,9381,10403,3730,8573,994,10972,16237,2207,552,12575,7361,11724,8886,13816,2273
1041,5105,4668,3033,2440,9283,16265,11084,4566,2443,12543,12206,1792,8183,12457,9612,10854,9163,7762,11911
12311,5348,10466,7327,13657,8778,13873,3153,13023,54,15355,7837,9093,4182,16304,16145,4374,758,7184,8933
6065,6338,11559,11148,11535,4408,5586,10638,12264,15692,11048,2904,7122,4406,9768,3540,13018,9994,7339,5969
10728,365,3348,2578,9922,5036,4938,8623,9222,10851,2785,541,11815,11214,5356,15768,14315,8663,9856,6468
7862,13031,15237,13672,10124,11989,16331,5883,8774,6479,12502,5846,14337,6131,4205,1762,14995,10991,9290,9673
8506,3040,14975,14859,8961,1867,1696,10184,16073,9109,14262,13562,5976,11487,4582,7049,10187,4745,15839,269
1417,8009,1635,14882,5187,10560,7016,8128,3384,5623,4651,1530,2288,13413,10933,11458,15880,9263,8113,13062
11036,9027,1502,9831,5477,1799,2432,2756,5749,4268,15070,12177,5074,15593,811,8807,7245,7993,9729,13628
2490,2699,13661,1668,5383,15158,11868,15713,1659,3948,14809,7582,9194,10180,8339,14256,8129,12853,7472,11759
9581,8062,3650,2479,3495,13378,16236,15341,5624,5039,5827,3817,8789,5231,3071,13154,2547,182,8318,10455
15642,9388,16247,10819,4632,8142,12711,15038,14116,13736,10675,4277,8702,2762,7906,7391,8605,12085,14629,2729
7647,6067,13846,9485,13757,2168,12024,1303,9706,6123,14872,10802,5770,4663,255,1937,15672,9312,4800,9479
6744,9012,6935,3705,6134,10170,130,8508,1508,5665,6288,10954,5823,1400,15736,5350,1492,10601,14438,8620
11137,16240,15201,15854,13761,12515,14746,9438,11668,4396,12617,4914,14532,11171,9564,9492,11673,13569,799,2754
13360,11272,3889,14204,11979,13753,14612,14458,14126,9583,16370,13802,4469,13570,13617,9205,12872,11040,7926,13490
2156,13559,8093,7357,8896,9756,10040,4066,1989,10425,14269,11864,13644,12190,14864,15946,14376,9685,7535,4992
1786,9494,115,15013,1515,11003,6600,56,3329,13504,10857,4835,2847,13863,6028,11447,976,5637,9519,11166
11494,14404,5772,12051,16189,10243,10228,372,15704,6526,3479,14485,15200,15370,15615,7406,2379,5304,11077,12985
11521,5777,4213,3648,4280,14152,14004,1599,407,8576,1236,2974,12888,10176,10215,10610,9601,13806,3572,3736
4283,207,15823,15004,9788,11529,6611,3830,8910,11062,3385,1901,9011,10756,10781,14825,15135,14140,1970,13058
2600,9459,6596,14717,11473,2410,16046,824,12084,6739,15909,804,1914,5598,15016,3176,3803,7850,8462,13048
11990,12168,15379,15161,9538,2196,10435,6138,14489,11463,11099,5163,1201,10107,14447,12936,13447,15799,451,2870
13087,70,2219,11349,11194,2625,12256,15427,9696,8871,13433,15019,11341,2730,14585,4776,5834,5564,11889,6443
13299,13886,15575,233,8879,761,10155,12356,3097,11997,15881,15249,13614,9588,11152,9853,14160,4961,14572,3689
13958,8556,5595,14392,11956,596,10404,4264,16373,10133,13689,11021,5186,10967,12781,2414,12266,5112,5723,3860
31,15403,8291,2176,14617,490,3735,10300,11147,12618,15052,188,2619,12353,12712,8537,1651,4654,6663,11443
556,11720,15639,15910,11125,5511,12800,3754,7811,6040,5982,1919,9977,6761,15613,4595,15039,13627,8561,16320
4279,13564,14696,13600,5759,5887,8284,11737,10995,5423,2403,11422,16101,11150,2555,4330,9533,5942,14104,12827
11240,10754,15259,2675,1903,553,1447,14013,8414,936,7213,6058,3351,11243,9396,13351,10656,14183,15132,6326
5410,2610,6011,3199,10911,8327,11000,14606,10437,14346,13652,12974,10811,4454,10891,7340,6569,8725,1890,9695
9436,13868,6909,7932,9132,5678,14833,2700,12867,10163,11276,15521,8469,16184,6369,3522,3112,16039,6762,3295
2530,5473,10266,11678,15857,9518,9548,4474,5611,4564,784,11543,969,8681,15414,9378,905,15586,14270,13109
8555,8037,5188,4834,8699,11222,10058,326,13327,40,15205,14488,11229,7909,11493,15404,15072,10536,9904,5818
13544,13445,2204,12897,6705,16211,5933,9250,10431,12630,10347,74,11974,8123,12814,5308,13127,4204,9998,3215
12299,1442,4492,10588,8671,592,11503,4741,5071,14352,15420,3583,8984,9481,4404,4210,7435,175,12089,9440
13007,13308,8301,11279,14529,10134,3646,350,1077,3337,15125,5199,13772,11309,7610,14643,7619,3038,14000,10597
6433,4160,13069,9961,13565,10162,6829,10349,13879,9578,8782,10220,10376,8724,10236,1944,6483,13770,13722,7938
16262,14018,461,14386,16142,15913,5959,14005,14976,16028,8912,4897,15878,12276,4350,9108,430,9088,2883,7928
16115,4140,13352,5932,6918,5373,1198,13556,12410,2023,3266,14816,1006,9486,10521,4879,15703,7562,12007,4233
157,3017,8312,2446,14965,14059,9682,5542,12474,13014,6474,5270,6634,11518,826,14638,9422,14800,822,13412
4134,2078,13584,8536,14608,4621,1572,3550,5509,13910,12701,4574,6866,10641,10342,7914,3224,10679,12613,14272
14356,6771,7425,12982,8617,7971,10790,50,2466,11795,8743,6004,14511,700,10426,15111,6343,2824,14930,4942
4093,902,7253,7934,9403,3328,9862,3563,2532,9183,1453,12221,2515,6632,3505,15979,3130,11754,8768,4209
8096,9891,7750,8165,8727,13708,9829,4418,14764,12992,5124,8298,10869,10232,1556,8543,13422,3026,16202,1913
7804,10928,11389,2439,14929,11395,2159,8334,1795,5445,6568,3732,7207,2695,14353,92,14368,9315,1019,584
8018,9781,10025,5275,12569,11849,5083,5312,12156,10888,13370,15567,9834,9082,8636,13470,9717,10946,14580,3203
12821,2162,15960,15146,14481,14565,5743,9349,5833,1238,2059,12520,12626,3717,2222,5134,8024,10307,1376,1683
13622,13674,13548,15242,12330,384,10151,2813,3138,1577,3098,10862,7485,2693,1228,151,9745,7193,13114,423
13709,15318,15776,9360,9389,13836,15137,9803,1620,14830,10543,5650,12113,14672,8432,9799,6494,12467,10768,7621
10387,5924,3688,8923,10409,10319,7169,4865,10422,8071,11477,10306,15231,9464,2437,6885,9223,10772,12666,15921
6809,3119,2435,12815,5832,12646,9814,13371,6260,6137,5775,9426,16317,8288,403,13282,7157,1779,12590,10320
5056,5644,14522,664,4368,5401,12411,11211,1504,13185,2921,14660,10576,12349,16122,2053,3338,14383,16313,6887
13557,5052,5557,14421,11322,12928,14431,12524,15053,16238,8070,15535,2997,9915,2130,14363,12271,11906,9419,14686
15907,3645,9607,7985,6565,2232,1448,12838,6910,11414,13951,15863,15810,13222,16257,12766,1064,10818,6929,3712
9910,4673,10848,10402,6227,13939,2948,14314,15398,9762,6557,11828,1288,11497,14881,11430,73,12607,12746,11777
2958,9352,5707,8343,10234,7737,16308,3436,16029,2137,14927,14637,2662,480,960,10671,1642,6023,640,2088
10761,8145,14966,12080,1489,4683,11045,8180,6273,10011,15631,12496,11485,6213,2604,3545,12648,8277,9047,15239
10174,12644,653,8152,5801,10697,549,16186,8417,4839,3429,5508,4360,1315,11044,9121,1046,2160,4358,1270
9792,2117,11459,14969,3988,13993,15451,3187,9536,2477,1290,15948,6275,5043,1882,4041,587,12697,2445,11562
4889,3804,9885,8927,13178,13942,9991,2984,1063,5709,5297,11530,13256,11192,14344,5793,5649,514,2090,3222
11617,2975,8733,565,13539,3042,150,13686,6591,16157,12882,14737,8166,11009,16117,6699,1279,10979,10832,15154
15162,411,9420,1503,11583,711,2502,13902,10886,4367,7158,12492,6330,10053,5006,15569,2550,835,1681,2300
6625,9836,3719,11909,14784,6646,3710,13798,4296,12332,7913,9761,646,9688,10512,16224,5531,11332,3475,1601
13130,7064,5127,7278,13763,2828,9077,16128,6984,2157,12109,3458,8552,7796,14094,3390,11915,11156,2788,856
14226,13151,15320,4308,15113,2197,2034,6570,2750,4345,15166,15685,15114,14434,3034,9324,16242,9617,11320,13027
236,4709,5510,9294,5868,10230,13773,5311,2519,1004,148,116,13589,332,15866,2282,13918,6351,10561,11138
10492,1847,6146,16041,12178,10868,134,11519,8258,114,5758,9661,6876,15450,13788,13954,13322,13464,68,15745
11850,13003,12619,3094,2020,12036,3270,3873,15845,10218,3174,4338,12237,7524,3167,6777,15212,16159,5338,3045
4846,13608,1051,11787,14391,11589,52,5180,12684,11618,11117,5763,5987,3904,15902,1488,16078,8828,11925,15949
7899,5172,11379,4069,6161,3521,16038,14161,8402,5032,11863,1120,5677,13341,4256,13585,15218,3484,14251,15806
10874,839,2332,8040,9742,14399,9604,13417,14781,2510,14989,13810,12798,5807,765,108,10328,1081,15950,4627
4519,10604,1770,7949,1388,15531,14470,1331,2576,2880,14449,4414,12703,13339,14626,1756,93,14168,2328,1737
9837,7028,3987,7056,9657,3001,15436,6613,15408,9237,3615,2900,10345,588,7941,13941,3503,2581,6141,1565
5244,11241,11186,5527,5577,5155,11439,11592,10250,14277,14091,5522,13219,15226,12653,16254,4324,4121,13070,5181
14440,8238,11055,15864,10813,9134,6155,9878,5430,209,9261,185,6986,1329,7574,1649,15380,9001,3818,2769
8553,7347,6039,15780,15144,1512,11510,3179,1716,6492,12379,11585,6969,13620,3936,5893,12777,5111,1387,5714
11932,9332,14679,3009,13609,11043,5761,10453,14247,12193,2775,8925,12191,10926,2552,15463,3036,8283,7654,2082
12470,16148,11112,4611,6223,14847,11604,2766,440,13693,13159,7390,11474,4868,3331,1722,6315,12538,3506,1472
6886,8848,5997,8607,6952,15551,589,14110,14831,8818,11651,8788,366,15794,6037,6535,4001,2571,7173,1103
14025,15630,4981,3878,8872,6249,8687,4859,16139,4973,4187,2962,13484,7080,7684,15083,1039,15760,15442,9882
9505,10286,15688,11369,10906,9190,138,7553,13136,1728,1499,11347,15693,10060,5575,2180,11103,11236,10681,10031
2237,2583,13280,12028,13529,2879,13267,15157,6894,3476,302,9838,12215,2763,14014,10544,10444,8911,11538,3450
4573,9560,5939,11636,6912,13870,6399,7924,16006,1744,16334,9469,2364,8156,9443,4586,11633,1992,12023,3757
6908,1886,3668,2930,13499,13103,1910,7591,6305,842,4459,1470,3950,10360,12877,7691,9034,10297,4354,328
13748,15911,10537,11823,3368,8292,6239,15849,15394,11053,12189,4198,1422,11857,13357,6985,13594,10089,7856,10879
10225,651,5216,13230,684,13423,8192,10196,16090,9618,285,11987,715,1598,5204,1021,2488,10115,2609,3962
641,11739,8967,7805,8261,3079,8852,1650,15314,1748,16285,4977,10975,2895,940,15922,2792,6285,3865,14538
14214,11817,15373,3206,11275,2255,3919,12898,10351,9644,3347,15058,4968,15054,5804,15717,12345,5500,6179,14863
15627,2083,10989,4340,6320,1998,999,1116,8952,9941,4427,7155,14586,3637,13889,6517,10333,13268,13189,13526
638,13720,10172,12401,14667,3200,1581,16017,2373,11959,12811,6875,15094,10503,1475,1118,4551,3286,2473,4855
2627,4963,3857,786,9779,14892,16296,15818,5538,10815,9842,14081,9846,2120,11847,1178,10290,10837,10535,12053
1727,8798,7838,14926,1636,15875,12954,5962,12280,7839,11813,11964,11237,12831,13105,2798,14526,8034,1535,1543
13439,12478,9127,4191,6642,10547,11464,14055,11284,4817,1490,5760,15738,10816,15264,4783,8036,4314,13384,14752
583,4361,11404,672,6759,8000,2734,7800,11730,13576,12881,10661,15671,1296,294,1969,15234,13732,16231,9308
13737,10487,15292,11924,10985,2408,6487,15674,1856,2301,10370,13097,1942,6036,6178,3381,7103,10111,10020,11065
3073,7473,9192,5872,9314,887,4243,13292,13756,14323,1750,3619,2857,12953,12372,7821,7618,2333,1721,1351
9084,3025,1852,14125,6257,9437,4737,2416,2350,8307,1868,8634,11343,15992,9199,12946,14038,2868,6027,13814
3561,9940,1210,13398,11729,2776,3396,5210,9634,10258,855,14558,9119,3903,11660,2764,6587,3671,13284,13749
1096,13645,14495,8864,10889,12517,9075,9736,4303,3758,10663,1951,3737,11923,650,11030,1940,7730,7923,12428
5241,1055,275,10318,13318,15099,4761,14067,11108,14164,1526,6084,10244,205,11499,16366,6339,10622,15786,9628
14301,11649,12359,15305,15790,13849,2054,478,6769,286,6643,888,11805,12285,12551,5710,12260,8996,8248,3117
4248,1667,2481,10902,14444,6190,14695,12911,6609,11887,1952,3460,12672,5088,12716,325,2823,4617,9805,2131
11199,469,11721,3943,1038,13590,15415,6489,2346,3863,6787,12819,13973,13119,11421,7108,5264,2735,2983,12047
7055,33,4442,12656,1359,4179,470,16066,5493,13795,4734,12183,11991,4197,4508,10727,8270,2270,11235,14410
2722,15274,14360,13061,3971,8051,7075,14040,15383,10685,1088,9256,13250,6185,5072,11252,15918,7890,9021,11364
513,4362,11132,10735,2801,11476,14231,9214,8433,752,2761,2469,14836,10753,11747,15290,13037,1946,4011,10098
15584,13148,15785,11804,16234,6382,8411,9592,10540,11566,16151,8085,1626,3989,10618,8514,14873,12147,5061,3373
11310,6818,11612,12512,3146,8876,15118,15731,13952,14615,16199,12773,12374,11870,11339,2459,6024,15469,6331,12488
5099,6017,15069,2731,9340,12038,3499,243,13960,14284,5321,14827,14332,10620,12119,3900,1888,7657,1302,10448
12829,8372,6072,6581,12154,2146,2017,2402,12933,8612,215,10158,12110,7559,12094,3481,9754,8547,11265,15540
16040,10341,8490,2114,11845,5389,1714,15322,9969,10786,7014,11895,1531,16351,754,3838,3143,7412,12031,7548
9148,10337,8521,2541,13410,4871,15711,13171,14750,6448,1773,613,11038,5191,3140,14050,15190,6373,1505,2592
2836,3879,2543,433,13421,5236,4281,623,14556,11209,2045,1466,2024,8850,6231,13375,13067,9598,2269,12555
3627,15495,10287,7933,12621,6722,15582,7667,3837,15357,14734,901,13183,7317,2602,14689,6982,6302,7251,9276
14521,4861,3874,7225,3578,9866,10565,8342,4109,1155,7758,15634,8509,14457,7495,16096,5156,3868,7015,1909
14420,2839,464,10108,10611,9114,13010,10439,3910,6640,9081,7596,9956,14373,1931,9382,7604,8665,13718,12186
11201,3090,13319,2741,572,5992,6615,14885,14499,6423,5415,2711,13743,11016,10014,10564,14292,2312,2150,15324
11988,15824,8621,288,8144,3359,7954,291,6892,608,10760,167,4849,2586,6802,2247,14414,11285,15062,15196
13453,532,9589,159,6130,15775,3674,14661,2542,1402,8378,6386,15646,617,4809,12239,11076,10723,1711,12859
11534,13418,11694,5831,9818,15677,14492,3128,4355,14089,6978,13888,3261,11446,16299,9570,2797,15735,12792,9086
356,3091,10454,15022,4165,2089,3765,14631,14684,6975,5262,7293,11846,2334,2527,10613,5878,301,14020,6172
10541,1905,16135,347,9434,499,13068,2104,2037,16084,996,12093,123,2355,9923,5268,12959,14810,5458,3653
13931,6783,1584,8985,1250,16367,14773,1759,2363,3534,3411,5406,8286,12065,5817,8107,16126,1733,6347,3260
14060,11878,9316,3319,13448,5545,599,14855,8803,14599,5621,7422,11719,670,13034,444,5672,14294,1911,11126
6463,690,14169,13988,5725,15574,8791,4999,8715,1309,11782,6511,15816,7018,13832,14730,590,7063,12203,14697
6228,13465,14640,11709,8813,2995,6658,6059,8966,5488,3188,3888,15629,15267,8902,2660,12685,3969,14093,11399
581,11586,4860,7598,10527,3983,8785,4118,10063,11579,13651,7247,4693,2465,15570,5950,12597,13812,11613,10910
4076,6782,10948,9483,15439,5435,11413,7119,12057,10628,1967,8256,2359,14379,9179,10373,16086,15637,1691,3133
15675,14936,7147,3239,1389,6514,10801,5319,2875,14814,2624,15819,12577,5366,3981,2319,4598,16150,14653,13244
8120,2724,4815,5448,15271,13277,13690,5223,3600,12182,14163,2195,2778,13145,14476,1708,7639,10530,9055,9193
13438,14729,180,12384,15496,15533,5335,1052,6789,4477,8575,6773,6853,2245,13762,13177,13488,16318,10237,4810
5946,12067,8916,16161,7030,15418,12932,16185,1573,1135,12205,4957,11645,2846,1254,9301,1495,10411,12556,15362
867,8949,13970,5632,7529,6007,9025,11901,13482,1324,13845,10692,3307,6414,5151,2422,15800,2946,14468,2755
7222,2533,4083,9016,12039,7003,1805,14642,12201,2407,12938,13077,10217,8160,1606,4370,12422,4738,5858,9852
4393,7785,7814,15368,80,8440,8780,13174,1158,1458,6811,3035,6538,4935,9490,2563,9401,2901,432,13477
14052,9079,4186,15821,4534,14230,15851,5718,15335,2917,61,13440,11223,4650,2509,2782,7132,5028,11753,6446
6290,2418,1698,11513,11606,10939,15021,11002,1974,3039,10508,15935,13266,13603,6808,1328,6297,3707,16116,3275
6690,8701,5726,7828,9642,4039,3929,6855,13610,46,3595,1871,10428,14724,10046,9377,942,11764,99,11111
1216,6922,5819,9429,11792,12157,8987,16016,5144,11292,13128,2843,7918,7298,237,4158,1187,12832,11095,14666
14569,705,7442,8565,5305,5899,7528,11801,13485,550,7712,8043,10822,1215,2102,11783,14033,4517,11603,6111
3238,7198,13162,14942,2570,12971,15969,11756,7377,11151,2476,1821,7232,12603,16067,8467,355,13741,5515,8306
2540,2352,6465,15045,1628,5517,15165,7350,4826,12150,16063,4557,1793,1468,7042,5208,1845,4472,15208,10741
6294,9732,3433,11930,16349,3059,2727,6925,2199,8752,6820,8219,15507,12752,14925,4894,2854,11546,3823,13063
5300,1997,9778,14968,3651,7291,14630,8249,2553,4812,2216,12847,1372,10799,3277,14659,12813,12763,5944,12841
9608,3591,12694,5907,7931,6595,3352,7084,3175,9957,8693,6180,8410,8898,11313,11079,4003,13038,12825,26
15666,8204,6241,14858,13872,1930,5077,11732,14233,4468,14739,15905,6057,2384,7599,14914,12906,11239,13838,9347
1864,16233,15307,13957,12424,13224,707,11342,7309,13966,11693,1591,4316,1229,11692,1828,7409,14158,15486,9071
7873,14155,15524,5367,14842,12924,12362,12420,10651,606,1807,15352,9110,1255,4273,6406,14824,7099,3792,5766
13213,15807,15059,15728,4495,2820,4665,6441,15445,12785,9187,10116,9611,12771,10583,10079,4805,15724,4379,2060
1896,14961,4453,614,16275,12097,16319,5593,2164,1563,4312,9204,9898,2163,16226,12970,8641,156,8981,11873
8728,13084,15651,2434,756,5334,13401,16220,2074,11461,5212,10210,15801,13403,15130,7365,9032,10621,1603,4774
13519,12724,4448,14921,9091,6868,11545,12077,12231,13948,12054,13728,8215,7414,13092,12135,14779,7725,8351,4780
15691,4820,13506,5680,13893,11087,3843,14114,3282,1689,9944,1174,5238,8817,7898,12560,1634,13994,5738,16360
8350,194,7341,11688,5090,726,14340,13157,495,14738,11301,2005,9239,12162,11019,13663,13847,1622,3508,11408
15832,7104,6095,14668,6096,7467,12876,6539,10084,15258,12158,6995,11742,4833,13184,9305,15687,3075,5267,11218
7581,16051,11316,10357,11824,3876,11977,12615,9520,13903,5344,14518,7264,14430,12095,7033,13826,8296,9072,4924
3548,643,13211,12918,9495,13044,4133,8025,14402,15482,5457,4371,12283,14721,11827,8057,1452,471,5625,4407
3190,2987,13907,2953,11984,13480,5626,12487,8998,699,10823,9325,12639,2861,1884,3849,9141,14575,6760,6738
3324,5486,12571,11296,2954,1249,11677,7007,113,1140,3531,11359,15503,14726,6601,13976,1275,6898,9982,16260
1276,14594,8356,13182,16337,12649,3149,14984,12915,6881,15547,12413,2622,15571,1089,7504,15522,2468,9346,4629
954,1111,6033,15784,6188,4770,6710,14765,5076,9933,4252,11818,13138,12137,9322,11897,15047,7747,8329,13476
7841,13799,10734,3980,1926,16173,12435,8105,16195,16357,10838,14406,12565,14109,10960,11728,944,2320,2405,11734
4896,14841,273,9932,1432,14874,9019,3124,931,2041,7517,16229,4561,6649,4410,10568,11627,15042,6430,15783
10085,16352,12803,9051,6335,11159,13002,5228,11405,13829,3011,2508,15407,10399,2025,5985,13460,8676,9678,15091
7586,14321,14359,15690,12105,11318,1593,9424,9828,5787,507,12307,3461,3676,14578,1341,9783,9118,4059,10711
3635,14657,1069,125,11938,2202,1684,11892,15014,4339,7739,3923,5177,2,14546,2189,9925,11180,7915,15876
15831,1656,11611,13293,1551,11858,8186,10145,10358,362,1701,16239,12284,1498,5945,16037,751,9178,13131,3523
4389,14162,2673,12447,15309,11879,7726,12889,11707,13394,11698,9144,14210,13890,10901,2694,899,13521,14173,10311
10026,8174,8793,2751,982,4708,6593,2892,3249,2071,13959,2377,3995,6455,13604,12213,6716,3629,7353,5280
6983,6928,12537,8184,4246,8,854,13237,14504,14613,5660,13108,15683,4713,5316,5149,3244,14865,7065,6572
15803,5563,16253,10962,8943,1755,12160,1240,2595,989,8851,13552,6202,13962,6579,13104,8332,3967,1960,1738
3959,1682,6013,10904,8257,14215,15543,10690,7046,287,11154,15559,12747,11916,2298,15904,15268,3369,4065,13670
14971,9808,2485,3533,925,4866,14401,9499,13553,2144,14958,4939,8742,7786,15702,9041,3721,15699,943,9450
10773,4609,9062,2618,817,3724,12509,9984,6452,13096,9158,15000,5547,6805,14804,13626,7110,7858,2296,4943
6301,8500,956,15966,9009,11767,4122,8515,7819,3986,3377,9821,2449,7060,6066,14451,7929,3349,10336,2918
1244,12535,4439,4183,13239,10631,14981,10863,8247,10598,14455,10668,9189,6341,11727,11717,8858,13769,1854,13823
4873,2812,1850,5189,10114,15256,147,14132,2461,8900,6573,10012,13343,155,793,11564,9757,13724,14148,15556
4923,14065,16354,639,8569,1818,2511,12087,14063,9680,5702,13715,6333,5620,282,16273,5876,5159,1768,12533
6647,1592,7160,6364,7885,2949,848,7273,6966,1976,3812,14710,15277,11594,11569,16110,14683,3498,15051,2438
14757,8919,10175,10587,3254,8518,2170,7148,8887,12568,1451,336,15998,11329,972,15976,14519,5731,107,1068
12529,2224,9259,3311,11807,5869,15179,5352,11994,5848,15983,1054,4625,16294,5957,9078,12004,4126,10570,6270
941,16190,6987,13383,7295,5443,4130,15168,3428,3063,12448,12585,10433,8376,11797,12322,15214,2525,5086,4755
386,4225,15753,6127,10924,12939,12713,6583,16380,8772,6001,7125,3539,1109,4620,7307,2606,6680,7513,11793
15829,12638,13289,836,15465,15901,10553,11453,5751,12518,16099,12658,7916,13089,7367,7659,10227,15336,224,15739
1949,1823,7,1311,3497,6243,16071,15284,3366,11702,2484,13008,13969,7754,2802,264,964,785,6670,6287
5519,10361,14225,9106,3922,2898,14733,4458,1251,12682,14571,15409,4706,1241,30,11234,10670,9166,9161,11033
8019,8314,11831,6726,7010,12312,15100,4736,12544,1841,10366,7968,16204,2036,16049,10371,10660,3918,9156,15964
5178,6751,913,1394,2621,6844,3772,2500,5049,15378,5543,5934,3051,6911,7359,9131,11944,9433,551,14700
7999,3891,2338,10907,13987,6085,14819,13596,9395,6207,3207,3609,14032,11809,3137,11542,8370,7525,7456,6888
7615,13891,11954,3078,14022,2770,3848,6664,12923,2890,15729,3262,8405,15757,6679,15655,10416,15624,14570,323
12348,3418,13503,10740,11479,12128,4548,4892,7864,10806,7789,3083,13187,2412,4525,5003,12317,1654,3066,14628
2994,10607,10767,12144,15925,15109,10171,12869,11995,6240,5550,1154,7164,11536,2401,69,4262,2629,15481,13671
3789,9929,10582,12253,10520,12849,2833,7614,3416,5721,15128,8416,15915,3467,12277,15808,16270,6102,15101,8474
15715,15662,12883,15552,8877,13498,13511,16102,6689,109,713,16004,6255,1104,1053,253,1843,11271,3500,15359
14191,4239,8668,5000,4491,8017,9624,14454,1518,2837,10074,278,15842,5417,5143,15167,15317,15142,10257,1102
11184,13679,4571,2183,11750,6753,16019,16310,6533,14822,13919,91,5454,609,1487,15769,12570,3625,14808,1160
2027,11348,4051,1153,6068,8747,218,11551,13483,2356,13261,12674,8140,15975,15279,2388,10460,3022,1764,6436
15011,5604,14503,14780,2075,6750,13623,12769,2260,14760,602,15663,14102,9990,16054,12489,9892,9310,15555,3336
12416,6857,10730,11540,15438,43,3634,11539,13102,1336,2220,3160,5990,14375,520,10261,1815,14306,13824,9886
9029,14345,16178,5266,15124,5263,199,12187,3177,5966,14409,16187,14895,8959,5162,142,10808,11167,283,798
12963,1617,3742,15085,14184,13369,13362,9089,15186,12129,2672,14943,7527,187,1093,6077,3493,12700,15499,3139
3614,8713,5103,2608,4028,8471,7736,4409,6677,10420,15222,16287,1189,10650,10277,4913,9609,14783,5685,7566
3480,10577,6947,7343,3739,3841,3770,13778,5497,7745,7123,193,12002,10846,13301,12576,3184,10469,465,6291
10824,2065,15873,6002,555,9264,4014,6205,13635,2518,6272,6438,697,12016,1736,1947,13714,12572,5295,9791
16327,10896,12490,3990,4910,10489,11770,14903,9342,10309,8750,3214,13926,13326,15199,2044,10264,6815,15081,15605
16219,16335,15350,11291,4853,13854,10897,14248,2569,10828,8649,11416,9802,12981,11768,13449,4332,8512,9217,10252
15311,5826,3274,11260,9061,8571,14587,6788,14745,13294,15443,16154,3616,13631,15493,6608,3512,13999,11696,8114
9473,563,12909,7133,11851,13243,66,14395,11511,14670,14216,3297,12391,6764,1816,10292,16251,13729,14325,6518
13334,1390,4657,1471,6192,13901,3808,6960,4366,11145,6032,4723,7925,637,15606,2773,980,1281,16007,5977
4639,1330,5279,4357,14948,2728,3966,7793,8300,1395,16009,7355,6307,1362,12455,12497,12096,14602,8119,6810
12060,2561,1652,3612,4087,2969,15210,14051,809,8645,6715,12901,2617,2052,7563,3067,9704,14281,11648,16034
9641,1877,1900,13834,7281,6992,1835,9162,7613,4852,12955,7784,15217,2887,13882,3760,4643,8572,14706,8362
6863,13974,15296,3663,10150,1725,15654,7782,15596,2454,13167,11794,9379,15898,15548,3182,3048,13115,6852,15344
6053,12304,3205,14957,10882,11676,11544,14415,13706,15188,6512,5699,13133,10467,2605,12549,10724,6420,5973,763
9689,7005,14857,482,12125,14416,1350,14365,65,2758,8717,11975,2276,8935,15609,10173,9272,5667,7531,8626
1638,14799,11908,8445,15896,13017,8320,3718,16198,9049,2692,4791,2848,16188,7426,6970,377,14908,11190,13925
4104,7175,13015,14460,8652,1310,44,10636,13943,12749,9457,14370,12894,3605,2972,13494,9463,4719,9667,12541
1633,13639,8384,3796,11929,11375,14218,2342,10755,2031,12910,3916,13143,9927,11796,8528,9594,13331,10507,11078
4794,7069,3798,10900,1615,3246,4016,16279,9155,16155,15009,9073,9405,14933,3030,12740,12472,14318,3515,11303
5147,387,13228,12453,4895,12951,13253,10739,15743,1124,9615,14453,8908,15502,15367,3256,13118,5288,8385,1175
12593,15477,13349,14939,6624,750,8227,13840,71,7449,14703,12727,8492,12198,1097,11811,12387,12321,8202,1812
11663,2058,1906,14999,4275,10626,15626,11051,6856,9748,1938,11157,15518,3332,14502,15423,14170,6140,10125,6687
7780,106,9413,15084,1857,16105,8201,9383,11862,1217,8285,4490,4178,8151,14544,13713,11619,11599,1897,7415
13532,16147,13513,2990,418,4974,11674,14795,12263,7089,14743,5645,13500,15673,8948,8363,5437,8103,4796,13110
14469,13198,3325,13076,11278,12355,9350,9384,719,9576,15650,9116,6269,10096,16062,2506,13041,5780,13125,13667
1630,2099,7962,6328,9766,14605,9807,7068,866,5220,9386,5414,4798,5778,8997,12875,607,11951,6530,4503
7577,7902,13592,4880,4578,13419,7337,5413,3652,9442,9531,13898,11735,8926,7230,12695,6711,9996,15894,1441
3606,15466,1743,14128,6477,11047,1939,12462,12935,8409,9784,13248,4009,4987,12917,12471,3371,15903,248,7903
3198,6208,5675,6681,7994,3748,6235,14705,12835,9917,14085,13656,10027,4784,6076,9218,3452,2478,6268,895
10708,721,13616,1677,6415,15838,15718,7905,619,11134,12104,6563,3086,12133,12892,2635,79,11907,13677,8763
14257,2200,4864,12622,16281,5489,4549,12994,6183,9284,13466,7039,11153,570,11306,1209,1631,5026,2714,10321
195,12296,8650,7120,3032,146,4514,12196,12696,9186,15243,10497,12948,14785,4608,3087,446,5315,6263,8753
3471,7408,8805,1994,10312,16210,2067,14610,7088,16112,7597,13927,4475,15105,13455,11888,15597,7891,5978,15224
498,14221,13915,9546,13923,382,12978,13785,15148,10126,12914,11654,13365,605,8677,2056,3263,14669,9981,12677
15033,13688,8551,15261,1386,5603,10688,7652,10603,5240,15476,9584,11054,6879,773,2181,4488,11011,5281,15478
921,7011,10221,8878,5078,14589,7274,9238,14675,11615,4602,15951,441,15248,14245,9797,978,15732,2980,10648
4936,2171,15870,12592,11400,542,7986,15449,14517,4921,3106,5935,4293,12907,13408,4015,3963,9543,13071,16355
8031,10836,13945,8604,11896,5375,1025,2033,7211,11164,13695,1439,15978,2358,8703,10343,9648,3165,6636,2277
14619,11910,4649,8436,13425,4579,13396,1895,9530,10940,9632,9015,12975,12326,11118,5536,3312,16325,6182,8884
15885,9826,16258,6447,2856,15485,2015,7399,9407,15426,14442,12680,13030,2280,394,12131,1991,6694,16330,10147
5475,3147,2080,515,13279,16252,2725,823,14288,2096,9017,7708,3104,5481,13758,1717,10964,4702,4765,6388
2564,11726,14472,3716,9907,3424,10326,15007,11335,3682,8762,14716,7275,16032,981,1915,1751,8664,12181,3953
14149,14561,1983,1426,15030,4235,7279,1126,13636,14530,6662,8038,2274,13255,8371,2480,9864,5113,13252,161
14639,6797,16201,3897,14649,7773,3387,15914,5368,12451,7584,12068,6834,12315,1771,12446,14616,13160,8524,1268
4758,1943,932,1132,11848,838,10619,5197,13047,11999,9470,11821,9364,5102,508,1822,746,1547,7722,7997
388,12764,5122,2425,10123,12900,8121,5768,9580,3833,12441,7788,7427,15348,522,14333,10446,183,14467,10240
15028,15981,6510,2664,3386,14883,8383,2760,1168,12673,10088,13950,9385,1399,6035,14980,363,16068,15956,15512
13659,2795,14092,3004,3375,5303,3908,5762,13450,7272,11506,11946,10699,310,3942,7740,6210,12338,8968,15003
10075,14813,737,1087,16012,9811,16181,2796,15082,14053,1206,5851,15251,6234,10193,1100,4105,9235,359,8377
14674,10091,4680,8476,15006,5182,10646,6280,10195,13864,6407,3445,2039,2022,6497,6524,9007,9626,7894,5690
5908,5429,14061,4302,14015,4229,14097,15015,1222,12804,4539,6540,13543,11658,4547,9958,12760,13139,4511,7585
1621,2343,7595,11905,6654,8191,16191,14151,15706,4827,9514,15197,12475,1829,6226,7991,10827,12279,6610,10999
15122,14024,1605,12041,13530,9851,9040,3191,14945,13427,3667,2908,7370,9899,12166,971,1625,10315,7087,16193
5884,16358,15653,7490,13913,13306,4767,2851,14650,6505,2986,4681,7384,14622,4174,15862,9348,15397,5963,13283
6043,5695,12037,8584,13972,8958,1485,15361,8589,1034,11679,13156,3186,14064,1785,2584,3631,55,5692,15068
10509,1486,8866,4465,7795,12458,6329,420,15787,1234,5870,9375,5232,11652,678,3893,4640,2447,2331,1195
6073,5588,324,319,7047,13496,3136,5426,63,10968,15297,13744,7455,2596,15152,10066,6396,15900,14509,13113
7431,4782,131,8169,492,2678,4603,4971,7649,10774,4797,4052,15400,13407,4793,12485,9167,12170,14950,1866
4884,3330,3483,3169,8441,4217,14812,15066,14725,14987,10624,13146,6103,6586,13039,1092,307,15079,7387,957
12243,8252,6703,13765,4043,5700,94,2799,3935,11354,6124,4848,10666,11143,8505,7922,7086,15390,9,7829
8690,4518,5741,13940,8080,3854,15860,11324,814,15652,1036,1596,10265,3620,6267,7544,3937,11695,12625,8913
10383,2687,10496,2697,13000,6422,8734,8820,1433,14837,9258,5054,518,4775,7665,11139,12333,13060,15727,1546
10720,14723,1595,3749,16309,6605,13784,16077,15892,472,3783,3164,2050,12851,4331,7066,15747,13364,14711,920
3462,7029,13908,5449,11834,12788,5915,14915,11608,11101,8516,5829,6785,10262,9173,14704,2528,10845,3530,8563
208,14563,13083,2809,14311,15155,6723,7126,12012,15293,417,13137,13675,9755,6135,13429,15984,10380,10722,881
12076,5439,554,16015,122,13971,1265,3824,2228,9949,1128,8758,8465,6031,11757,2124,380,2399,7303,12728
8400,5688,15779,2718,15321,991,14016,12092,8225,12753,10048,14242,7250,16088,2302,2132,13492,1848,12998,9159
7757,15421,9328,1669,3960,10683,1754,535,4284,5001,8936,8455,4619,12010,7644,4728,11295,13800,15527,4985
15120,5137,9236,8705,13599,6961,6617,14991,1562,1981,14736,11433,12029,3223,1618,12246,3538,5553,4792,4466
8108,10122,10881,10550,15018,4641,3007,1560,12698,3713,3890,2594,6261,15241,6688,16230,13900,3965,6725,7070
15401,2667,7987,16104,5555,11259,703,3851,12640,3610,13912,200,13850,14545,6403,1177,1760,1481,5345,5246
10872,10285,13099,14890,6498,11168,14735,12290,3202,10382,11144,13320,13005,6120,1015,7521,12252,3809,14181,1080
12011,11039,9107,9096,6218,7580,5096,10388,6316,4950,5256,15056,11210,8581,7927,1463,2937,6221,8714,3766
3084,15310,4980,4142,7852,7433,1183,14977,4027,2230,5020,8667,7259,12364,6532,13501,2585,10008,12450,16
16372,1032,16123,14258,4057,9765,15710,7451,4075,3283,5551,9417,10083,1921,5462,13678,11826,10168,9216,10596
143,8046,604,14709,15247,10103,10930,10049,14156,4170,11629,2489,4563,4600,5146,6187,37,14797,12919,1346
12655,13303,1521,8470,5998,13844,11102,586,13707,939,559,965,1219,5405,247,4106,9911,1757,8217,14774
13335,10363,10867,7874,9595,16216,543,1614,12227,9165,6081,12400,6298,5534,15682,7656,11489,1797,9074,15679
13869,5559,14159,392,3367,7071,8934,1541,8159,2733,6405,11386,214,15472,11393,4029,759,9796,6154,876
7768,9207,8865,9243,281,4599,2250,8269,673,9552,783,3856,13624,597,12000,3432,11049,7779,4623,15830
12459,9326,15301,10865,13647,14212,13541,5609,10585,13325,12013,9153,3554,2081,2161,629,1090,4085,7358,3281
11289,11526,231,15754,9597,15931,6358,4114,2226,9171,15793,12601,12331,7254,9516,9181,7331,12352,62,2217
689,725,10554,5139,14011,15270,5169,5605,9962,10500,11256,13042,595,11781,235,15529,2382,8087,4898,10280
14295,14973,15232,10135,13892,3746,14361,8434,4544,2166,15766,15804,3694,12046,5655,3720,15599,8388,6018,3159
2746,5986,12161,10461,13633,10608,6637,1266,3906,15560,11220,13329,13050,12418,4263,4772,12241,645,96,7853
8618,8267,6778,8718,13711,9720,5320,6851,10359,1819,5855,14771,6168,9639,904,7760,8944,3787,7711,13771
13181,7643,3197,13259,7589,8822,7266,8784,13428,6836,12786,10137,9057,4642,2210,2281,8154,14876,7057,5451
14478,669,15667,6763,4647,13434,1510,11371,509,2115,4869,11948,14252,14045,6644,4298,15041,1364,16082,13353
12972,1664,5736,3695,9140,9231,2353,4637,378,15027,13507,10459,10925,13776,11505,12956,13446,11257,569,12776
13192,11449,7637,4199,12699,14179,2455,36,491,4100,5474,8562,11226,5029,14901,674,3344,8236,8323,7770
12461,3442,8846,875,7115,10112,16311,3813,9919,7393,15872,7263,7182,12584,12927,15093,15610,6078,625,7787
4173,13462,8586,4446,3170,15074,8770,7930,15906,1380,10002,14687,2634,12690,13199,3884,5676,6199,14074,10793
949,15262,15933,3670,3284,14524,12662,6296,9333,12008,416,12255,4504,15912,1574,15285,4422,11249,12609,14316
1059,15660,7996,12278,10691,4838,284,15444,15534,4687,12194,13760,14905,3064,8418,743,14490,5774,7348,6100
9428,12289,7674,16284,3596,1826,13295,12663,8666,3921,12219,1767,2341,15583,9699,5546,15088,4163,14034,6304
1211,4997,14142,3872,2086,9759,4878,13123,3389,14713,9335,12960,6070,8659,5286,11115,868,8723,346,174
912,2259,6128,9066,7699,879,10293,13876,135,5712,4614,7439,6106,1912,5243,15308,2935,10982,14474,8234
6439,13393,15432,8501,16026,7475,6026,8100,2138,16375,14843,15116,10779,14121,7440,1408,13573,1308,16297,16043
8491,990,3285,10054,5119,7959,477,5537,2167,5207,2910,16316,5791,3201,10488,2283,15917,2940,13019,1968
4731,13458,1594,5009,7543,6660,12645,10480,4669,6248,13894,9266,15440,14828,11212,10259,6129,13330,2981,3840
12691,2872,11749,4485,9875,14579,5008,8289,3492,6833,8084,15590,4311,48,6858,3617,12309,4496,9986,8986
6543,7013,15464,11415,12964,8698,14154,14227,6798,2535,1248,13337,4127,3173,12669,3834,3560,1121,2744,3525
14685,15619,10119,15002,7741,13348,10797,7742,12605,12248,4419,15761,536,9753,2993,9496,5432,6321,2933,12558
5249,11498,12126,13694,10662,9822,14185,15828,6069,6683,14271,5875,11689,14261,505,13981,4569,2783,2897,12218
8325,4401,16020,3127,4129,13669,5040,15173,13979,9587,13625,6087,15749,4341,11120,8895,3391,3683,9253,14486
5716,4915,11661,483,203,11640,1101,12337,7328,9517,6598,7045,15416,5069,3603,8602,4143,9556,6048,15460
14993,8915,11507,5332,9370,5687,7877,3161,5739,9670,7735,10057,6846,3407,1465,11193,1002,658,1262,12678
13414,10855,14246,8962,4113,6704,6793,8729,8737,9353,13588,15385,14548,8999,849,2264,11258,11340,7882,13399
4553,12858,13953,5788,4068,12845,6375,15988,305,15695,12143,776,10563,5322,3455,16243,14656,14384,11175,9574
4727,12486,13435,8832,9586,6648,15252,3350,389,9339,7709,2736,4147,266,8357,8535,15943,12988,8914,7106
7197,8179,12195,1528,4289,7746,1113,2127,14508,7702,5668,5499,5033,13528,9268,4259,8800,6385,14614,10445
11109,14354,9767,7738,14166,16289,9871,15492,6400,4447,816,2544,3944,8279,4520,11238,5652,162,6806,5022
885,5825,10798,1393,6907,3208,14658,8577,15625,16276,10523,12855,6933,6869,2292,7153,2589,15333,1552,14073
8355,7107,11456,8558,3308,14681,16206,4398,6080,14197,13751,8052,172,3268,8067,6971,4101,9168,12676,966
7907,2475,5795,10070,13522,14693,223,13855,126,7516,15471,12735,7206,5254,14651,10238,9545,13768,241,7494
14758,1694,15578,4157,2597,4962,4452,7969,13742,8928,7443,11353,13056,9036,1881,10472,16274,6170,15331,7967
12614,15294,5082,8287,930,11383,13355,395,2134,7338,3820,168,865,15097,3909,14437,6675,3298,7671,2942
3024,4607,14861,16244,10575,12715,8157,10485,12429,4457,2464,2324,1200,11701,13471,11228,3826,11368,16140,9515
7383,4558,14108,6657,3015,12357,7533,4089,2307,475,3326,10052,11978,2051,4636,14466,8208,15895,11610,7154
11122,1806,12809,474,16302,10092,2713,860,12519,9380,869,772,439,15411,11573,3269,9725,11356,12360,98
14362,12242,14428,14003,12048,16324,12232,620,4972,7267,12172,14848,9970,14071,12547,1966,7797,2719,11941,1145
14609,15295,11771,1146,15036,10016,5141,11010,14072,1133,10007,5047,10994,3080,8394,10850,3665,3574,6236,15207
3662,3594,4718,9804,11833,2103,15669,9233,2603,4062,16022,1549,15289,6553,6597,15549,14644,10810,3099,3346
2430,15182,8901,15278,16246,14282,9771,12098,6635,12643,3230,4844,13619,2028,15338,15511,4372,7904,9521,9212
14378,9665,5921,10146,8819,13315,13612,3940,14786,3624,4138,2971,3647,13241,12705,6904,1769,10209,15456,12139
3684,15516,13091,14802,16072,11642,8642,15433,1307,13648,5101,8614,7590,2860,12261,4739,15848,3566,11957,6256
14235,16137,6044,8319,6309,16018,11023,8955,13361,9170,9454,8769,12498,15852,10378,10003,12238,12295,12406,9640
11442,3690,15313,9557,2003,15602,88,7727,11302,8824,15628,15183,8118,3114,4933,6310,10943,504,8047,2365
6767,14456,2417,2242,2457,5412,3507,13229,13064,4655,3180,9022,2779,8008,2669,6692,1964,13634,11017,5167
9867,11013,4317,6488,11861,4948,6988,12320,7329,1891,133,10686,1500,14778,9854,14293,13933,10462,7114,16343
7212,14236,14593,1666,14788,6534,15834,10338,8001,6353,2395,11816,915,15788,419,2611,4013,9769,720,3807
14523,9787,15479,8651,10632,7627,2002,9820,4554,15046,9676,11177,5746,767,246,13203,6445,4876,10572,13209
562,9896,8903,8777,6826,3882,6502,8638,13260,4716,11314,9488,2492,13452,374,10417,8086,2450,4533,3913
2262,7097,9747,12521,5744,10581,9439,2389,15055,12226,12465,13235,12934,12801,10974,2577,14127,10335,2927,14782
9415,3791,6055,14541,8647,6607,1382,13029,7920,11012,321,9659,13755,14590,14766,8971,9558,121,3582,10647
15932,11745,14107,15150,8601,1020,7215,14307,12968,12942,4577,9773,14624,442,12062,6676,15598,8843,12019,9859
4698,2696,5291,10389,1776,9955,3482,15303,15393,15075,671,7576,15719,2514,144,7917,5587,4953,14308,15269
29,10578,9619,11032,9136,10392,11385,13791,8513,4421,5064,10747,12757,2257,15561,8484,1473,12258,10980,9954
11478,9090,6732,6702,15927,1643,5904,16065,11950,7963,6870,8511,15822,12868,4038,12404,1749,12469,6576,1922
1548,6926,2573,10281,15955,4356,13436,15771,6277,404,5326,4168,2165,3869,1957,13340,11829,15576,1570,15648
4900,10677,8947,9840,14931,5954,1873,874,14611,8209,5993,12292,422,453,16165,9959,10551,15714,10629,16361
677,13302,13538,5302,8176,10164,15323,13550,11607,15459,5098,8076,11336,10984,5404,4467,13602,8243,10199,5108
5398,14665,12395,3441,2012,9649,1720,4837,9780,1523,10883,15968,2677,6471,687,6945,561,3316,2654,15245
5196,2248,8266,1065,12240,7228,13531,702,16134,3449,12532,9320,1218,544,11423,6890,3767,10447,8611,15506
15160,2702,11367,2261,7660,16336,13207,3469,16120,1862,14001,7859,5814,4313,8921,634,2966,14355,5378,5579
8849,13032,16097,220,4046,16295,12573,1150,7146,11420,15614,11798,4413,8122,10606,5628,15315,7611,2639,3227
15089,6850,3363,3590,7192,830,3939,4226,15228,11431,933,4376,3494,8873,12702,4428,13286,9302,4816,7540
7555,14740,571,8131,5754,12620,7818,4965,14465,6719,7139,1152,16339,9195,5638,15108,9823,9810,85,14770
4497,8321,83,6394,1567,15752,8692,4220,1114,11555,7373,11110,9100,7677,9566,173,14974,15835,8631,8039
3741,3196,12770,9701,4500,13223,14988,8904,8049,9544,15382,3601,2873,16379,4402,10132,376,4789,14507,7191
10695,1392,4742,7020,8825,6867,501,6191,13443,4080,8771,8188,12055,3116,3126,8354,1507,12121,12834,6862
12710,15138,11825,5214,6848,13168,13738,4218,14904,11981,775,5530,5336,11173,16278,14357,13310,7143,7955,8090
10393,7764,12629,4585,13839,8313,179,13093,8274,2293,2842,12111,11060,15483,9309,11014,4131,10684,12254,9775
5922,10522,4526,1184,15990,4748,14749,3364,10099,12015,8686,13658,5843,6252,3404,13862,935,7488,13668,10777
15001,10167,3231,13817,13591,8504,5104,1658,32,686,2148,1516,15192,12789,5230,4318,7744,7165,2116,5310
12073,358,9705,5885,12925,9777,1107,4135,16045,15327,9988,3306,14411,8373,12027,5809,11419,12912,81,12138
15461,11438,14255,12407,7378,6195,6327,14008,3061,3151,13194,14342,10918,2175,5153,9698,9870,1699,16371,7775
14846,14715,6116,7372,5115,7480,14200,11998,149,5871,10414,2816,14888,833,6254,15202,9123,1428,8404,254
15770,11691,4906,4436,9980,10887,603,7575,2858,9965,57,9535,12717,3406,14896,15513,6074,4240,11088,4507
3952,8143,4300,3726,4661,8989,8826,3518,13997,8773,11952,2072,7980,7059,14702,11130,1125,13432,8721,8271
7897,618,16144,14250,988,13140,6041,11424,12443,919,6112,10877,8078,8125,14419,13344,16362,10086,16109,9606
3529,14983,10534,6545,10532,10732,12848,10743,3398,10463,11965,7385,13727,437,11600,15995,1136,13579,11976,13989
12874,9498,15065,2462,6915,1122,6942,11161,12808,11457,10120,15139,2772,8619,1963,9731,2043,15617,4550,14144
3322,5837,877,928,5512,10785,4128,5808,12185,2047,10275,10272,16222,558,5797,5354,7100,4567,14213,1377
12633,13475,13696,7868,12491,49,9060,12726,2396,10374,1232,3487,12922,1000,16365,4538,8241,13665,9229,51
5190,1167,15661,9274,6706,6289,15781,15050,16174,7083,13272,15429,13420,11286,1990,1713,11467,1899,4555,8367
13730,3556,9432,2486,3415,12878,1436,4699,11067,8134,9824,12904,4513,9201,9208,8452,15643,15326,1973,10436
12774,72,3434,15970,15980,2717,2376,1637,4230,8579,7620,12430,4749,15668,15372,3068,5836,14953,6250,5585
11394,330,6813,14329,3733,8361,13660,11221,5393,924,7803,10796,560,13150,6366,8633,7801,13746,13437,8177
15541,10242,1982,9196,9480,2354,8022,7190,15871,7900,14636,15300,10267,2705,8074,6807,8148,832,13095,10634
3056,1918,15874,3740,6459,15869,5131,4335,2633,141,6232,4829,4512,3577,1205,1479,1539,693,12692,8146
15134,10452,14254,15240,14202,15376,6816,14446,11955,1975,3892,8931,14483,13020,6901,4778,4449,8335,3370,2831
15962,5396,6332,6804,3867,648,14902,15539,11587,13052,1514,8424,8595,10769,5165,5599,11894,1421,5773,13491
13797,1312,760,6946,14732,14531,739,7242,15364,6139,9746,7342,12439,8273,13107,12681,7689,12376,1566,14910
8529,5379,14690,7772,1214,7314,2934,435,10947,9798,8857,4004,886,15632,5372,6696,13779,511,1299,6536
546,2704,7258,375,13395,12268,12921,10921,4498,8012,11789,1579,15726,15474,5953,730,13598,2147,5863,12863
14551,14534,6198,6461,13392,12870,9008,13861,1094,962,7219,458,13781,12308,8885,7806,468,14886,7226,2849
9993,10649,6173,4328,8980,11639,6628,1784,2347,14283,11806,679,12816,11500,3780,11031,8305,10701,8077,6691
547,10757,3702,6409,10128,10744,8263,5385,6674,8653,206,5619,8972,13632,15020,7846,2826,8365,14838,12425
10996,6558,16176,8214,1169,7159,16052,7037,3435,6860,6821,14078,6758,14263,11311,3109,5873,11333,11743,15399
6152,7229,2112,5053,5142,2767,16267,13346,4777,3751,8685,5901,6840,9251,15846,14920,6714,13200,9400,7392
7085,4347,5123,14106,13328,13022,6473,12812,12310,8587,8340,808,3961,8797,993,12641,9278,11417,5051,10909
6972,7043,9113,15670,1385,7728,9976,12945,15741,7876,1977,13254,2494,7799,4060,7489,8946,1476,9943,4202
3443,5776,5421,9043,317,7477,13796,12787,612,945,1338,13210,14992,11169,15938,11178,2329,13372,7214,8694
2348,12224,1980,13057,8730,15678,4188,4481,9500,11714,3704,10580,8011,14680,6444,4200,3355,8149,12902,13269
3795,6937,367,15883,574,8526,11869,12212,11577,10892,4754,16329,2198,10803,1657,13247,5839,12,4040,15351
6627,8237,6496,4290,11225,4970,2413,14320,3044,4155,6957,11246,12598,8991,2991,13917,14932,5800,13654,12745
15591,11203,9912,10493,11376,13090,8021,16341,9585,16255,15553,4061,3844,4990,2311,12823,8060,7306,12244,2920
3217,10396,9524,7731,427,14792,14002,4181,12050,11149,12427,11621,15558,8684,14673,1327,13389,16345,1524,1374
2998,10528,8735,6279,16266,16356,5764,15886,5931,5909,12516,15939,6119,5970,165,10185,11269,6953,6968,3699
12671,15680,13377,8922,6819,6431,4959,12741,2026,14699,13311,2645,3825,6201,15437,13637,9605,4628,2380,1830
11665,10776,6791,11330,3162,2810,5528,13397,3237,13774,12398,3437,15525,5654,6015,7957,15067,6630,11297,8672
1794,1935,406,10917,5674,3280,8030,5226,9638,4624,12208,5166,14029,14351,12632,5779,3744,5923,3454,1742
8395,1692,15577,3762,5781,6884,14238,6735,3658,4392,7947,4207,12755,7362,16369,5274,5013,12298,3317,12354
14877,8310,2738,2765,14366,9358,16131,12234,7718,5397,10231,7375,6357,10775,2642,829,11432,11245,10410,20
1661,14574,7820,12582,4688,11142,3395,7970,15102,13085,4788,2732,5570,11572,12377,8546,16044,14088,8929,6700
9879,7151,8254,12730,661,8796,14678,5634,2943,4456,2184,2000,16194,9966,12495,197,4091,8058,4587,1671
15620,2387,8964,9575,16306,9728,15,2474,1467,10424,9076,10959,12365,15419,15115,14439,11614,11553,15744,10934
13208,3095,13012,1555,11283,9600,1774,5566,11056,8917,8102,16055,15697,3290,13963,4387,14205,9942,14866,13400
6029,13165,13144,2266,13586,10821,3622,15254,13366,7809,2938,16180,12414,12758,10365,9221,4031,5961,488,3886
11926,177,15487,7815,9920,11904,8223,14497,3861,16263,14922,15748,3877,3235,9402,7256,7218,15720,5613,8407
11891,15815,975,370,5956,10916,1274,13702,7776,8442,16248,3898,14130,3915,1237,10468,10141,13054,11066,345
2495,14962,3451,11253,4247,4260,12865,8239,1576,1632,6747,3640,1752,15446,11635,818,5630,13527,12042,1824
12297,14330,4882,1164,15929,7550,14298,8517,14039,8246,4580,15480,12564,8259,14371,13086,5636,10664,6380,335
11578,6411,10929,2205,13914,12962,4359,15191,1056,15847,6873,5974,5126,15974,10762,10825,2201,14095,3678,7484
3510,7640,12893,9269,2739,3108,6784,15827,265,5958,12118,14898,5369,2448,6377,7025,15723,5161,6395,8358
9435,7774,11287,11411,15515,14506,5010,2016,10080,4276,6996,7428,3204,7568,13264,731,14237,13967,10334,14203
8495,15888,16132,8940,6727,533,15375,907,2620,11483,11939,1272,12052,15505,78,4801,2299,10186,537,13075
11250,1958,10211,11495,15225,297,9174,4450,13246,6062,2808,9244,14177,344,12259,9394,2716,9795,15494,10645
8147,11082,15621,6501,1072,4986,8812,119,16000,961,13666,12799,14222,5815,4593,15797,4967,3514,13173,10386
8860,8520,5822,14036,9138,9209,9023,3421,1544,13186,6503,13853,15689,13537,1646,5007,15814,6049,984,14190
12328,9056,11206,4594,14889,4081,15475,6295,1061,3511,14564,7635,13687,1292,14935,15579,8792,13004,3516,807
341,399,3194,10317,6000,15813,7501,2557,4102,1263,9830,14099,7634,9478,5371,9257,13141,4659,12612,15920
232,10558,1001,15712,778,12505,10166,1332,14241,3691,6359,12810,1559,3974,10860,9508,14634,13478,10179,16235
11200,5902,11300,12078,8317,9509,7672,8637,4441,5021,4692,1348,13790,4983,10245,3077,13009,2568,12176,15117
15253,15645,8583,13463,12293,633,529,5765,10042,15288,6398,12930,6776,13683,7187,16095,2822,3157,12940,5919
1674,13053,14625,2985,9124,4,10518,13655,7889,5494,8977,11327,3477,14223,13257,10506,1204,3345,10140,14425
8719,3776,5589,4073,4099,14062,14432,3021,14249,14139,10038,12507,7676,11738,2791,8842,15501,11299,1049,766
13703,1095,11949,14280,13767,1735,4658,13390,1554,1284,2632,5574,5341,12464,16305,14654,11565,41,373,7681
5222,10478,15073,701,14390,6212,11520,14664,2107,15554,6071,16163,2493,9845,4022,6997,6621,2640,6774,6678
13821,12504,13,15647,2590,15833,8870,10353,12527,844,7952,13468,13363,6083,11616,3248,12742,8920,12262,13567
795,6913,9318,12723,5782,391,11179,5573,1585,12525,15334,16125,11298,13204,2101,6293,12775,2263,1655,6368
12342,3806,7944,1765,13373,8751,5399,7911,15095,1814,11475,11643,5717,14389,3209,15528,14047,3927,12993,694
2344,10498,2279,2905,13578,3996,12303,4522,6082,1425,6854,3356,11061,2313,15491,9412,5057,4227,15996,15346
15127,14087,15497,11140,9709,4363,12782,8079,7717,5118,857,1227,5951,5407,3956,8473,6950,11480,598,2391
7167,15071,14374,7698,16002,2686,11917,7961,3318,7026,6046,9504,797,6746,10005,1608,456,15012,12722,496
3709,4875,12153,5027,688,5471,5272,575,4112,12833,1007,2208,15406,10997,8808,7354,12223,15722,12748,1406
14510,1131,1343,15826,11089,5110,2817,8112,15171,6661,15676,6638,6604,2807,6216,14591,4017,14408,9363,9203
86,1360,7205,7002,12049,15890,13641,4124,13572,7410,11232,9115,12066,13201,3895,2784,11620,13650,5794,644
13643,681,2351,6262,4989,1588,12608,211,9987,10450,12481,14349,14607,1147,4720,8203,4098,15879,13134,6693
