454,2101,6382,2505,11939,15492,2948,152,2389,11331,14220,11785,9228,1861,15863,10693,3381,1468,15681,14023
1624,9481,11013,8582,11556,14389,5626,5291,3865,3255,9652,1391,9231,14056,4591,2468,12336,9382,563,7837
9791,3004,9319,391,6324,10687,5913,1570,7410,13964,15766,8696,6123,9976,14444,1096,6254,11723,6130,2342
5685,8477,1055,11436,3732,4338,5780,5075,9163,13277,6453,8474,10609,5667,2946,13104,15051,13154,16274,3362
9480,2484,13578,6976,11449,4187,7666,15115,13148,15761,11061,3687,2431,4416,5885,7664,14702,5956,7115,822
922,15933,9373,2818,13760,2799,4817,13594,371,9875,8236,3405,1145,7510,2805,14602,12457,6665,2772,108
10992,534,10701,11413,3112,15275,1900,8305,2933,5185,8645,3209,15791,2001,1499,1317,3282,15221,5585,8710
15159,3829,13663,1727,15105,2252,9498,6345,11927,9665,9394,5380,3957,13728,3906,11564,16040,810,9217,8899
1906,11972,7969,7132,941,1375,15327,8935,8189,15056,3581,9918,13775,13755,5176,5342,673,202,3871,11746
4831,10526,1899,15976,4752,2568,15747,3591,1044,13762,8610,4207,8218,7401,12045,1597,11315,4840,16023,4184
8961,4886,2514,11789,12177,8612,897,805,12064,5138,6438,2406,417,6774,12867,8495,1577,16229,8858,8348
14434,2962,2412,827,10631,3623,10408,3500,7119,12499,6619,13765,2013,13139,8649,12542,11472,12370,3193,6409
5494,10058,5309,4956,5086,16234,10359,24,10797,15562,9142,12802,9931,3449,6832,2887,3453,6187,11348,322
7551,14574,3401,1758,11180,8193,5326,6662,12164,14005,393,2335,2114,2405,7515,854,7094,604,2503,4268
6183,2885,2991,5862,5787,15414,6904,5172,10286,639,15531,11215,14675,14562,12636,5237,12107,3298,14870,4064
2476,3774,3284,4344,16022,11473,3303,32,1617,9449,13150,10374,9309,5593,9002,13805,1824,15416,565,3967
4905,7571,14402,4704,13516,2585,1244,13918,3488,220,7526,4134,9996,10686,714,5805,1855,13005,8954,9618
7408,9365,5847,10421,4082,11612,13927,929,289,7918,2027,14253,6831,4709,613,7207,3859,8033,3892,1535
1229,7365,7374,621,11834,4373,1809,5993,6688,2745,6633,16305,5294,14161,8472,7609,1097,13707,12400,1276
9381,6331,9923,8113,14887,13312,12590,10954,6780,113,14514,14069,11919,8307,5307,3060,2144,8540,3775,10705
8941,1036,4318,6553,10191,1911,4807,9767,10231,13670,879,277,4611,13233,4142,3001,9300,15861,11351,1104
5614,5537,560,2051,5752,5791,6476,5416,10328,8969,6447,9849,2012,12851,1800,767,4614,5971,4320,6531
2438,5957,5441,12073,4810,8989,13703,12663,14527,12707,9902,6577,15892,11217,16033,335,910,4989,4342,5569
2120,12282,14376,7309,5746,10436,12654,857,7567,9656,14576,12048,5003,16163,5788,12019,2006,15866,8212,11931
13473,14757,4294,2753,15217,7932,503,15059,14978,9096,325,78,3162,10766,14282,7046,947,10059,16042,2324
1498,14103,1925,4883,5449,10855,3781,15247,1661,14651,4597,3532,1270,5938,4944,1171,5298,6522,3895,7484
4395,2481,2523,2661,2125,9067,14911,6637,8770,6173,4935,9186,3856,4278,5019,6013,6210,14108,13266,3029
10788,12123,3937,10033,5598,6249,3075,5118,1181,8048,57,13261,1956,2303,1266,6432,14551,679,566,12852
15773,9176,8074,2947,13828,8471,868,5919,7549,2090,5535,14782,16325,4056,2538,12758,13023,2630,4720,13108
8485,2987,3150,2610,4384,3323,1177,6252,13714,13782,4920,15009,5372,1293,8381,6663,2104,12498,2941,2478
14893,784,13384,5666,7441,230,8389,13117,3919,9687,2548,11032,11847,2237,11743,8153,5612,15966,7614,4061
8184,1092,4038,9543,48,1519,3088,14969,2066,6145,14767,8444,8687,5248,4994,11420,14164,4383,282,10977
5499,7659,15742,7767,2134,3933,14278,3384,3841,14912,14014,28,8864,7518,1443,9021,10552,11179,6851,12447
5044,11674,11161,15723,2172,487,15325,9744,12954,1503,519,5131,12319,1002,1891,4080,15019,3111,2881,4784
184,10507,13644,7922,8747,7873,15240,10134,8714,12560,11306,7509,5305,11755,13187,1812,9322,9464,7485,6398
8199,4771,14852,4453,11390,6910,1676,11672,3435,15783,1425,8483,4194,10849,6681,10998,10900,8907,6224,14889
1517,12460,12556,13740,4821,6059,7540,4754,3952,7226,3045,10540,2675,2499,11269,14218,1297,4160,1112,81
915,9754,4773,703,14410,225,8489,11259,3156,3244,2080,182,5610,6969,7953,7916,16109,382,986,15219
7715,12126,14825,4800,2299,6527,1008,13010,12653,8581,11518,888,5768,4327,2417,7201,5558,14503,6941,5710
14390,2201,8298,988,10159,3108,1458,5888,7191,15204,3474,4652,1148,8809,14992,2007,11041,2815,1182,9335
9880,9075,2449,14299,16158,14226,3964,4221,2557,11313,14935,556,9792,16360,2354,6540,6498,6842,9851,7085
803,2928,9428,2974,6773,15257,15291,6089,8430,9483,12932,4712,4938,11409,13256,8361,8287,2774,2149,1879
5873,3872,8713,1123,3685,12079,8220,715,16191,9829,7303,3485,13184,894,15833,3242,8406,132,3736,8434
1941,11633,6275,501,5565,10156,1161,1120,787,3368,6090,9957,2736,3437,3858,4391,11264,9510,15102,3817
6203,15862,15288,1903,5034,996,8233,859,6840,4009,1713,11105,936,13321,1328,6784,11587,3079,513,10207
14427,4664,15554,11279,4049,9532,13276,5032,7876,2313,1015,3411,16273,1630,9857,9834,4063,2485,6770,16264
3427,1431,8132,12988,15934,3483,15239,5506,1997,6668,11247,3118,11772,2950,4822,16164,383,1245,14722,5479
6983,9771,14511,7550,844,7487,16038,9557,4230,12293,8139,8373,5733,15385,3043,15234,14205,3653,8889,4549
7741,3983,3157,5730,13867,7556,2723,2917,12146,1371,1019,13873,4137,4884,10763,9666,13711,3551,6862,11219
6847,2285,3371,3471,13857,10627,1056,10056,6971,12302,12961,14054,834,3034,7682,2748,2071,3712,14758,5770
4464,15147,6555,2276,9730,8061,16084,11198,6015,5323,10466,3490,9727,4292,2786,5169,65,4855,6451,14404
15793,11410,8682,15189,5818,7610,9370,4189,448,3770,5067,12413,13109,16328,3188,5261,9802,7541,5258,9600
2883,3690,7842,10925,4323,10611,13837,13243,8966,6285,2595,13717,5166,3165,2157,8321,14849,5828,10409,6567
7948,1592,6424,518,11692,15409,6853,10617,14607,6304,15128,11120,7203,4933,6493,1949,6614,9858,15268,15682
12620,5272,6666,7908,6575,15446,9524,6213,1118,517,1685,13389,10202,10089,16379,8501,12788,4359,12972,16138
200,1531,10312,6376,4967,5311,5912,12731,3535,512,1823,13386,546,9888,7642,5209,7471,15071,2820,1991
197,10008,6762,6074,1825,11244,13563,7851,2392,4343,2891,10920,8533,951,568,11338,5450,896,10886,4353
1098,11617,11894,5586,14867,7580,12445,3023,13075,4265,3741,15603,388,2486,8175,13054,3631,14725,7190,4229
12363,10681,11622,4091,1475,1202,3377,6532,3827,14605,6199,14335,13555,5830,10350,4426,4394,7890,4325,6758
1865,13902,3326,6477,5661,6242,11204,3596,10440,8198,12035,683,6371,4879,3069,15680,283,10346,8160,4228
5900,4543,10260,14121,1994,12955,7568,8977,13042,9386,4912,1919,10165,9372,12307,6482,4054,11569,11924,1872
3557,2739,2542,14712,14453,9833,12847,12397,1004,15063,12328,6045,14897,3978,9562,10013,6039,15069,9776,10014
6730,14088,13817,15238,1430,5085,13748,4145,3905,5403,3663,16378,3340,8586,14004,8767,9722,11138,3703,8884
1198,3494,4286,9308,10985,5603,8379,10044,912,16246,3167,16235,870,15846,526,8785,8404,1935,7945,12136
6346,15235,1435,8654,15518,3149,2692,5970,12353,5999,6364,50,3482,397,7052,6635,13031,11693,4498,574
13378,6297,14710,13858,6216,7148,15035,14983,688,10422,1415,14128,5205,537,5705,4759,12388,6670,7290,9980
15548,10638,5126,3788,14875,14462,13569,1934,2262,3787,1976,8545,2823,9809,15383,6065,6632,11877,6425,3372
5872,1258,10028,1544,733,101,997,6521,10904,5790,465,3428,8202,9360,13304,1679,9732,9401,15164,14019
10683,9839,117,6703,7868,5592,10536,10430,15459,10558,608,7225,12435,14141,1778,3396,12693,15345,2571,2155
8409,2631,3208,4917,14028,7832,4908,2103,11024,15943,10518,5488,4642,13620,4767,1585,8164,15202,15973,3519
3796,10487,3140,7104,1768,15484,2238,12504,2852,5219,79,10464,4825,1437,2877,5739,6885,16226,1839,735
16358,3285,5442,15911,13188,3121,6337,1109,5020,10612,9568,9083,543,15888,15625,12286,14755,4275,12778,14450
161,4487,9122,14538,8741,9115,8773,15100,4700,1032,13235,12421,6850,9368,15111,11998,10329,10102,8678,9895
13153,10899,2220,15883,12516,446,7730,11298,2743,12213,11658,251,7713,6250,11852,3066,3912,2578,14519,1060
4313,8227,12364,15845,4183,9159,1213,3565,8491,13006,7142,8268,919,13395,15301,2078,3026,11406,10649,3878
892,4136,2076,4070,1201,13683,13975,12354,9454,4322,5216,8219,10640,6334,5158,86,6003,10607,6205,6634
10135,5941,4996,3423,16028,13179,1804,3327,7816,7735,147,16046,9443,636,2797,6551,14788,6735,10291,12790
15626,1302,14676,2940,15824,968,14010,3893,10233,10244,809,3171,5740,12189,7662,5639,1280,2092,7808,4519
3444,4347,11333,1881,15935,2358,6638,8692,7264,3521,1732,13351,6018,3123,3279,6387,2912,3684,144,4112
1729,7237,7536,12291,9293,5874,5758,1557,8284,13994,15005,4684,11133,9008,6316,2864,3566,5884,9014,9028
287,16167,49,10839,2064,12918,9952,8943,3049,2685,2998,6009,1684,9847,976,8344,3300,7794,16296,8746
118,5058,4378,2591,3659,1341,15082,13636,11848,7728,5589,4889,8571,1953,2089,14644,12338,13577,3607,14711
3503,3307,8371,349,5014,8803,9051,6248,6697,13584,10710,123,5436,4436,4559,11131,3245,1070,9970,13273
8932,9440,7306,66,12530,10653,6101,6128,10160,9000,2546,9383,14102,2423,2622,2502,5354,9104,6598,16323
5399,15968,15220,2827,14654,12342,324,9964,10623,816,6060,14809,15135,3567,8787,2054,15047,11682,2269,12655
2477,16258,4695,4418,14904,11480,1174,4169,7358,4892,12316,1259,3641,15338,5680,10553,4588,6648,1335,1905
13025,2098,2769,11185,6273,13689,8721,3763,4126,1775,15296,13159,5712,8734,2973,8827,1966,2791,3764,7140
7877,2479,438,9082,3891,8766,15749,1368,8267,9271,8383,3530,14835,1806,5083,13500,7008,1792,2122,4573
12624,905,6973,2289,8358,15233,233,786,14884,3077,13671,2556,11237,2533,635,9074,5608,2020,5350,6054
982,8342,2079,6004,3738,14624,13355,5931,14642,6513,5487,5088,674,8918,53,7649,7488,4607,15469,15989
10124,402,16007,16145,13472,7928,14872,1628,5465,2732,419,4375,7463,11528,10486,12322,2654,9398,3985,5750
7608,5091,411,437,2697,3098,15601,5725,14339,1476,6874,3517,9571,4580,12975,1233,5650,14939,8041,9734
3312,5460,12896,5012,9917,14508,11243,5937,13570,11168,10510,5653,6452,8514,5414,4071,11152,10531,3264,1723
9466,2870,13246,13380,8082,6156,3223,5620,3802,12171,2965,1329,13162,5177,5681,8898,6928,15129,4251,16126
15516,9150,14003,1594,5381,15440,13401,2509,1114,4863,6693,2388,14094,9645,7989,12477,12987,533,11117,14344
570,9935,3063,11090,7504,7404,8506,13922,550,4590,10016,291,2980,2360,458,1782,3231,11869,7554,15666
4288,10811,5986,7700,14584,9031,11850,1045,13328,8407,1580,2875,4298,2678,10377,15162,4068,1665,3183,9485
2165,5446,11879,15507,6027,12276,15900,12688,4476,12512,614,11751,4843,3508,4107,15094,7835,4172,2271,11911
6868,10537,3459,11599,6301,9661,4216,4780,2607,2053,5658,14997,260,8145,10492,15762,5547,2334,3544,11227
2327,5164,2261,6734,6583,9601,10180,8937,11494,4524,4026,3693,14846,12575,7999,13626,11663,16093,14610,7228
5575,14081,3831,1987,746,1561,4159,13376,2163,321,1883,15118,3199,2396,7178,11797,6299,4770,9225,3760
4991,6225,10543,5698,4982,6907,4361,10746,15567,11678,3489,8507,2727,15667,3779,13864,9060,5310,4098,8238
13630,10670,9125,11684,12408,696,13004,15798,5054,13176,4836,3163,11872,14284,8129,12860,7841,7925,1555,2208
8054,5352,7301,8890,8815,2148,3270,15267,4020,14771,3202,12278,8197,14995,15198,10817,15794,4787,13253,7823
10455,10692,13752,2118,7438,11650,5674,6988,12493,13739,15555,8901,8442,10950,15730,13613,15034,12646,7139,1281
5672,7547,12533,11,13089,4329,10213,13889,6131,12594,3626,13802,1926,3229,6328,2958,16221,93,5005,11957
3082,5490,13944,5833,3278,6458,16005,2035,11309,13749,4180,14461,3835,14980,3269,8035,9272,10734,4644,1733
3457,1688,10107,16070,9056,173,3989,2293,846,4797,3276,4358,9017,2592,9558,13908,3421,4239,8681,5815
6692,1291,8313,4190,7564,10345,1910,14921,3217,9177,1197,14913,1434,13847,5444,10490,3410,14838,12962,68
5769,818,1598,10994,13509,7938,9212,11588,8137,3311,6925,7130,10187,15995,9651,11598,3366,1943,1948,2457
11571,16160,1522,263,15637,1442,15841,9836,5102,15243,12420,7002,5523,4284,6111,77,8099,14954,2616,6333
1394,1493,11330,15080,3347,5241,1433,9169,6114,3430,15106,9749,1890,4219,6046,6246,5238,7977,9007,2625
4447,4788,13313,2082,15868,2972,189,2121,2310,7423,2806,3,5451,4716,2278,2443,6556,2620,7134,13539
5545,7454,7362,11207,3549,2290,10172,8206,11149,13959,12838,15504,13269,8076,14738,10559,2177,8275,7641,15368
12326,7340,14477,16216,6418,5773,10413,2050,2346,11362,1791,8253,5719,2677,4297,3587,14334,4073,413,6366
13835,10539,1316,10155,3669,4349,5108,6468,9778,3418,4269,16044,13392,4257,15369,14249,12724,4488,5655,7972
4113,12849,2975,3935,15635,2583,10256,558,7281,9298,9646,3897,9103,12958,4616,4673,1046,15820,10,5152
6338,2612,2713,4552,3496,14950,9029,4287,7884,6393,8872,14239,14403,6848,12063,9671,9884,430,8030,15886
5747,11795,43,16315,670,7619,15920,5949,14049,7216,10470,3751,12033,11228,6223,7260,13033,11467,14973,9900
2321,10274,10532,5474,10889,15324,3061,175,10718,290,2175,9783,4649,16188,10646,2741,10438,177,14906,6696
3680,12491,6754,9950,15142,1225,2337,12878,10736,2445,10633,3767,16205,1147,5762,10926,16016,11775,16029,12696
12402,3885,2720,13957,3634,6435,16282,3726,5153,5134,15629,752,1657,10908,14881,8246,15836,11066,3657,1402
13172,4058,5327,11092,11642,4048,12085,4337,5397,340,10452,16004,1484,11741,4612,15403,6404,4052,6794,15724
7656,12947,10007,12046,1309,13050,4510,3574,2014,12785,7862,7706,9179,3577,207,6731,3890,6905,10419,647
15259,10569,16152,13144,7097,9011,8857,4095,4682,14343,2629,9619,9130,13855,15174,5831,7612,8996,11071,14431
12135,3907,4010,7711,10314,3376,9585,7126,2721,529,1978,4104,13985,9156,2044,5892,14541,3803,11609,12811
2896,12568,9218,11636,2561,7718,14990,6053,2812,304,13693,9758,1893,4357,318,2938,15457,3926,236,3948
5934,15350,2683,1009,11423,271,4212,7062,5203,4450,11349,13704,7787,1074,15970,12853,8673,3215,6825,9626
2214,4461,1301,14468,624,9743,8602,6948,7409,597,5438,11251,1755,6748,14066,1742,10147,3237,13726,1930
11808,10999,8811,3436,14559,13157,5264,7763,6844,9711,11917,10137,5643,15501,971,15844,13267,7294,9068,11235
10048,10298,4066,3000,1483,2911,14255,13917,1479,7600,12937,5213,4124,6262,5998,9378,10238,9667,7693,13329
4654,8558,9252,6176,13599,3218,10372,7774,6095,4814,4768,7249,4766,12562,9979,4339,15407,2709,7215,4111
336,9224,12690,7482,2539,2212,16073,16127,10006,11401,10488,5502,6245,14982,9345,3848,15,8712,15349,12658
9876,390,10902,5556,1473,5242,685,11383,911,5771,3481,972,15287,11008,7663,9606,7770,9627,12858,7310
9570,3584,3769,3267,3313,5570,15816,266,12898,13977,4734,5694,12203,8976,10381,8232,6649,3971,5171,8691
2985,5077,3134,1568,2608,3053,2989,11597,13228,13298,14428,6253,11565,262,12633,11134,9330,11730,877,3201
6865,4738,9523,1033,2869,3882,3153,1917,8063,6035,11767,694,14117,12074,5754,6335,12056,13161,136,5783
8126,12623,675,2487,2834,9668,9097,96,6360,9455,824,6767,15340,8851,13449,5777,15471,6727,7431,5353
2682,5498,16330,1269,9463,4381,5417,6362,4483,350,16366,5855,11875,15015,16298,12098,5296,13022,916,11153
669,3017,571,4175,14347,6890,10578,14959,240,6236,11367,6500,4769,11763,9349,2724,11745,6422,11708,67
15771,9799,13854,4736,2902,4074,11086,6416,14176,10815,7003,14324,9554,12343,12489,9049,7805,10867,1165,944
5387,10554,4356,3645,1973,11573,7839,14305,9346,12832,12391,15450,126,10796,7963,2637,11705,5760,3470,1064
5096,10450,6707,3195,455,5137,2119,5562,11421,9086,12174,3106,12902,6938,13637,41,9112,3277,11809,8003
5492,4952,12801,8882,3132,10190,5385,8590,6157,4451,5395,5834,7653,3655,13471,8832,1135,13352,8337,10076
3705,3773,5253,11813,9274,13648,1372,9081,4848,6582,12247,119,5422,1386,5731,3843,5277,4676,14300,4116
12376,11933,16120,8733,1303,1090,1157,14166,3292,2566,8848,1970,7720,10814,12708,3097,15753,11974,6132,6121
5447,109,15365,1342,4713,13993,8265,12513,2374,14539,5051,15344,9458,3998,4518,1999,10257,1640,6395,8115
2982,6958,3392,8005,9804,13445,14422,3559,2767,7543,8328,8390,401,5871,11385,8436,12273,4345,6036,577
10959,12684,13415,9556,2391,9999,10938,10671,8633,9099,9460,9550,3412,12868,16313,12536,9735,14216,14246,16280
15738,1040,3543,3461,6172,7135,13891,8915,14145,8817,3280,6374,8914,3415,6052,7048,8757,10909,4681,7224
3031,12266,16147,3597,770,10784,2016,7168,5141,9898,9905,646,740,1018,5037,1313,11052,15533,6568,5143
5254,826,9182,7893,564,10182,3918,2323,5183,6056,11811,3541,16319,3084,6179,4366,14996,431,11078,4192
111,9873,13536,4907,3701,2250,2562,2914,13699,3197,8685,7092,8075,2588,2996,11509,853,6924,11113,9452
4732,6217,1312,5198,12842,14752,103,15285,4926,7417,13521,9491,4916,13350,8270,15829,8290,4869,3456,12564
5649,5962,12053,5576,2671,3679,9359,15125,6430,4100,749,11007,11547,6309,14490,3463,3718,6547,12786,369
6574,7230,11317,5543,7388,13052,5228,4830,8630,3739,9906,4128,11058,15939,6592,4657,10799,12523,14438,3067
3040,10922,7909,9641,3990,9190,9307,13299,3176,2808,9065,139,10521,2106,12365,3708,9435,7525,3573,9126
4932,845,59,15628,5016,502,8833,6264,2696,3052,7569,8584,3756,10965,9493,9296,12205,5142,1124,13185
4088,9518,107,5333,6769,5953,11602,7095,4687,14087,2586,11677,14346,9261,6737,3975,9509,5472,11984,3035
2574,6087,476,2112,165,12756,8719,725,2236,2819,4254,11299,2798,16174,6888,6584,8608,5453,4129,7369
6041,4374,1602,1635,1712,12911,1191,13567,14721,7349,13697,2256,12495,10243,11603,7675,6636,3293,7986,5069
5905,5405,12497,11451,4213,3338,16232,10565,4915,13222,13766,10813,3925,10010,7179,12691,7881,15438,4501,252
11465,16018,4856,3055,505,4432,10310,10473,3644,10284,9391,3647,989,11300,11395,16017,7136,3142,6999,11393
2824,15132,5463,9803,14283,2547,10800,10386,9555,11437,8122,6135,12155,3472,14287,4196,7804,2700,8526,4613
10704,6514,2672,7677,8356,366,11981,5140,10249,11181,7680,2248,12305,14196,6138,14949,12597,12037,10873,3667
4572,9901,11501,5337,5767,13925,11439,320,1007,3589,1364,1832,10111,12931,13053,395,2021,3273,15213,13209
8111,4324,11079,3595,8725,10392,8532,1006,2493,4945,2173,7353,1396,8300,16317,9965,7655,5779,6869,15575
11717,1160,13205,10514,2464,13262,13090,11873,6570,10971,3599,13791,7994,10577,7319,8517,14556,10515,2314,7345
10866,1965,14630,6256,6389,9192,12673,6628,16307,7620,13076,12993,9369,14244,660,6630,6427,11578,11947,15703
432,3468,12215,4998,11332,3354,3894,1005,3094,15137,10489,4893,682,9451,13774,140,11525,4065,3674,11042
5904,4311,7354,2488,7280,4019,188,10572,5338,12355,4815,13838,12930,967,1095,5619,1759,8842,11618,981
15396,1217,2662,686,15441,5714,12283,1950,73,11667,9462,8585,13059,11457,12873,5644,3780,8631,3642,11645
14071,15246,1447,3148,12197,10458,8688,9837,14067,11498,9866,4564,8060,4491,5950,2482,2450,4102,8730,2291
5202,1403,8550,2977,115,8414,5795,6171,4106,554,4804,4057,9757,7147,5068,16309,2876,1957,11245,5392
5574,6511,7387,553,2647,1323,13803,1556,2400,4655,9941,4506,2559,16142,12065,3972,1131,10211,6322,10732
14522,9869,7865,7375,644,12199,2544,13453,9994,3931,15205,6485,15514,6709,7007,7726,1876,12538,10146,14420
11786,10317,14882,7913,5794,7538,15659,3809,2725,4744,10179,6207,10150,9263,12901,9990,145,12541,7636,9874
10078,9812,8690,11375,2347,5076,15392,14941,9565,1984,4615,16087,14967,8055,5525,9896,15597,6141,13152,953
743,12856,12092,11651,937,9284,765,12638,4282,463,5841,10246,6823,10872,15509,15719,13852,1122,8993,4873
3630,8020,11856,10316,795,15871,11039,6576,1588,11567,6260,302,8795,13725,4249,13961,9643,9706,4468,1446
6764,9340,1331,2128,4605,404,7683,545,13236,10770,16270,14689,13737,13519,14731,16179,3658,9424,5868,957
12383,4504,2639,1211,8534,14008,8015,9076,13776,14463,1195,6891,7998,13279,4794,5504,11001,10065,4558,7205
12827,11440,8440,11029,2632,6627,12952,4444,7900,7648,11386,5706,7013,15497,9614,12614,9477,1581,9527,8574
5744,6075,7491,11676,11644,6929,4263,10963,7049,8138,8675,2670,1667,2519,11371,2297,5030,11132,11529,8980
3839,15653,6723,3652,2316,355,3442,2710,3804,11600,4978,1543,3211,11128,1831,4307,11655,4442,7752,15930
4446,71,11003,13759,1071,11030,4177,2770,3711,36,15654,15894,9107,12995,3104,2009,602,13447,4576,6827
16063,5599,8417,6520,7444,4997,15953,8311,1864,13012,3232,6113,11653,14542,6478,2536,10091,583,1042,5275
15087,4152,16283,151,15578,10054,1243,11659,14077,15878,9073,8106,3955,5679,14769,10176,12434,10482,1305,12968
6653,8527,10523,15611,4555,9796,8774,8493,5464,2674,6826,16222,13665,1214,13591,10842,11108,7958,1143,11167
12662,10302,11213,7476,7016,4400,5181,14520,10113,8488,8525,11964,6685,2780,11252,8378,15641,5978,14901,5029
7573,3107,1010,8887,11536,4969,12628,2281,15880,13502,2550,16020,16326,5928,8726,11096,3281,4398,9116,370
15768,7346,11334,6921,731,4757,8382,10527,6102,6785,11895,13896,11637,6525,10861,6626,5341,3762,12449,2531
4195,9526,11662,9789,3731,2854,15707,7489,5251,11054,7501,11084,3600,3812,7747,7574,5897,6474,3173,9867
12833,16186,12761,13425,2681,7863,14931,8470,666,8543,10919,7565,6243,7722,10595,16065,7517,9448,9617,12685
1629,9376,6320,14543,10639,7843,8568,10195,11241,1572,3944,8128,3119,6750,1424,1275,13823,9971,1412,13063
11994,4370,1515,8375,15358,3694,14017,12631,6234,2305,9680,13174,5236,9664,6163,14349,5011,6655,9724,6926
8254,6603,10349,3152,11261,15131,13127,14485,835,10315,14535,3744,6383,8563,2352,8288,2584,2168,13890,14587
11464,4401,12221,14180,11301,8117,14581,8207,8451,5563,5082,10643,7685,15770,14697,3794,3452,14235,6016,12861
15390,6414,10025,7200,5693,7121,7056,4975,6480,14792,11657,2206,9313,10978,8984,15183,6996,8209,6403,4299
2151,15151,5322,13102,6017,2022,7150,7947,6856,3640,938,12011,5742,1494,11880,2300,2802,10986,3206,10793
547,13043,7678,3825,163,7903,14281,5377,1645,780,4405,7772,11928,2789,15496,10719,7640,15993,12013,7122
2232,1279,13111,2084,1389,8308,7274,9842,9404,4144,8144,8292,6375,12114,8070,14045,12967,11049,11681,12964
2524,16197,10795,11429,5876,10301,10403,7245,7698,4208,7268,5638,9954,15523,11782,1681,211,758,6573,8043
102,4462,3246,3341,649,12909,7758,8684,13611,3433,13251,1359,5518,2440,4531,9327,7392,12481,8554,542
14207,10891,12173,4389,12300,12187,9127,12427,9534,7088,5796,3929,10245,10501,8828,2922,1894,4964,12054,1562
5246,6038,11844,8101,4719,12674,2397,4459,15362,8646,6147,6807,4204,8917,14227,7806,7942,14975,2003,15224
3598,5425,15107,7984,4015,12627,9427,3776,15988,6341,12551,1886,5829,14599,15777,5580,10888,8680,7075,14266
1023,1378,10330,15787,5723,16140,8648,11734,5316,6270,7175,11700,9766,7080,7558,13282,9577,5662,5604,8576
5101,4567,1989,12929,756,1052,1065,1306,14320,5757,6720,5486,10819,12816,14381,8511,11962,4899,9010,2716
13512,3677,9620,10622,16009,2385,214,5817,8959,6813,4651,13734,16139,7010,4875,4823,6066,8194,8285,10242
10887,8458,9937,13348,3227,6751,7083,12804,11051,12808,14822,4963,7014,13462,4903,14692,1168,8024,11948,12204
481,1126,6589,11595,14561,4711,14078,1420,10192,5702,8981,4659,12940,11231,14502,8629,5851,8701,6959,13602
7955,13507,5660,10598,11695,7199,11891,13435,5163,9507,4861,2123,4308,4554,7581,6565,7532,9121,1467,13580
1641,2135,5286,468,8435,2909,5078,2045,9988,4473,5099,10529,9363,9258,9057,9717,10035,14862,9748,5659
7923,13164,8459,16125,11842,9022,10802,5347,9552,5263,7039,8446,12871,10446,2968,1432,3886,14214,5393,14805
6184,3478,14263,12576,14295,6672,1524,987,7333,12124,14691,8913,14308,11591,10535,7652,4408,9062,15809,8859
540,8393,8447,15140,13456,12288,5204,812,10690,11983,15430,16116,13616,13480,4140,7229,3395,362,1736,16064
6992,10396,755,5721,5811,11257,10300,15400,6935,2292,8599,5266,12735,4636,1885,4533,8600,4638,8157,3950
6599,168,3331,847,2783,11115,5946,15173,11680,4317,8995,12193,4624,2779,9750,3394,16156,14162,9775,5854
4122,3332,815,8962,14084,5485,8000,15011,4953,15191,5988,10916,9561,12086,13365,12500,1888,9764,11831,11579
5965,7780,7757,7812,7560,13400,572,4309,7011,9429,5935,5105,12120,8643,8990,6116,651,14854,1193,10139
12506,4765,13068,4456,2042,16019,15956,420,8742,5922,14425,6877,15726,13893,11523,9412,5493,4849,3761,8380
14717,14586,4937,1133,3349,142,7990,6467,4666,10968,8341,10043,6564,308,14811,7811,7144,10434,15282,13183
3147,11102,14229,6512,9084,5997,9476,9039,365,7101,11223,5466,10504,9503,2659,2266,13779,14688,6219,7265
14148,16335,10151,5621,1702,7165,9505,4352,7596,4679,10546,6177,7946,6292,5419,15070,1633,8801,10936,3289
474,5431,2349,11851,6071,7548,3743,5112,511,5200,6816,14817,1272,5622,12647,11568,6686,7670,1253,13489
12426,5467,10604,1646,12333,1565,8176,2182,10494,6700,7426,7378,1959,16260,12433,13057,5519,11468,12102,15310
3575,8325,9975,11206,14147,15249,13049,16271,482,9610,6137,5930,656,9790,14112,7769,4707,3154,10030,15610
587,8679,8830,7177,5775,7001,5477,9146,7512,13729,7253,5812,7674,8301,7751,8659,1077,15826,4972,4721
4858,7386,15193,4367,5948,5864,13024,6298,9686,12822,11324,5040,4494,2890,6332,1507,7246,14962,1847,6400
11199,11634,8422,7187,8940,13928,11621,11378,1961,10548,4601,12298,158,12106,7081,6718,1411,12248,3920,9292
1388,9283,14945,9050,12226,1039,10153,2846,16091,2598,9525,3879,963,11218,13099,15769,5826,7159,9315,14879
10214,3317,9034,13018,3963,2762,6548,11758,1606,2428,13128,5838,9960,9198,11022,7063,872,10140,8185,3818
10099,3416,2942,7585,9332,3868,3730,8248,396,12807,15693,4197,244,15503,7287,1752,8557,11992,3413,969
6600,9178,13586,2461,5454,821,16308,1795,7762,11444,14568,1604,13950,6181,11104,5786,407,16134,14716,12147
3407,13818,4505,5759,1274,10937,9956,10973,10289,4545,5115,7273,88,527,4988,7251,8876,15513,11499,14243
16117,7308,754,6417,11250,7295,9908,11318,5197,12570,15214,12038,866,12705,13017,12274,10702,8072,4240,11189
4999,5964,3605,5455,6499,8131,15573,9392,3130,10051,9945,3369,13937,1150,11979,716,10836,16074,524,7854
5066,12566,1030,12236,11304,10029,3615,12615,2129,90,13293,16203,6168,7474,4802,12152,7991,3938,9264,6233
2057,5057,11159,2056,12185,3226,5247,2452,1576,2658,5581,1075,2138,7326,12602,7054,10129,8031,4941,11310
7833,1569,11732,12082,9407,1575,10642,8399,10275,6524,14922,11514,7967,10513,10791,9870,5093,4406,11369,13409
9569,9209,14188,5418,1955,14582,5510,7447,8596,5711,1783,14185,11799,9551,7384,551,8722,5981,13884,5540
7500,508,8456,9777,8689,15299,8317,5162,361,5125,13196,14143,8874,14172,15679,13327,13305,1857,241,6483
1192,5590,12716,9311,15645,14171,11055,13100,4898,13230,6708,13988,14000,6811,9742,14123,5906,15823,13137,13850
3306,13291,9497,15476,10567,12742,6572,10122,14783,16195,8241,530,3477,15308,13793,2618,7459,10870,254,10000
6321,6900,4906,8408,11040,10697,12645,15271,3234,7204,5856,5735,11297,12874,9663,3382,9761,3361,9595,10772
11876,12255,1421,9655,8744,2267,10451,14306,3074,16111,9009,1026,11171,6350,3628,6369,352,11422,9675,10402
255,7637,8454,15590,14719,11220,12425,6585,1419,12843,11929,2522,12854,1869,7042,10616,6136,14151,15537,3901
14469,1422,6894,3322,5288,12666,6835,5345,605,8449,15203,3651,14356,11793,12090,10241,13722,3564,8763,8731
5973,2087,14215,16096,6698,8357,7993,4683,5641,14200,5123,9755,13769,10418,9572,10431,5120,6562,11970,5629
6394,13,14159,4077,15277,9023,5386,6279,5124,13910,2925,2873,13812,12919,1954,13832,12625,1803,8573,7544
4231,14142,9417,15297,14668,343,8032,11374,13289,12825,12965,5584,3191,14970,13934,15098,10335,3122,4354,14698
5396,11881,6488,13264,13971,15419,4171,9063,13186,6881,9496,250,10344,2339,7701,10750,1347,9545,5587,13287
8905,1540,3665,1660,4743,858,5778,8386,10223,11731,4834,1548,1658,408,10255,16281,13522,7871,14129,1068
15422,12702,8588,6411,2889,12661,13044,1827,7894,9855,13203,4316,2265,14507,8468,8280,633,13799,5240,9787
995,15737,8896,14537,14210,5982,6227,4760,923,5521,9054,8615,6620,7053,7415,1605,6433,15122,9786,12327
3986,12002,15116,13417,2414,15837,7071,4984,13892,12480,863,5713,2997,3287,15795,4561,13373,8529,13865,14615
9204,3501,7522,2116,705,9425,422,1101,1649,5212,13354,11999,13343,14601,2254,13458,3602,12769,6303,5774
6841,8875,8065,2399,4271,488,10666,15991,6674,3054,11696,14086,12339,3321,6624,4667,15185,5870,4051,1169
12269,8403,6146,10941,1760,2831,8871,10844,6000,13198,15081,12366,4147,4565,11165,4973,1609,15165,15545,42
5257,185,1485,3037,10382,11771,12881,2410,6715,1399,10832,13429,13532,485,11176,5373,6055,13529,8018,7765
12329,7740,7292,13051,3400,7125,2460,10751,5437,2931,13955,7699,223,11201,12796,15852,1542,6006,4331,11976
11095,4441,10117,13250,12470,11766,8660,771,2336,8089,8798,8034,14443,5824,14357,10912,13258,2011,11629,15947
3515,2099,15534,8867,3735,6740,7980,15921,15274,10805,14383,15201,339,700,44,956,13880,1771,1620,9868
13211,6220,1951,9669,3970,2553,1596,6083,12698,8452,14262,11053,3698,13622,5695,10511,9102,15568,372,2270
2860,2593,10447,8810,5074,8173,4986,12453,16306,11365,9633,1826,8466,9951,745,7957,3286,13448,11711,1221
8821,15231,1754,8947,11441,4499,4035,11530,16056,2971,12740,10414,1502,5111,7983,15029,11370,8846,7689,6408
13114,4745,5423,4225,1998,1265,7461,13595,15543,11388,1918,1413,2115,6678,15584,7022,3263,7775,13470,10962
7592,162,8110,16105,9916,11601,12518,5021,11447,11590,12971,12803,7786,12629,13446,14079,582,14234,4517,2994
7098,4392,8272,13827,3071,15639,5415,8504,2416,6469,5364,10168,7561,8619,8807,6711,6987,4795,3855,193
12358,12009,8462,9334,6772,7665,2188,13081,12719,3689,14,12198,2861,5564,9768,2872,5009,7403,15814,6343
12482,13204,256,2152,16272,12077,461,8655,7457,6460,1829,14673,1786,6109,1000,14168,9699,11794,8098,1381
6461,6473,1643,3220,9077,15556,11819,11366,10608,3516,16008,16184,2432,6656,14155,15256,15452,8133,9469,8672
6491,10254,9157,2043,4639,4560,10499,6456,14902,10326,15464,6554,1972,3757,3844,1848,7635,2322,4246,7539
15300,9336,11037,2567,2845,1086,7437,9928,1190,1318,13406,4740,9352,900,2535,7270,11205,3728,12848,9036
8302,9715,2462,6280,8249,5825,14044,16086,4919,10433,10571,7355,12906,14759,14943,3755,12969,6963,10420,10313
11160,4454,12101,14329,4466,15877,8183,7885,13177,16262,1538,6779,5267,15483,6560,9105,11537,2156,13336,5501
13571,14588,63,5360,16194,5741,15229,7099,3545,1753,1583,9725,9013,4011,7535,8845,14743,13450,792,4167
10752,11112,887,13155,13845,8050,11145,3375,11801,3161,16346,179,3139,3580,10077,4516,9113,13402,6897,3440
6363,5676,15253,12681,14437,7472,14467,2426,14766,12051,14491,3570,680,10410,3441,8162,13029,9069,667,11232
1260,15156,12356,7385,309,9544,11699,1815,15510,26,13941,11286,4537,10835,15640,2025,8215,427,14670,2376
7819,4782,596,1587,2992,307,8433,8367,12925,6396,14824,14020,13275,12782,7285,14059,7555,9055,8347,5784
1099,7904,6788,5235,12138,12746,203,5208,3484,11631,2218,11011,14095,6645,4980,10804,14866,8108,8461,10934
9402,12347,13491,9654,1860,8562,3446,1155,11065,379,8438,7691,7892,14674,8973,11424,15872,11920,9262,221
6690,10366,9134,10106,8829,13746,18,4390,7293,3487,5412,1478,4166,9080,1563,9255,14652,8891,7180,3720
5081,10024,11516,12150,14342,5073,5776,13846,9216,1554,978,3627,15980,777,12548,15355,8547,15036,15089,9467
9137,13980,8965,3614,531,9647,8706,1053,8213,13200,12762,5867,15983,9324,13598,9921,1480,8934,12592,2653
6096,13160,6927,12238,11397,6448,10086,13829,3328,6625,7076,8326,11728,229,5972,10009,5274,5927,12581,12321
8105,8211,9257,11750,15195,9780,14656,10227,10333,11990,9728,4872,5285,6972,6561,3336,7371,11545,10634,2368
6340,15594,9502,15903,8150,9339,1236,7971,12608,1837,14920,248,4939,13260,13122,5917,8027,1962,13744,11921
4055,11726,6819,9468,4334,11953,15443,13773,3014,11016,10123,11479,16141,7566,13978,2158,5300,7255,8926,10467
1059,13098,6729,13149,1520,9838,14309,14114,15149,10228,12228,8167,4581,9110,16189,2273,14433,14455,6563,10879
13314,640,1187,5178,6855,8551,5481,7232,1409,12196,2984,6595,10394,16175,10587,6515,7803,9948,12290,5276
14204,1072,1486,4170,13223,3105,15258,5145,6889,5127,9219,3934,314,5476,8982,15926,11950,2742,6058,1366
7161,12130,6755,2844,14426,15801,4850,8431,8921,7330,9092,3791,4648,10324,12939,2341,13727,10856,4438,15997
6946,10847,4965,3249,10080,984,15805,15632,15168,10338,13741,1610,5319,1267,11408,12587,4942,9052,12153,4755
114,8657,2564,11709,6516,12635,12284,2691,15898,15608,10069,830,15493,5994,12950,12794,13135,659,11391,16348
5822,10837,10707,8421,8776,10309,3290,7300,5955,143,12175,2969,243,5226,5136,7359,8364,13809,13981,15016
7078,8579,11182,16214,7579,4859,16100,8555,5211,8009,11438,8699,6721,13677,12249,10790,10087,11233,8235,829
5761,903,9640,7414,16162,5968,305,10614,4448,2611,14317,7838,14173,11482,4429,4253,11130,4341,8779,12771
16337,10268,8509,10037,4540,3240,6984,5469,14379,10311,8800,7478,1035,15810,13488,3101,15044,4328,7103,15952
3158,10906,7613,12486,13618,8808,1185,7686,7458,13907,13326,10759,750,15194,15332,3911,12554,6621,12080,15055
10961,15171,7183,12717,9254,10456,10834,6753,9403,15208,15668,3013,4154,9208,12565,1223,12360,10380,14613,10754
4696,2800,10976,9328,16161,2507,13921,7987,9456,12741,2367,10340,5174,14986,11837,6569,9835,10563,12163,12256
3445,8752,11719,7184,3212,1619,10682,15139,9843,13797,8873,11868,6979,5616,12710,12128,12509,3345,3498,9048
5611,13856,8986,2640,1728,12240,13869,11904,7446,3637,7493,9406,15031,3721,7033,12864,10088,13667,4300,4198
1992,15853,11535,11620,11871,10987,3609,1492,11346,2413,12469,9729,16181,14899,10041,14843,2871,1343,4017,5256
10443,10816,16380,10158,11707,10480,3953,3475,11779,3670,13245,2701,4440,12003,6942,9242,14304,12733,15363,14326
15323,2147,12678,8441,11756,851,13308,4785,7117,5269,1788,3027,1377,6822,10680,1813,10220,6543,1591,1734
7035,7622,10650,6108,6975,13007,11342,9522,5923,11506,2878,10762,7836,8814,13511,4826,15570,15342,10395,14740
10127,10809,13861,10610,15067,13544,695,6533,9546,2689,5408,16024,1304,4909,924,2169,7116,11045,9739,13048
5511,10943,8424,12172,2744,12770,8750,7114,9288,11823,628,741,7106,7158,10021,6658,4435,6063,11843,2888
10027,10373,13863,14851,12999,10551,10726,7822,10952,10095,7196,8570,1664,6915,11273,7252,14942,825,9158,11142
5572,8835,7440,2286,5156,7520,14377,9720,9762,11702,625,7511,12599,10250,13862,7690,9995,9879,14540,2329
13087,973,13920,14032,8299,14340,10923,2133,4425,10295,6782,12232,15870,13901,1116,9959,295,5094,10929,6829
2422,8257,7924,14090,15083,75,13557,6214,4217,8130,14016,3166,7394,2355,4894,12492,9174,2295,6025,7084
4242,8049,14756,11183,4718,2469,12110,15436,9575,3808,16316,15026,751,7934,1551,13923,13682,2187,8669,9991
4087,6281,12061,5809,16318,11926,3089,14382,2110,11136,8797,14595,10053,1199,7396,7864,2302,12630,2095,7057
11625,9985,14170,4922,10592,6871,14655,1257,15161,14524,7915,13167,1014,12116,11608,15251,8822,424,2594,562
5155,7872,4402,11344,15923,231,11683,5898,12313,10679,14648,2430,3447,3583,16361,14153,16217,3668,11416,848
9817,10092,9794,13524,7360,4386,11517,11830,3334,11773,7188,15474,10708,4548,13965,14714,14430,7356,8019,16066
4332,10064,12004,6538,8023,2545,5366,6286,13207,10506,7027,6652,8492,15303,7996,12753,14298,11329,12637,7605
9953,12887,6161,12254,9145,11470,14405,8366,3750,6714,1351,14577,1616,12736,13487,6956,12112,1289,10730,9395
3359,15265,3451,7797,15437,5161,12052,8598,13592,16210,5617,8090,8718,1798,11580,7800,9249,6191,14053,11038
2221,181,1088,12572,3110,15617,5013,7855,1021,5195,5359,9784,5107,5985,10778,4227,10541,5135,3675,7961
8391,9250,8473,5218,10062,4539,1871,12490,4157,10112,4262,2131,12579,1393,9316,11428,15506,7910,13738,7533
5507,9320,1846,8135,3961,13074,9827,11641,14311,11144,8401,8796,2978,10084,6646,9020,11355,4955,15661,6166
8661,6313,7282,9423,1508,12461,6057,8229,8700,12263,4818,4645,9508,10547,15398,8297,15462,4008,5514,11574
5857,1073,14191,4507,6051,15001,11736,2251,11973,6412,9019,9682,4798,10619,3947,13479,1474,9811,15054,10830
1235,11050,5701,5541,12557,2641,15048,15660,2525,1094,14850,7012,12432,13129,9890,12096,1426,561,5717,7443
12149,12649,8240,12387,2075,9984,12191,8042,2216,2857,10549,4979,1385,11960,11812,16212,4445,7966,9351,6117
9331,4992,15188,15248,7878,9202,15799,471,3936,13603,1384,9357,10729,11191,3388,15495,15657,11679,7324,3620
10698,10877,6919,7118,13545,4762,10070,2858,6803,9885,9244,1315,496,8666,4013,12907,8497,11555,5756,9431
5440,11938,5427,7867,6307,4295,13646,13824,12484,1862,4259,3351,6651,8781,470,6010,2901,2813,10993,9517
3022,20,13252,14762,7286,7018,16002,15447,6391,2893,10517,6797,14787,1553,7435,814,2651,5561,5814,14946
10637,12028,10744,12622,5624,4876,7766,8171,16292,4520,1929,4678,9696,7669,7661,9441,3265,5520,13339,7272
9541,14606,5365,8377,738,12132,609,2795,14964,12016,13499,14690,12438,7562,9946,11358,6964,8180,14015,2055
8650,14823,12521,8704,3771,2004,3969,15535,15751,11294,6507,10749,2454,13255,8450,676,16043,1136,8987,13882
3702,2835,655,1196,11146,14785,8109,7391,6911,1718,6944,477,7771,1632,15946,12823,14685,14316,15289,12382
13464,15494,8516,9930,8457,4731,5623,15530,9688,13369,4977,11311,15522,10654,7575,16363,10032,732,8346,15085
14064,5079,15433,5015,232,14947,3138,13747,11491,5901,5301,394,776,1763,8738,12270,11623,11559,7820,10497
14924,2332,9830,10910,2921,10594,9635,8397,8217,6509,6282,4224,8475,11399,14777,13070,15687,12072,7197,5642
4241,11485,14189,7798,9712,9893,15393,7102,4202,4135,15211,6934,13662,12450,9397,7040,817,9894,1102,12027
11265,11660,12308,13485,13046,2126,9603,8263,6505,9897,8720,598,3866,9826,5452,9338,196,12787,7037,13141
15627,9064,5290,9653,6125,16201,13360,4199,7599,15598,12600,9251,10367,622,13998,13292,15058,873,8370,7719
14700,237,12059,12095,11490,5279,14096,9887,6766,14257,7141,13796,4868,5852,15320,16355,14977,13345,12243,13394
615,7654,14981,2363,2395,10017,1695,11405,380,8868,8216,7748,1080,7020,3219,4913,14157,5591,14341,8560
12784,2199,974,5010,6149,1981,12791,1250,4622,13719,15644,14475,14694,12598,206,7266,4626,2704,16185,16288
1993,1189,6922,3792,14378,9004,8318,13698,12953,9136,11995,8559,12252,9016,2848,6373,4808,2541,3846,16146
8165,15806,14131,8641,9832,6160,4983,15402,8729,10694,6587,6436,7949,7645,12879,9579,4351,5909,6178,3315
5459,10589,6247,13781,8170,11156,12846,1139,13804,7283,10209,4060,9929,14638,11576,6193,13501,2062,14728,13808
9854,8841,12209,15692,14960,6310,11476,3824,9649,192,11971,13778,5017,11725,7976,11749,3915,14956,960,9385
8152,12944,9549,9853,6186,3012,15959,1637,804,16354,1416,9920,4218,3688,13055,11566,8723,9151,8999,338
10939,5663,8572,10556,9805,13426,10983,2380,14254,8372,4528,15909,11909,10236,6385,2174,13208,4235,7591,5456
11178,15856,3337,5313,457,11034,10620,5391,7174,14018,5280,7667,15427,3091,6591,13696,12935,14666,8460,9227
5132,9465,6777,4033,16193,5916,10079,14208,9859,8125,4895,9490,12831,14672,2650,3880,1613,4764,13695,9963
9800,13047,11898,9047,12392,7618,14149,9621,7981,9100,12412,12934,8883,14275,8651,8616,12757,6103,14830,2085
8163,5503,15713,12721,4032,13589,7906,4724,8479,6019,4281,12000,730,8799,11706,4761,12219,7402,6558,13831
14363,9354,16067,12704,3863,13966,8638,8519,8208,14321,2436,5312,6218,6830,14900,875,9450,10840,11988,14720
7633,15936,1851,9609,9167,342,16204,1310,10657,7067,14917,12671,9312,8338,7129,5526,14865,12835,6528,10716
15559,306,10777,16071,1974,15489,8760,6048,14280,14312,16302,3352,1599,8893,12948,5190,2715,4786,15525,2821
15720,9278,8056,12749,12474,3180,5677,11630,760,5943,15184,15146,4393,1816,14662,10085,9341,15674,4885,9234
4708,849,5497,8426,16287,13288,1349,2714,7897,5006,11961,12508,2826,10173,8350,14167,14411,4443,97,552
10960,13608,3041,3725,8620,8975,462,2906,11854,11685,7153,8778,12985,5726,15215,5609,443,793,9846,9095
7505,12485,13103,1186,13750,3673,13171,4330,3973,630,13145,807,11382,13338,1333,4660,13632,2227,37,8330
11607,8079,4985,2086,12396,10271,10924,10895,269,2924,12973,7629,12192,8323,4550,2543,11028,14678,6188,3822
7503,14487,4419,2792,16375,16301,8923,7449,4568,788,12926,11076,709,12563,9222,6002,13505,6465,15565,4819
8191,7801,3830,14890,12390,2288,9578,12711,11403,15405,4677,5388,11757,14871,13666,5571,9726,6442,4314,10974
2892,2049,3943,1875,1608,15648,15649,9180,721,4215,5344,8016,2458,5407,14182,13442,2773,12558,12991,14799
8849,4471,11910,14109,4385,14248,12659,5954,8294,14498,5606,4431,11654,2351,9808,8834,7514,2420,13272,7492
1590,10049,14074,9486,7944,4409,1770,8583,12567,2702,1550,1383,15108,7113,7112,15731,4750,8146,11853,10263
2829,3883,10644,11993,7157,10342,3649,11563,6170,11230,8780,539,9698,4692,14923,191,15046,11704,10204,14174
7337,9377,15382,9659,15481,4489,5836,11044,13764,3576,13372,15439,11353,2211,3093,9033,8078,8627,5751,13330
8732,5160,3253,8045,13718,16266,1725,1176,7036,7849,7886,3493,1639,15451,7250,10120,10733,6756,14401,939
6965,14165,14413,13939,1456,4423,5113,4954,6325,8400,7593,3099,14589,89,8897,13533,13820,2776,11664,14560
6953,3422,2253,9924,7087,13564,13307,3443,3492,10756,7557,4846,12235,11026,1338,6726,1216,15552,14525,629
5875,1047,16032,4775,964,10208,8831,11430,15485,6641,12208,13296,11012,4006,11864,14388,1203,14739,6496,14288
1780,6158,11158,1238,1230,1273,13094,1682,4379,10081,11400,14583,10843,13550,11368,12020,11806,2894,7206,6701
1423,10823,12699,16122,2193,6586,14364,3007,12087,14466,13000,12025,12036,1968,11323,15702,15022,5530,15341,10677
8343,9943,15160,14818,7004,8626,13026,15540,13840,14958,280,8071,13016,8279,8788,2404,14807,16051,1571,8869
13013,4132,11404,3151,15982,8396,16238,2511,3604,1914,2635,13997,6978,14040,12317,8853,15379,2838,4153,1390
2768,10588,781,1769,11890,3325,15729,3799,9770,1268,1129,654,9691,2240,7222,1784,1690,5793,12182,13984
3024,30,6044,11122,11504,13767,15172,4023,13202,10194,10524,6144,4703,2690,10270,762,2495,7348,10534,5055
10600,12728,15895,12223,2563,10174,13140,5325,1873,3042,13237,4880,10911,12250,8423,6594,14209,4223,16095,14293
12454,10845,541,9111,3135,1049,7795,9109,2695,3958,1593,16340,15377,6182,3660,13678,2663,5022,2333,5324
7844,701,1219,8541,12218,955,7615,10775,9670,9774,15413,16068,3476,15155,4694,3258,7784,84,9276,4250
5369,8225,2224,5194,5668,6796,2190,5728,775,5743,15280,3639,14387,9173,5036,2500,14423,9607,6566,4232
12809,12687,15145,5026,697,10743,2530,2572,11840,15704,5128,7376,2859,7316,4042,12963,737,8594,6392,8083
14534,10364,15547,623,4363,9475,13248,11774,9828,16081,7,13668,12817,5189,12844,13451,13405,3050,1344,13528
12866,11593,201,13084,4851,10862,665,6623,15226,7973,2569,16202,8069,76,3857,13633,4529,14566,11697,16085
9206,9215,1146,10181,7850,10921,13815,7688,14748,14366,15445,10810,14578,4376,8686,3949,7650,11885,13588,1547
2381,13138,5374,4556,11991,15305,13318,16187,13967,8500,8429,4186,2944,5139,11908,5462,12158,11814,7954,12375
7079,10658,747,9124,5947,14022,11978,4739,2427,10566,3648,16011,2249,13021,7737,13303,10735,10193,4902,13508
299,13924,1491,5628,13474,4852,8476,21,6277,9721,6308,9697,12359,15860,5602,9759,13019,9149,9593,13062
13249,11194,12913,7982,12465,13527,839,14658,1595,2041,4472,11825,2171,12880,14501,13311,2626,13396,10348,16344
14351,10761,1164,5007,10603,1110,10629,1651,334,6024,2192,925,8289,1093,15241,10624,10880,9590,5538,7750
7061,940,9191,5967,12451,3853,12122,1121,8007,10949,13082,10863,9978,9446,11254,8467,3100,8333,5072,14910
11954,15499,9405,480,1820,12634,3849,2899,10468,15581,6597,2560,60,1584,2198,10996,15572,2614,15586,15636
15039,1290,15508,14784,11091,6342,2272,8469,16119,838,8536,7692,8888,13028,14459,7827,3737,10110,8711,7368
10170,3251,11941,1744,843,12651,2245,4138,8494,11459,4200,1687,10105,5996,13735,13434,10283,14837,14544,6870
6612,10897,14352,4092,13690,9500,7058,2943,16192,11720,11350,9756,10826,2558,1958,3533,9716,13935,2847,9260
15722,7450,13621,14533,12237,13399,7304,13126,9128,12478,10626,15928,7269,15178,5191,235,2318,12057,9,1975
13294,13951,15609,2529,1222,4948,8012,14241,11296,13958,3700,14375,327,14744,10545,12924,12041,14386,11930,12437
2257,12181,2264,11186,12168,11791,3887,12044,6943,3228,8413,1845,10550,1340,2448,12227,8553,10205,1913,13556
1828,11554,8708,11396,13549,11268,2408,9154,16057,1153,6423,14794,2884,14974,4161,8177,4037,12547,9913,2765
13315,10807,3904,6913,11394,15429,13871,10865,6479,1398,1063,4592,2961,7479,13397,966,14753,16372,11173,4108
1022,2497,9903,8274,6471,6076,10758,11635,9139,12789,1927,3820,9259,2918,2107,8502,9325,8622,12216,13538
15456,6759,1288,6908,13872,710,14827,13623,10400,47,14137,3455,4897,11624,11155,10852,8448,4844,14035,8245
5823,2828,7381,11753,14296,8324,5869,7826,14530,3874,10026,15262,10981,15033,13986,3260,14547,3896,10334,5664
2185,707,8902,12997,9782,13757,7791,13806,5963,2244,11551,14580,3795,14219,3379,8038,95,8453,12780,14374
3168,13640,149,11100,14730,12161,3528,3956,2146,2565,10341,442,720,2498,4793,5330,7278,2373,12725,386
12285,11967,5231,16092,3889,12683,3343,1149,5435,643,3358,7723,4699,8336,11486,11048,1634,3941,10169,13165
13513,12582,8740,13168,122,11832,11985,5413,10581,4668,428,14705,2555,3254,7962,2712,16061,13331,10459,13105
9542,12224,13559,11810,1418,5903,8953,5597,8644,11606,1108,1721,6050,15605,7066,13604,3518,7031,7279,10776
13175,9484,15113,13905,5173,831,14936,14350,9638,292,12134,8463,6706,11060,13478,9746,3646,16001,1401,11874
10222,15284,1300,275,4114,12015,11417,11442,14575,1453,1246,7192,7464,2153,4002,6805,13072,10500,11260,11221
7421,12877,13849,14178,10662,12715,6549,11691,893,9702,11328,16351,15482,3662,9807,3291,772,10417,8813,1912
9986,9371,14650,4449,13982,384,2069,15468,6839,794,10544,15827,9353,575,9203,3426,8231,13715,13801,7936
11963,10605,7208,7239,1355,9243,14636,1138,5863,8862,4131,15453,4632,12105,16171,6420,7341,12869,10355,2528
11484,10731,10930,13454,7412,14051,16180,4663,12573,931,6817,13990,6072,9765,14926,5848,13107,1287,4238,9677
1523,11784,6834,9993,13798,14826,9144,8614,11727,3509,11192,12156,13322,8052,6097,11543,459,14358,6880,11466
2283,4934,9773,12781,3613,6192,6455,785,11150,862,6763,16115,9852,4671,15190,11097,11458,6032,11225,2019
11764,2424,11690,15104,15477,12141,5850,8067,14868,12348,2926,10747,2030,8865,15328,5122,13459,15662,1776,6610
12889,14627,11093,8546,864,727,1986,15631,12078,9709,12912,11503,12531,2058,6401,7499,7590,4936,6336,4877
1263,7186,6022,1271,7785,14796,9317,10593,2029,12395,274,7339,2642,4427,6966,7830,4382,10975,10618,4717
10564,11859,10101,9676,10780,8816,4365,12160,13587,10262,4412,5049,11357,13247,5475,10782,4220,8628,276,9132
3877,16060,385,8359,823,9679,10221,13566,14640,7589,8939,5420,14412,15642,15278,9380,6778,9547,12859,14001
11778,6712,15181,15709,5225,10175,5179,5734,7131,1427,169,2579,15399,15964,8664,11292,11059,15772,7338,9831
7480,5355,2345,13452,7684,9779,8159,7185,2833,11527,2002,6876,5974,11271,3960,10343,12125,414,12202,1089
9713,6812,15665,15616,14626,9850,14776,14303,2814,8652,15593,8663,4110,3555,4141,801,15227,14452,9977,13874
6896,10005,9904,8802,12441,10020,5567,13113,1534,12617,5522,7552,6815,10462,8727,16278,13575,14620,8904,5878
5100,14816,13534,2402,10185,15544,11863,11277,7475,7584,10259,1985,160,8956,3619,11169,3424,12180,681,216
15505,16297,15867,7107,15735,7883,11085,791,15915,16101,11776,4878,8761,14021,8013,515,874,9564,159,11822
3406,9632,11284,9194,4301,9232,15373,2599,6490,14988,10785,1346,10663,2296,12032,9318,11968,8709,1746,5631
7328,4809,6792,10279,4115,14909,10203,14706,4099,12540,10376,10282,14614,1356,15417,7992,9899,3692,9421,5042
7334,10143,6293,14625,5063,15990,14160,4530,2451,253,4222,880,12257,7898,15088,4914,10318,10573,15563,116
4697,6359,224,14859,3268,12701,9795,3113,12458,4579,11611,3414,7745,10691,4585,1132,761,8564,15549,5715
2287,14264,14765,1091,1990,15337,9434,13945,8606,6115,2470,4971,3527,1933,3114,7490,8259,15286,190,15040
7211,10755,11722,11141,15076,7970,5117,1896,3136,13916,11714,13483,7625,150,7276,12667,16249,10217,9411,12891
16133,11942,11698,1611,4310,12836,2602,15797,7486,12113,16256,13553,2755,11521,11006,11321,4735,14222,13346,14653
8412,3903,8286,8642,3016,7768,11139,8119,9479,11747,2489,5150,9700,16094,2934,7241,9459,5484,3275,10576
12553,3942,9430,11860,1087,6673,5544,7697,9914,1111,11949,7416,2817,1469,15157,12464,4675,16113,6294,3179
3491,10388,4587,850,11849,1967,13091,8044,16293,9461,1761,6783,3005,2907,7995,3786,178,5785,10178,14027
12818,11800,13992,14406,16053,885,15387,11835,12066,14914,813,6070,11471,12071,10378,7074,9495,7483,11481,15527
10115,6878,3301,9718,11661,1024,5056,12799,14030,8762,16350,55,14764,11287,2466,398,14050,4606,4174,15566
2694,11845,10096,12230,9041,3299,2787,5090,5911,6106,1866,12904,12030,14609,4772,8398,773,12601,11901,6738
5421,10496,7442,12914,5753,9588,490,3821,433,6902,3128,5720,333,8707,12839,15728,11666,10764,6289,2757
14603,2966,10097,9878,1878,14337,14345,4781,15779,13301,3403,3716,16223,9871,10907,7069,6593,5458,16035,6365
1996,9006,10857,5579,11057,15803,2202,12928,15812,3019,6230,3561,15517,11582,1017,9968,475,1054,5018,616
392,7931,8530,3200,7874,13368,12239,4372,13751,15376,506,6037,14617,13078,4799,6381,15424,11893,16176,8251
2687,12945,7952,4101,15754,10369,1612,523,328,6947,5908,4368,1496,8437,8017,4630,10390,10285,1085,1901
6991,4990,8794,319,16132,13906,16150,10972,8639,9634,15061,6647,6993,10676,14211,10292,2094,4594,10580,3324
5936,15460,14763,4264,1785,12068,16291,7041,13702,14683,13661,146,11768,3248,15678,1188,11415,12211,12644,12381
5902,9602,14482,4021,1194,3666,954,15352,8838,11613,14591,3398,15475,12411,8512,2856,13146,13535,14492,15958
3898,4490,748,9533,9530,1536,16190,13238,7469,15595,11445,12169,3032,3928,11713,2294,11592,3601,15691,1451
399,267,10530,2575,2515,11553,1625,6725,9740,9769,13142,13045,2059,4722,11982,14082,6529,6659,3213,9482
5882,2260,11839,363,7889,3531,9892,13337,9211,12957,3638,1037,4841,9439,1765,9695,4776,3707,11363,4096
11407,11712,1325,10265,5038,3390,13038,1278,9662,7146,1740,8537,13465,2377,12188,3256,10525,8824,3057,7028
1404,9989,8836,5859,10387,8086,8603,11532,1952,672,841,8277,15007,11896,13807,12730,8513,16359,10969,11469
5262,128,3373,2609,1128,4072,2136,11836,15487,13036,883,10149,2688,12483,6872,8149,7627,12824,6977,5566
2429,6134,4336,16137,16173,11285,6695,6127,10613,7537,4173,9793,14745,12812,7162,13310,11412,7524,12910,4155
8647,7248,975,3261,9143,12244,10854,4371,104,4753,6092,4179,10128,7314,3617,12069,699,5781,11907,890
2540,13225,3616,8334,7495,5170,209,9810,13786,11361,14270,12670,9181,7065,12855,4862,2465,12154,2665,14834
2072,4911,1833,15822,4463,2386,6153,12310,11073,1527,13691,10125,13498,4497,13143,8877,3320,4486,10661,2518
10296,2223,13624,8243,1586,13723,12258,12727,5920,3782,14772,4502,5025,14315,1717,9437,15515,10071,12062,10360
5729,4511,14512,1704,13286,9413,6201,14063,8863,865,8535,14285,1745,8190,8306,945,8728,9364,1716,8621
16090,14684,5151,9356,13424,14952,8892,5782,11754,7602,14549,218,2040,4620,9114,1945,581,7298,14474,2655
8029,15050,16209,10979,15834,10641,4276,2606,10294,6617,10508,7312,7848,12295,6820,13201,8327,9660,6206,8667
5270,10198,5411,1327,2615,12514,9622,9942,9934,10453,6689,14861,15647,3399,15875,6892,9005,4233,11718,2000
4962,4727,1797,353,13694,13685,7895,7681,12588,836,9268,3819,7905,3247,13263,1471,15210,9714,5210,5792
6100,9630,4027,12837,12084,913,13860,14637,10305,4806,6717,10579,9256,6936,5148,15367,1339,4950,1134,10157
16368,5737,6771,6559,11067,1908,1773,10933,8910,11345,4509,1762,15927,9693,39,16311,4574,12448,3036,11533
1282,2951,387,2738,901,14806,13987,1178,6388,5304,5351,13609,14393,2444,3224,4619,14732,6866,16207,13675
4034,9741,3742,12669,2490,1710,4635,13674,12726,4046,11283,9472,11889,15500,5268,5157,2673,12201,10928,12763
8094,10229,10667,14709,7227,453,14289,6951,14184,12657,15967,7024,467,16168,15971,10720,9237,14327,13948,3385
7818,7373,4882,507,3815,5106,10437,14236,15521,12815,5110,13116,702,14645,9969,3103,2999,12311,837,6899
5697,3625,6140,3828,1452,6154,10073,13653,10161,3339,2463,12466,2467,15857,13531,1601,8085,226,11002,2435
5023,12422,7156,12378,10240,5509,13003,15078,11610,10474,315,764,13547,549,4714,16329,8528,11015,12260,9326
2407,8613,11526,10846,5033,13486,167,14115,4582,3746,6909,10652,5505,14545,12067,15364,12650,4162,15663,6961
13390,13438,3861,12738,4016,1977,4031,2348,14251,8521,1805,11088,9891,12748,7428,4039,5845,12672,5987,4726
3391,8388,11312,14310,12323,4182,13894,9045,12760,6981,11615,11828,449,4417,9703,10212,12039,10171,6960,4439
1549,13370,11326,12908,10442,5858,1247,9973,4542,789,7379,6801,744,8938,14271,1766,2879,7624,6893,6502
7267,15925,4571,3102,4779,7424,4976,3980,4274,10953,3344,9043,9772,13888,12723,8250,6526,6040,11127,4097
11125,4410,7959,783,15012,16170,2183,376,942,15897,5260,15130,2317,5718,14279,7195,12996,842,13169,341
867,7240,15186,7382,4312,7005,4835,7597,2698,13410,4296,15688,13468,11562,9860,11956,1414,2179,14724,8894
7968,72,10509,2325,15914,15650,6985,12986,5223,11783,11790,9745,4890,11550,12119,6386,6014,9694,12344,14623
12829,7781,9689,2143,298,2258,8825,2953,12398,10940,1392,10061,14713,1130,10075,7406,12956,3582,13800,15802
3454,4030,4428,4120,8143,7724,15152,11540,10645,6618,3981,12371,10656,7055,5891,15388,11497,14896,889,8008
8676,10485,15835,13439,14175,6657,14384,288,1082,9939,15879,10725,2752,4321,12170,2983,14836,6786,2145,6536
3342,671,10224,7742,8569,14735,13073,9912,9642,8097,6804,2897,2699,13118,8611,3378,7198,11116,2693,12664
6669,16239,4925,10248,2825,27,14804,2601,2439,4270,12334,7235,4610,15910,14480,15607,11023,8161,11883,13433
2705,8870,2865,7160,2102,9823,14955,245,14179,2229,11638,1546,11114,4928,3884,3913,13375,4043,4553,16199
5383,13385,9418,16155,9910,9207,4828,10266,536,5669,3569,12768,5149,8789,2576,11769,1472,9886,3505,3579
14416,8860,7143,5457,13382,2418,5439,7137,13877,6677,13163,3910,15881,7082,2643,2664,69,11673,9301,12008
2328,5389,15865,12440,2686,538,11074,11958,12820,861,11320,6047,14518,13359,6945,10039,6676,11792,6552,1038
13999,14718,1844,11109,1887,10868,13495,5390,14598,15813,11670,5496,12834,11781,11807,12097,345,11887,38,2552
977,15811,15359,2604,6020,11888,878,12159,9540,6347,6962,1692,16268,11604,6530,711,15987,12231,10234,15569
3550,15819,8482,684,16118,6541,15329,12394,14125,92,3714,14570,12765,14399,13213,13614,11021,12099,7430,10591
3294,15825,8826,4000,14516,4480,14966,1029,15673,15786,8909,10737,9598,11372,378,10247,12271,9135,6067,1902
1858,8178,6011,12750,10261,2976,3671,16089,423,12537,16357,8658,12222,927,4701,12583,8715,9070,13430,7123
135,16373,180,15658,1627,5688,11009,4362,5887,15024,10773,15062,12885,14571,6180,13552,9752,15434,9030,904
12981,8693,14829,10894,10067,9862,918,6775,11089,4248,8006,4333,5092,7634,4272,16110,5250,6226,6974,7460
6165,15043,15718,7790,4482,13441,13706,1714,11341,447,234,6441,5683,10272,272,14803,15526,4881,6348,15228
12349,10988,11319,782,16240,8677,5554,12246,10723,10956,2161,9821,14802,6440,13232,16003,5186,3552,14449,12895
3431,11780,6744,15097,15313,12899,9329,2521,4211,6687,16025,9841,15764,15913,14857,14435,16104,4178,1514,10958
3243,7979,11098,5207,6789,4150,12093,4012,3987,7529,6466,11211,4637,11336,10264,8925,9882,12320,2357,9108
208,2590,14523,421,13881,6605,326,3514,6457,3974,259,12264,5215,11463,11166,15614,10596,4544,12109,8964
14368,2862,15901,1663,11541,3432,13344,8637,11327,12689,8906,16336,10990,5636,14567,1298,12251,15394,16031,12990
14353,12821,3175,15634,3748,2475,13362,14938,7400,7978,5989,2603,7658,11000,5613,16131,13341,13086,15370,2344
3109,5709,7096,5914,15589,1048,7631,4403,14133,5335,16072,4256,6319,14751,3826,1084,7322,10684,9684,14154
1173,1662,9366,14573,11616,2263,1410,8623,5515,619,4837,16227,15163,14232,11164,10167,12462,13642,8850,4974
9494,1868,7639,227,6683,11858,10362,3510,11816,3511,3588,494,4004,9815,15615,10674,7729,7559,16371,12104
3585,9195,8168,11546,10917,131,14877,9705,11581,2280,4790,15470,6240,3020,1299,13133,3033,8011,4960,10721
4951,10903,3194,8625,7587,317,11515,13170,7708,7845,11216,5991,14597,12272,10742,14856,7344,8928,14370,6086
7545,4874,12841,16243,5979,3632,14998,6174,11193,13056,13753,10126,908,15850,13239,13015,13300,6746,4123,1751
8340,14513,12767,763,13903,4689,4758,13040,14055,14124,2534,5000,8059,3982,7578,11033,5448,15025,11737,4662
11716,2226,7779,2501,7626,12335,1362,7445,14442,2589,2052,265,14925,3350,13014,4018,12157,9078,166,8695
15792,11694,1790,4737,14554,6765,9736,10927,11172,3120,8151,303,13811,1242,14441,7671,15143,7513,2537,12456
3560,11239,9387,11446,15010,6884,8339,15577,9303,13684,15743,14821,6492,9238,14489,14633,7477,2746,3283,5193
11020,13597,11675,12574,10769,7038,7060,15079,13895,5915,9172,15734,1011,14593,4360,6722,5840,5772,7006,15307
15807,4315,10850,11857,9123,5932,3169,3592,12416,8295,15064,9816,10239,5568,15733,2370,11937,1166,374,2215
12,8203,15752,13285,7311,15756,15560,11656,3766,14844,8073,999,6882,2184,4918,8319,9704,6799,12610,5529
5433,7828,6895,4584,7694,1334,11798,11524,2638,860,8415,14297,5528,7434,2326,3389,15330,808,1856,6887
12596,5801,11392,1821,12776,7170,2646,7261,11414,13231,11649,12933,12049,11721,5167,3840,14979,1944,719,13060
11242,1436,15775,2750,1618,492,33,9737,3745,7263,7594,4661,12507,13032,7363,15937,10356,13979,8751,473
15101,13605,15206,5402,8140,13515,5129,8879,10322,2766,14919,7397,10015,2028,2784,1232,35,6353,7935,15664
8121,1892,6228,15855,15415,759,1756,13561,14260,2279,15643,7964,12075,11347,13647,1495,8900,14963,12917,8093
7586,464,5434,2235,9061,12571,13008,12840,9162,6122,3862,7026,14553,10901,14916,12980,7646,13574,7277,9788
22,194,3837,2636,8201,1810,16247,13913,12210,5428,5368,3365,8255,7329,8411,3129,14318,12415,15127,6642
12207,4647,6608,400,9277,15222,12656,2775,2680,2842,3593,7029,8694,2843,12047,4715,6124,585,13367,2807
9120,13218,2868,5910,9273,5461,7152,12739,11238,9098,4396,6212,2657,15386,10060,15072,12983,14723,2473,14832
14273,891,11432,12611,12976,15177,5357,7754,11427,9820,2777,7831,14396,1227,3633,15621,7418,7546,5070,4685
8775,7705,12903,2526,10893,12882,11912,7891,13843,2142,10206,1529,11462,12245,6155,5028,14465,11827,6326,12472
10251,15818,12455,15225,13721,12870,14060,16275,1817,14696,1387,7773,13220,7647,7030,10745,8970,13866,10789,9492
1105,15187,14292,6546,11777,2195,10352,7598,12414,6781,1482,8271,3686,9248,3784,9944,7606,10858,5975,7778
13756,1284,15360,12660,10109,13093,11302,14779,10989,713,14528,4041,13281,5214,4857,15712,15700,9623,12362,1659
4866,2970,9189,4725,16277,15250,10252,15428,1511,12042,11740,11188,11560,13581,15715,10299,4949,14007,8931,15008
6809,9348,5633,14611,4789,14659,11899,10586,4089,10103,2387,5429,7668,10411,14971,13572,11818,14065,5480,12626
14798,14076,2930,4280,12886,6898,14948,15677,11036,2840,12978,11266,5,12718,261,14701,358,10841,12503,9818
4706,5665,5827,4293,10145,3854,935,10235,4547,15842,5043,10225,6849,12641,13658,4081,6197,12766,12810,11841
12410,13940,14619,11512,10040,13657,9584,6088,5432,653,8768,1969,14781,15170,10375,3832,15473,2979,11275,7821
5961,11121,15592,5637,4158,13968,15027,4864,11373,15874,13067,11170,11197,11561,9089,1922,210,11431,9848,9422
14268,11229,10774,2801,9672,15389,13912,12292,10875,3225,4465,15020,4688,1877,12471,5130,11804,15192,11027,1357
1262,15207,10669,4629,8465,7875,3650,3606,1518,6733,9612,6795,15931,8635,7257,12303,7209,7930,1603,7676
5627,15065,11752,13612,7086,10100,8880,6650,13320,994,14009,16356,13991,12294,11557,6616,9344,10425,5549,15372
11262,14932,12006,2401,11064,8580,14563,3860,6257,15924,11360,6081,8759,3864,16052,13562,1705,11343,9987,2832
176,13960,4562,8439,10133,3789,12351,10722,6660,3235,6571,14999,9825,6049,1025,7753,6139,8952,2936,15273
708,337,7563,611,10218,6745,8782,3754,13645,13257,12315,13123,7210,1779,7247,1172,12524,11070,12692,13333
7813,11686,9269,15587,171,14746,11585,15623,1874,13919,7933,5027,8269,6031,15279,12603,12677,13530,5513,5282
12618,5002,15003,13393,7725,10001,10632,5806,5165,9101,2880,753,1703,4203,6903,13770,15037,5384,595,3271
2234,718,2771,10353,12890,11715,11594,6519,5053,13789,970,9201,1880,12111,12060,3758,5443,12357,1206,2903
6580,11495,8949,11126,1708,14791,10441,14371,13969,12384,7217,10748,12585,4705,6077,14394,3797,10082,9426,544
8783,5819,5600,8256,11538,15311,15449,6030,5024,8484,2109,6034,2990,15511,4513,8141,3095,3466,10368,4103
4728,13898,12505,2656,14797,15309,6661,40,8291,3076,9625,3383,6419,8518,10319,4094,1842,6151,3713,9512
15321,15789,15905,11452,8310,6607,11739,8331,2496,11005,16124,4608,8166,1719,5657,6120,12143,12026,7297,8974
14198,12502,7023,9504,2764,11733,3497,9085,8847,4014,8565,5356,6824,15951,4669,13477,14101,11282,9433,12501
2718,4600,11195,6271,4266,11802,12534,11965,11796,12103,10406,10215,698,14400,3172,2587,330,344,14265,12850
8790,7289,6719,14493,16245,11539,13027,12515,7542,12083,3917,3783,6743,990,7194,9473,1261,12665,8881,91
16339,6704,998,13387,3363,10083,3715,779,1698,811,11918,4040,11520,7721,8418,9967,14025,11443,8992,14864
8204,6954,9881,14479,9470,8736,11106,15435,15904,620,1180,15154,12511,1731,14036,7236,8402,105,13700,2311
578,11354,4236,15000,6906,4570,4047,6950,14039,12374,934,16276,11419,6615,7433,930,12494,3681,6,8182
1477,14778,14643,3160,4927,4421,2239,14604,4255,2033,1081,2356,6368,6716,14302,15917,13001,2274,7481,768
8972,6143,7929,12525,1838,590,7407,991,6596,15843,7788,3011,2763,2441,16208,13745,13930,1686,12050,13041
3939,7793,2660,2949,2108,11866,9044,9915,4245,13887,8671,8123,8014,8698,13353,4003,444,14247,3529,16327
8522,15196,12405,15357,932,14231,4283,11744,434,5371,15630,5707,601,14915,14261,9657,10699,8911,1811,1707
7714,5133,15512,11900,7171,15302,172,15444,7789,13035,13120,16112,15032,3536,10391,1311,5671,460,2573,15899
15095,4525,9155,15049,1946,8997,5555,478,12752,13537,6443,5748,11433,15889,279,6446,3039,12713,1254,9447
87,8592,11902,7880,3678,10052,15252,12418,15090,1113,10457,15077,5634,11833,6001,9586,3257,10808,10379,6329
12023,1294,12826,7777,6957,10740,7335,7975,8878,5861,15884,13134,2213,3370,11687,7145,11671,4234,11288,2308
6995,4924,7223,14775,5630,8839,1940,10290,10905,528,14908,4621,6407,1622,11508,11878,8368,1818,3654,3469
13002,13422,15408,14201,12297,3155,4670,13716,14417,8605,2180,1463,2063,1107,1345,11196,1706,13216,11803,9040
10141,2137,11175,2132,1170,8362,13037,7749,1516,12883,2517,12324,13952,12121,2516,12517,4968,6445,10478,1283
7716,6272,15018,13652,766,4348,1796,2613,14622,11236,11500,15695,16211,6238,2230,9333,10798,297,7439,4940
10465,4247,1050,6836,13244,15281,3006,1069,8116,14641,9982,1983,2088,1220,15463,4452,9489,2508,15455,5336
14828,10303,6209,3181,7672,8542,15902,1292,8755,16012,15397,5648,14313,10562,10675,9280,13947,15671,2343,8640
11081,3753,9037,8656,1822,7110,14392,7859,5303,6269,12179,13768,15633,1683,3807,5907,13034,10036,11572,10636
5410,10337,1947,12862,9305,2409,11586,12526,657,948,6098,14328,9919,15858,8960,8281,12108,14098,1277,2952
14831,12676,1210,13542,8329,5243,15110,1574,13506,6082,13600,7937,9591,13836,1764,8432,11886,5546,7901,12544
4151,4044,650,14225,7583,9813,7807,5116,12183,12361,9966,8912,11628,15782,15052,5886,16054,9444,11997,618
1360,316,4598,10280,4702,13319,3842,9399,5536,8634,1067,522,6288,10163,7361,5686,6380,9046,2455,12424
1231,2437,9581,14558,9947,1256,10833,4824,1380,3724,8777,10647,3722,15316,9185,8549,3719,7336,14093,11019
11281,14940,16218,14190,5031,6833,16310,13408,6008,8927,8753,6194,296,8374,4523,11788,13136,12722,3696,11212
13323,9297,8793,13125,5071,6283,14274,2167,4484,12401,15965,5976,15977,14456,360,7899,8597,15840,11505,10423
3185,12764,15073,4546,16123,6606,10821,14898,5692,8428,13334,130,15808,11014,898,6537,3096,7325,2017,6029
15882,14012,14042,3367,14100,6588,10186,4022,8604,16129,15218,11489,6793,6043,2929,4832,11010,8104,8261,13692
5508,14929,10918,8735,13731,9594,13444,8632,1915,367,7607,7531,11249,15683,871,16295,219,10232,12520,8427
381,14445,4413,3408,12876,4515,3125,5358,4595,9343,14679,11454,14470,13573,12442,8820,5255,3115,4691,1674
3473,11605,4961,9072,4796,11426,8968,3205,10714,11035,8103,9133,8674,8293,2362,15053,5800,7527,2024,13361
5524,7911,14372,8363,9583,6323,13461,1904,1854,8920,9537,12697,9861,946,129,10945,2711,15574,273,12417
13742,3621,12296,239,6266,110,3083,15830,559,2863,1363,15945,410,10812,7259,16362,13641,5789,12529,331
7173,576,3051,5050,14742,2669,11290,12385,8258,5328,2091,9183,928,8866,15763,7644,8539,757,504,14006
10738,3778,573,2394,2898,4747,2231,14457,2577,15322,1669,3186,4369,1673,1286,14464,14592,9738,1159,13190
12423,3038,1440,9035,2908,12010,8505,10827,7149,2850,6806,5763,5651,11137,10505,13284,14499,15112,6314,5766
16088,11087,8983,1852,9845,2384,8855,12793,13356,2957,354,3759,11280,5583,11821,2964,14043,12510,293,13681
11759,11944,15588,14780,11200,4742,186,4887,5895,12875,10495,14391,7044,12214,8158,12974,1526,7616,6287,5478
15696,1655,13777,11701,3230,4633,12129,10389,12675,14506,14202,12055,1709,2067,10237,357,10913,10533,8134,6680
12261,11787,2160,12167,112,3899,9521,13686,4599,2117,10307,13259,9059,12043,13669,1353,8242,11575,15694,15748
3028,14031,15431,6814,5804,3572,13790,8609,11867,12535,5577,16248,14354,157,9245,2008,6221,8084,7950,7017
406,8169,10200,14397,12144,8806,4479,7939,16263,5699,15060,5332,7601,2284,7377,11549,7974,14314,2679,13240
16265,14695,2433,12018,7582,3704,2778,3133,3525,8499,3080,5708,6622,16349,5673,7965,8196,8228,15528,3624
16077,416,13606,10484,5103,14136,12936,2570,11255,7411,9574,12341,1807,4181,9582,10448,15963,3558,3355,9188
14632,13268,11477,16365,1027,3438,6290,495,5512,12022,6937,9592,8234,5495,15254,14635,7313,4458,15599,6604
14361,9393,5960,1228,2243,13627,3611,12265,10947,2268,2203,8276,16153,2816,10258,2081,10358,1802,11246,13420
12522,4569,5553,6215,8520,1103,2855,13973,7429,1898,10393,15788,5168,6518,14385,13278,950,15546,11519,6601
9321,6579,14687,3793,14815,3434,15410,1819,15571,8481,1167,1350,2319,8994,14646,10273,5252,4149,10108,16303
6501,12941,6099,8515,10828,13859,12745,429,8510,15619,10829,6949,5893,15776,6787,7846,15306,7919,15223,16030
12314,3216,5724,5929,9375,7202,1466,8037,1152,14669,2491,8575,13732,6930,3749,3204,14552,13504,10874,1923
8942,11913,14132,11668,10144,1224,14550,11129,12309,5087,8088,9071,16027,13953,8963,14793,11951,8936,7420,15179
16114,692,9962,1589,6175,2015,13096,15744,14853,9306,10183,13651,600,12206,11986,11047,13687,8480,6932,985
797,5843,14181,612,8945,5940,170,13189,5924,687,658,15166,12546,215,1083,12176,5810,14242,5060,13280
14840,8124,1897,7739,4566,4693,8195,2520,15066,9164,4075,13419,14083,7032,16255,2105,3159,13066,8683,9161
1450,16257,12743,16213,13388,15093,7473,14647,2676,2113,456,9631,6080,14169,11291,6684,4244,899,5315,2434
7521,5799,5041,16290,13192,3962,3813,5424,10361,14118,4774,15348,4627,3729,10625,12920,15994,9026,12318,13615
15932,9396,13510,9337,9658,15676,8653,6413,7746,257,7128,156,10820,6497,15150,2532,16083,2988,3991,14080
3520,8064,1348,10942,8315,9605,4260,6736,3177,13650,11761,7436,1573,1144,8805,10771,778,5370,15624,15620
9290,13870,4653,3993,6459,2301,11289,7630,1076,3875,10047,9781,5061,15979,14505,12279,14888,12225,9731,14409
5652,4756,16196,16034,8771,4959,10118,11075,10560,4650,14213,13503,15992,3610,13271,13911,6923,12966,6450,4125
12737,12679,9844,13181,6268,10351,5647,13576,11996,2719,15684,13638,70,4305,1127,6078,2359,8365,5245,2200
1454,16010,1853,10914,1884,4527,3699,14250,2803,4589,2580,4176,1666,5227,14024,5942,4838,11884,7350,2369
13064,6952,7467,14631,9531,6406,10970,12982,1373,1909,14360,187,3404,6728,5700,580,6544,6361,14075,7169
13617,4053,14546,6858,579,13543,4279,1285,16267,4966,15270,14629,11492,11855,14747,2036,10700,1140,15656,6378
5084,15804,14618,6357,8861,3546,10304,5918,13221,12905,1,12916,12984,12446,12639,4062,798,7734,3030,14439
5704,7709,7025,12137,6664,10951,1697,6402,329,14325,13158,14414,3562,9282,8304,9166,9374,15144,10230,2882
14331,15375,11640,14476,1654,8668,5860,497,12268,4609,4921,10786,3870,11103,12584,9628,258,6821,1882,4377
11478,8496,6068,7824,15553,2111,4434,6859,5182,1621,14734,7351,6917,11724,1700,12863,15838,12234,7834,12178
13151,9384,14134,1521,909,13794,1980,3940,11548,7761,3295,6042,11222,10055,4,5640,16106,5749,13931,12253
11307,8665,3207,10635,1445,14677,15686,13758,2722,6852,6204,15244,14895,15490,15996,13879,13635,1726,13942,13943
12734,16121,6873,8490,10365,11068,3526,9390,14729,5188,61,8214,2194,11906,7070,15199,12893,13518,14795,2648
7611,3236,9922,7960,13347,1367,1808,1464,14957,7508,15109,5690,9032,13414,6791,12340,14233,6699,15491,10154
9171,12195,14092,589,3221,16079,15294,10882,9235,8118,332,10269,14750,8010,15356,2459,14686,13560,6933,13754
3966,16154,6255,8345,4422,8950,14994,5835,13335,14365,5445,10673,5939,58,4981,6351,3056,15028,14228,2747
4730,1352,11154,11339,13590,13357,5064,5114,15906,5899,8051,4575,14130,2170,2304,9616,13374,5109,6315,12301
13938,10405,12773,610,14460,1525,4827,5844,16148,15395,7632,1296,14144,439,4304,1533,13364,8066,7896,9506
15314,5379,16242,7733,2809,12865,14564,16143,16331,14104,7570,9644,8021,346,12001,5959,10477,14680,13540,14842
13358,8745,1841,1324,11647,6327,13976,1501,9674,445,11453,14928,3994,7100,13173,3643,6390,1205,5375,3608
5299,4289,15944,15893,3522,14230,12552,347,1738,174,10057,7621,16215,10727,5196,16220,3178,12951,10728,4733
5816,2851,15541,9184,5297,13628,3869,15916,6489,9822,6997,13132,1566,4577,7047,14333,2139,14880,4277,2074
4957,10655,14497,2627,15848,6302,7679,6912,11935,2652,7399,895,8748,14860,9053,15212,11820,8985,15030,9801
1151,14628,3571,8100,2068,195,4813,11639,6967,7588,1924,6861,10397,617,2726,3364,4618,9279,3811,14944
14122,10461,16076,14557,14727,12379,10445,3374,8028,2189,6494,12642,11147,9599,14961,14047,2,154,15717,3078
12946,7380,8617,11162,13956,13080,29,45,9927,15746,2749,8702,6189,4302,14089,15412,7914,5293,10219,13787
15461,13886,134,4078,15312,13469,2372,14612,1509,11379,5121,6843,9958,8944,14146,7731,4741,403,4623,13413
14819,14195,4674,14373,3417,4086,7927,5557,13664,9266,5362,12443,12024,8081,5098,15002,12428,4024,16013,12151
2549,16000,13227,8260,13210,9457,11760,8322,11080,8148,10463,5283,4085,11914,12595,8222,12992,3025,14052,1513
11689,12555,8351,5224,632,14107,557,7498,12040,2307,6229,491,13844,8595,10713,4397,11435,2735,13709,1932
2207,15014,14471,6980,11335,11448,8266,15295,10090,10753,6150,4388,8136,14665,7221,638,15326,1626,5097,14062
6776,5990,2425,8705,10685,3144,13283,14048,7815,14616,4541,3622,14810,2666,8188,3676,8823,14704,3534,10783
3682,2923,16097,7405,2241,14330,14013,3309,10189,15333,6439,15817,12680,11234,2954,13825,2140,1648,13834,2668
1720,8252,204,13412,9445,1395,14037,12800,774,10984,4763,323,13708,13520,14770,14504,10695,10946,13631,6356
15448,13490,5039,15750,14097,11077,281,11411,11826,15498,11270,8120,9692,2366,7882,1722,11475,1696,10781,7000
1481,8503,3852,5500,11765,4710,16314,12148,10932,15319,1125,15057,8946,6802,4127,510,5217,7342,270,2282
9514,5594,1374,14590,25,13197,7425,13914,14976,10320,6033,14813,9563,9420,3507,5104,693,14671,8025,7242
3612,14367,10281,5376,14934,6007,2178,3239,4210,5221,14548,15260,5578,8852,8856,31,12467,14600,726,3954
13963,5278,83,7651,8392,2788,13601,5952,3921,9719,1208,11507,15488,1336,9573,4474,2703,4090,12569,9933
12549,5491,12029,4001,15542,3512,6503,5361,12527,15138,10475,10664,15361,14359,9140,9515,2032,2717,14323,1889
11202,10199,13467,5588,15347,12200,7218,2378,5516,2830,11838,10997,7988,46,14839,12775,5229,12532,16036,11184
8102,11596,10293,6867,11062,11381,828,16136,663,6028,5406,9229,12938,6643,10555,10818,16338,1834,1459,9275
7176,2364,11163,2472,5696,4285,16021,13212,8352,8273,7256,7523,6470,3068,1631,16200,1106,2209,8172,5318
16130,742,300,6437,10401,11966,15557,12648,4201,1215,16135,10066,9416,668,9580,16128,7343,6854,6724,16231
15084,14808,6263,641,13705,14150,14192,15136,9267,1636,6484,13407,15335,13379,6330,2031,14664,2442,15486,5980
7643,11322,7327,15582,11046,8916,9355,2617,12145,1249,9367,5890,10602,3187,5550,9824,10688,183,2633,8360
3661,15851,3850,2320,2338,5992,15941,6472,3537,10672,14496,13071,9872,7912,13736,15148,6084,14515,5966,12076
1163,15550,13241,7427,13455,5059,14565,2730,14111,15536,13915,12714,14038,2070,2453,4025,15245,14715,8154,9865
5853,13095,3709,2259,13885,14119,2644,10660,12184,11107,7105,3747,3908,5894,14290,1843,2904,9160,11932,13437
567,6339,7172,13983,12857,13398,14113,5239,4156,13088,14156,9624,10689,4069,5682,13366,7759,7755,14483,12578
10711,5551,7814,12115,584,12539,9213,7940,13193,14291,2915,5802,6739,13226,7792,11174,85,14918,5378,1241
1781,962,247,120,11626,3777,155,2159,3238,9961,10012,15832,11380,2927,7453,10104,15957,5969,5180,8544
8387,15017,15023,2350,15839,12759,10570,2853,5670,2527,5483,6810,1405,4665,4168,13607,9419,13839,3765,3062
13785,7743,7299,6073,7866,3010,10896,9997,14221,486,14140,3059,6481,5052,15938,15907,11584,3984,5645,3190
3506,13629,4485,7782,15962,14237,12884,8924,1066,11513,10325,9639,3740,14891,3087,7744,13713,13224,4538,8743
6358,15141,7357,15331,12021,8147,12452,14224,15690,14223,6916,678,9909,2600,15121,832,10210,14768,10454,7045
13325,3968,54,11352,217,14663,13851,11577,1119,14814,5363,4079,11483,16312,869,6800,16347,14741,1078,16236
15038,9408,7736,8979,13302,12350,1552,5977,2811,1489,12212,10542,213,12229,7413,2456,2164,14905,1559,3048
12242,10130,648,15103,8332,8224,2733,11018,8354,6535,9819,9535,8552,591,13541,16322,7717,5595,6349,992
7451,884,16333,3467,14421,373,15304,15197,9094,11461,5542,4117,6235,8142,16233,12369,14510,7857,13582,10469
11955,12813,2510,11224,16252,16075,12989,1615,5400,11124,13974,5995,10323,1672,14110,1330,13206,3888,13833,9226
2796,11646,10768,4729,1564,9118,8058,3170,677,1656,5951,14061,7712,7332,7825,4148,7870,5273,2247,5302
8210,10898,10045,6875,3174,1332,99,11210,1179,16230,13810,4188,8057,12186,2793,2810,14269,10119,13932,9314
12399,8662,3876,8531,3554,2331,15800,2959,1379,310,16102,2621,294,8577,12607,8416,5199,13565,12346,10512
1715,1376,5880,2913,15176,1737,13476,9196,13324,14197,691,7943,2839,6196,14440,642,6237,637,242,4495
16251,9883,6352,9323,4801,13900,10197,8001,569,13551,15381,13788,7422,12407,12368,2411,6818,14634,11209,2605
6167,11589,11177,15638,8179,12088,886,2046,7315,2083,10308,1251,514,11143,16108,16241,11148,9012,3697,1748
5846,13848,9058,16237,3448,15757,13428,3329,1793,10582,12709,9087,6828,15538,15264,15167,15334,1449,14446,16144
10712,12559,13309,14407,6675,10399,3847,13830,13763,2756,8601,2623,15604,586,3568,16041,13112,15293,5292,14458
14874,14034,2916,2955,10706,8155,4646,15418,16098,14348,943,1337,852,5646,5745,2225,1512,3999,8046,3927
8957,4870,13733,15942,15711,13876,15950,4672,13821,6986,1438,16320,12142,94,15918,426,3085,6200,1457,7452
2597,9998,11110,6694,7138,7466,3189,7120,198,3145,13254,10630,15354,11643,10884,10779,14736,10864,311,5548
2981,6495,8589,15371,8772,12267,2867,7802,7090,13625,1774,1794,6742,6110,11946,4532,12798,1207,8922,4514
3241,3116,14596,9708,6654,736,5736,2754,1907,9926,2785,8385,14070,15981,6094,16259,13482,2919,6069,6920
2667,6998,12487,7727,5675,11980,8765,16172,11376,6119,9170,2731,876,12081,12613,12814,14801,13784,4748,4643
12005,3976,8754,4076,14774,3214,7370,6539,15591,13680,12404,14212,2512,9559,1441,14322,16369,8230,2581,14194
6107,9955,525,11922,4783,8068,12921,14277,11203,15612,15421,15292,6405,10415,3439,6968,14930,14790,1541,6918
5678,5468,1448,4829,9681,15727,10668,15708,5119,15790,6296,14494,10327,4904,7696,14046,13724,7163,15669,10696
13649,10114,9690,8670,6510,2494,5482,4133,3184,10276,9520,7702,3046,12744,16334,2740,2196,1670,723,12706
7124,7366,5837,124,5348,12372,9683,1020,405,7796,5306,11531,10982,6384,5984,4923,11977,10575,2707,906
5552,6267,14451,12468,3192,3873,6026,6644,5295,11263,4508,375,1931,9221,359,2141,14987,5732,12131,13875
13166,4833,2330,2910,2937,1500,15583,1671,2061,5426,15948,1691,16103,1560,2150,13970,917,3058,2596,16157
2506,12604,1237,14726,12275,11099,8791,15558,7305,1043,10538,10253,5284,15237,9294,16341,3316,5409,5095,9760
1239,16374,10964,13730,14937,15343,1921,16047,11425,9560,9596,15091,10806,13182,14585,7595,10121,2306,4420,3008
13106,9024,4005,9042,1204,11267,13180,4457,8498,1079,2242,11190,4252,8026,2900,13643,15672,4478,13457,4243
16159,16198,7352,10093,7628,9038,10038,13061,6291,14033,16026,15426,15999,14569,14845,6790,16284,14068,7496,15134
10848,10869,12732,10306,8002,13083,5321,10561,6760,9409,12386,4185,15585,8247,8092,11865,532,10590,8464,2073
7077,6705,4407,13883,12280,15263,5430,13583,7089,10383,8804,14139,1971,1307,6602,2781,11903,12922,10851,689
12014,15828,6629,5559,15739,14649,12872,3126,450,6211,12751,127,15986,3836,9220,11308,14761,12380,3556,6682
4746,2554,520,9347,15596,12233,8566,9129,6379,10363,11934,14972,6023,14127,2375,3977,1361,14398,3540,8739
11923,13897,10915,3429,4970,11083,9175,14965,5727,14415,15423,15919,415,2737,7756,493,9432,4193,13701,12927
1321,9519,8369,12332,2492,5632,3800,4536,1175,7448,6428,5687,4335,3064,14473,11738,15698,8239,3768,6222
10398,14369,9636,5839,8843,15876,12377,9414,13926,1653,14259,7284,14085,592,6061,14408,7072,11017,11157,4481
6429,958,1137,15972,15725,5314,15685,3450,2176,4641,9806,2186,5159,14238,418,13712,11272,12345,3397,13688
472,10426,9611,15961,14737,15984,5349,2047,6258,3636,14555,9003,4404,6208,3357,5473,12091,15117,15532,7738
1407,11025,13431,14395,15124,7506,12977,15216,14892,2849,10011,9117,2233,14276,10765,6239,1488,13432,10023,3590
15854,15759,11665,8548,14693,9911,739,5573,8948,15741,1668,9604,5813,12797,14754,3563,9199,1942,4130,855
10883,11434,5534,645,13178,10519,2390,10871,13826,11969,521,16059,11402,4617,8958,8314,2836,15068,14863,13065
4306,10520,1248,12942,412,9289,2963,10792,8320,13771,11488,7302,7034,14833,4888,14486,3547,4028,7320,10435
12220,3851,15847,1787,1711,8,8309,5089,13418,690,1444,15561,14135,7291,15119,13492,10878,4059,12632,1937
14594,3923,14429,2312,9548,10278,6747,11846,7888,6464,8967,12703,3302,10138,74,4093,15613,5346,16037,7154
6370,9488,3959,7050,4191,14708,4503,14252,1504,16269,13672,8174,5738,15404,15869,15785,148,6741,12389,5080
5470,13363,6142,14362,14126,16169,4424,2645,13191,7064,6129,14002,10621,13972,3706,3127,12777,9131,7395,10935
4522,2905,9415,3002,4778,3683,6259,5062,98,14091,8903,1003,14488,2222,5877,3618,7704,7623,12994,489
14681,6195,10166,4493,14158,12949,4415,238,1757,9436,7347,15230,1539,13421,8186,12194,734,6749,11214,9936
5944,3203,9650,8410,1814,1184,15539,4602,6202,1429,6159,15074,12133,1057,10331,10615,4867,15978,13639,5615
14886,4303,7182,15767,2010,9856,2794,16289,1789,10332,13936,2197,1158,10859,13234,6989,3785,11945,11862,16285
2162,10288,13460,10427,1034,14682,11118,2298,13655,13772,4947,12589,1582,6079,10412,1117,10460,6091,3137,15182
10428,1916,6021,16080,6152,12100,15317,1623,1920,10287,3310,15873,153,7219,9981,14267,15576,6355,13340,2154
1115,13579,7091,7109,5933,8756,8376,228,15891,3586,15714,3945,881,8445,5220,10715,3250,16107,8487,3900
16039,4901,4603,6367,5656,6990,9091,16367,7703,14858,286,16177,10568,3603,10177,6710,13440,7660,7858,16050
6005,3914,12190,13853,1183,34,2124,15384,1939,4340,1767,5343,9629,9442,8978,1850,7921,3419,799,2483
10583,264,5958,13497,12923,5398,11652,4477,2684,7193,11278,7372,12459,6232,16250,6133,14953,13659,1995,1062
5527,1799,11940,8283,14187,12299,2060,5605,840,15781,1462,15780,2760,8278,4791,10050,5921,9302,15120,5035
11456,14206,3723,3538,4929,10522,856,9798,10003,10853,15652,11632,15716,12960,2886,9814,6609,12337,10354,12779
13332,11975,2995,9513,2649,6970,7534,9972,8837,661,499,16062,8587,14152,12712,10098,5798,6732,5945,4586
4847,15126,15929,3409,588,3965,5703,12058,5517,1936,2841,10424,15479,1772,12373,11916,15013,1209,3881,14984
8786,3664,2255,16149,11460,1100,6344,2100,4943,14517,13795,13526,14927,4109,3833,3930,603,3823,2219,6104
13899,14286,12652,249,12686,8296,9474,14240,10432,8840,14419,4050,13381,4563,7695,7019,3932,15021,6410,4534
1031,8919,7707,15133,8221,15796,313,12034,10479,8200,2361,3252,4007,12430,4084,1699,15401,10022,3380,3288
11387,389,15622,6444,14661,15887,5808,11544,4803,16058,11303,10931,10885,13463,11063,6860,6454,11959,2446,706
14526,7155,14933,15272,12959,10648,13484,14105,3458,3695,5842,500,6265,15721,8384,1642,13962,7234,1322,5582
4029,9613,11111,11510,8244,141,15519,12545,9723,6164,13195,1320,15821,15955,14355,3867,10046,364,8022,13317
15736,4839,2634,9538,9230,5271,8127,12577,5531,9310,555,5807,1644,9153,10966,965,6449,15454,351,13242
7507,12393,4993,952,15646,14106,2628,1747,14841,5755,10838,8112,6311,6611,16324,3090,82,13909,5618,15411
8508,1264,8262,12528,10955,6064,548,3523,2181,10787,12970,10659,12117,10116,4521,7133,4414,13290,4865,13110
1255,15236,5047,10072,4083,5560,6581,15041,13517,15758,6631,3348,1863,4119,6939,5596,14500,14301,1141,6982
6578,13610,8077,11295,14073,6845,9889,1154,7907,5184,2729,425,7840,7111,4209,3402,5259,9253,14608,5339
7213,12352,13814,1693,12894,10002,5232,451,5404,246,3070,4319,9362,11703,15949,15086,3951,2246,8237,16015
15315,10574,7231,2065,1701,14991,12496,13156,4105,4792,4206,11861,12429,1675,7553,10825,7519,8749,724,5849
3542,4853,1579,5539,10741,7985,12277,10042,4350,6306,2447,14760,10881,4346,12998,5004,14203,8156,6475,51
4910,6241,11735,3386,14855,16279,9018,9079,15096,15705,13194,10724,3922,12720,1680,4842,13265,7214,12888,516
8205,4467,498,11340,11770,452,5144,5317,9350,7073,14436,13673,4698,6434,15480,13554,7243,12488,2513,15092
10944,10503,9138,3086,10665,10585,14639,4811,11570,7212,16151,5820,3480,5532,13058,1162,1142,5716,14454,2217
7164,1614,2706,9983,16377,8192,1545,13475,9379,2874,6752,6372,6148,10471,14432,5187,14707,484,14484,7244
11558,10599,4526,11389,1836,13039,285,16006,10516,8971,7887,4596,9236,14258,4871,16342,11762,12694,2204,7254
7093,15465,15255,5233,1326,3272,14786,13295,8303,9287,23,7617,1528,11943,6808,14993,3164,15042,10628,9763
5244,5533,3420,4214,9516,920,6276,9992,7288,3117,15579,15755,1358,6185,12436,4860,8062,483,9400,5334
11151,4261,10094,15045,607,4500,3021,13743,6863,9027,1777,16228,5001,1234,5206,3752,15760,9499,15618,3092
4628,12070,14245,301,15290,10131,15551,10822,3810,4812,11522,2340,15472,13660,4273,10472,7419,3997,16045,14532
10980,8053,9701,13030,5289,16254,10709,4411,2734,1960,7809,56,12162,15351,6085,13121,3356,9864,8930,4496
8561,9685,3464,11748,9001,12755,9840,15075,1028,729,15478,12892,13720,4749,2315,8355,6671,15336,13989,3330
13995,15701,6504,3210,9304,9141,3393,1849,16353,1647,2582,3499,4139,10297,15896,979,10703,6397,631,652
1200,16182,14773,12476,11208,3479,1652,7364,949,12165,9511,3222,5865,15732,14294,4625,12289,10995,14869,4604
14307,9907,7847,6318,17,13585,11094,11031,10876,15378,9106,9148,13020,1212,7710,6955,16332,16244,4469,11305
3806,8405,2398,8335,5764,16099,15261,15831,15969,7275,13904,13011,15380,11274,7068,2309,1226,12830,7465,13710
8420,6837,8395,1382,6421,1867,9949,7470,15602,12139,14011,16253,6879,6093,2935,9536,12682,7941,3801,790
10357,12259,4326,728,14072,11359,435,12306,13792,9240,993,7389,12431,3513,8908,9539,5192,6886,15432,2932
3902,15975,7262,14878,13147,13342,15564,14800,3346,9291,7367,8988,2967,12331,12619,7604,13199,1650,10416,10824
14812,5175,6590,4143,2761,6463,12580,13427,11817,10948,13097,1638,5201,627,8784,2275,13391,10967,1750,9637
3995,6545,3304,12792,6251,14657,717,13403,14026,12304,14848,796,1859,7258,1724,7151,3504,1743,1369,4900
1470,599,14894,8047,6462,819,13411,10498,2037,4891,15298,1506,15651,14447,15745,1739,15849,8353,13496,1428
15908,4820,8895,11648,13069,10152,14820,14319,4930,14472,10481,10831,1490,14667,15784,10991,10336,14332,8636,7015
11384,14380,11253,6399,8394,15442,769,1041,4512,14789,9615,13568,13270,12312,4475,10439,9797,4355,8312,3629
12616,6940,12593,64,14424,13546,4118,9193,5691,6105,12640,5689,704,6198,11004,12700,3462,11455,11742,222
8087,1567,1370,2895,1156,1607,7331,3495,13219,4931,6312,13119,16294,4067,356,3548,7917,16069,3333,11337
7468,3360,1439,9168,3335,4816,2551,7528,8716,961,10557,12473,5265,7455,11824,12772,15778,7516,6931,1678
5008,806,2018,593,8419,1979,15420,9281,14951,7307,4805,15885,3790,16261,8886,7494,10429,6838,13229,11729
4470,1730,5983,7853,8187,12668,4658,7760,5331,10074,16178,509,3734,9863,7398,10584,5281,3003,5147,15859
9710,5048,13079,13619,8737,7687,8040,1694,10184,10347,11493,12463,9299,11056,664,4430,15425,10018,11316,2353
6431,14509,12012,15922,14749,6768,348,3946,6691,1295,8607,3798,15114,15099,1510,1801,11418,4680,4164,3916
8724,7920,12094,8591,6523,11619,11892,3009,3018,13949,4045,2474,4686,7530,13761,7764,10717,8443,2191,4237
13933,12819,15276,13101,8095,11140,3131,4380,4593,959,1012,2026,3733,15123,8349,3691,8593,440,3578,6305
8282,12118,7167,6914,14186,16055,3308,12915,7956,2127,6354,284,7009,10216,9286,3635,14847,5045,6679,5866
11987,2415,4656,212,13085,7869,268,9608,5320,921,4690,2379,14621,1061,3353,13780,13783,13217,133,3266
138,3992,9197,11474,12805,6415,3065,312,15466,7318,9241,15655,2804,15706,6377,7673,13494,16014,10277,12550
12806,15458,14058,10226,5146,14985,1870,10404,2383,4165,2365,7951,13009,16364,1365,3656,7323,15960,9707,3196
12140,2039,1964,1895,2993,1487,9247,4551,4163,5471,6126,6798,6317,15169,6639,9648,2077,6883,15710,14217
12031,2866,882,1013,3553,4777,8036,12241,6713,9152,12586,11248,9270,16376,9925,2624,14529,15502,1749,9389
469,14478,9932,3072,6702,3047,9187,8618,6112,13868,3262,13842,7393,4583,13816,2403,13656,14699,15520,11905
16300,4987,13383,7021,15318,7829,6261,4460,12475,11314,9093,15158,5230,13878,11829,12281,2822,10892,11356,9066
7502,13676,4640,10493,2504,80,3814,8523,6169,13466,10606,13092,100,14418,16370,8929,2986,2708,14029,10371
7879,1354,13593,9567,14099,15740,5926,6244,3143,10651,5340,14883,1240,14968,2130,6557,8039,3198,13306,10801
7852,9210,9553,8004,11870,3539,7810,9487,12543,8181,368,626,800,9388,1308,7577,2371,3460,13996,12330
9678,16166,10767,11614,12479,5394,479,9233,10739,4258,3727,16225,16343,11258,11669,7572,14448,712,10385,15467
7860,11487,820,5601,3146,7390,2419,5654,11952,9088,8854,8486,9358,1461,6613,12403,9940,5154,11325,15366
8567,7902,13416,14495,7776,3297,12406,3015,9223,16082,9015,15675,1406,6012,106,833,14272,14199,5329,15912
2759,5401,2393,5889,2939,4205,3909,5879,5234,6295,14338,13822,11069,10794,377,15200,12606,2034,10148,8538
10678,14481,1689,8226,9246,436,535,3318,9471,4146,4845,13316,8316,4364,13493,16304,3996,52,2210,11276
12605,121,6640,205,4946,5625,2471,6506,3845,10031,9453,1218,902,13371,914,3465,14536,1735,12127,6857
8758,9501,5722,16,11815,3081,11688,15391,1835,9025,7861,3141,6757,3182,9239,14041,13297,15266,10860,11226
8991,7997,594,6284,8264,7497,12262,15890,12561,15697,5883,15600,13131,14256,5287,11398,62,12609,12287,1530
6667,5635,4036,3717,11915,11450,14163,10476,8425,15815,10528,10188,137,8107,11187,2728,14531,7799,11377,9214
7926,11101,11583,3387,11496,13443,12367,12643,7638,15153,10267,8819,3296,1840,2837,15774,16286,15985,9938,14660
4578,4896,2619,11135,16224,2228,278,5765,7462,11710,3274,441,5382,12017,3979,2956,7817,1505,10384,13377
9974,15524,1465,6486,3314,14193,5046,907,8524,9438,12612,10757,7296,16165,14120,6542,8080,12519,8556,6534
1460,8478,3988,8455,9753,13349,15765,12774,14733,7233,1408,9733,5896,6487,4437,1319,5065,12900,1963,1988
13077,7043,3319,13634,1578,6550,15269,13423,10957,15374,722,4267,4121,2277,10444,15004,11627,6118,983,15006
4751,7456,5832,11925,5925,1058,11082,6231,9361,12621,9877,14521,10019,13404,9342,11805,9265,15606,5308,2005
7189,14116,2751,11502,13548,4854,13813,5607,7383,7432,14907,13679,13819,10063,1558,16299,7856,13954,9673,4433
2960,933,8717,13436,11240,2205,15974,5249,12089,1537,12979,15339,15699,15242,1532,13558,2382,15406,15940,8844
10339,11256,4634,12943,2790,9597,3834,3425,8697,5684,5821,10483,164,16345,7238,1938,9587,8578,6864,3524
13929,7181,14885,3073,10164,6300,3816,14703,4995,19,15232,10890,4492,1830,16049,1001,606,1741,12439,9566
6517,14183,9295,16078,12897,6761,10803,13596,6062,4723,11534,12747,2480,11072,12409,11293,1397,10196,10597,2023
14336,10760,7732,1016,2920,3124,12845,11989,12795,15175,14903,3502,14579,7127,15346,12591,11882,9200,5803,13481
15180,7271,4455,14876,11364,7657,13274,4399,13525,9785,8818,926,15529,7783,10004,10321,14572,10201,15670,15209
5881,6508,9751,11897,2048,8812,7059,1497,7576,8951,9589,7051,10162,16206,10449,6162,2166,16219,8624,980
1928,13523,3805,3233,9165,3772,409,5797,12695,12783,9478,9529,9090,11511,8769,12217,15998,2096,3710,2097
10034,3838,8955,10136,802,6994,8998,3044,15954,1400,4535,14177,7220,8764,11119,1982,2038,5367,3305,14989
12828,9410,6426,13946,14057,15353,8885,2758,9205,5489,3672,9528,7321,9285,11043,8792,7108,13130,199,13654
3259,1314,1600,10142,15580,11123,2093,1455,10068,7317,6901,12444,10370,2945,10601,13124,6190,466,7166,8703
4226,9576,6846,13514,634,15283,16352,9147,10491,1677,9747,10132,13215,7603,15689,16183,3924,13841,16321,6274
8096,13115,15864,1252,12729,14873,662,8091,2421,1417,4291,4557,5222,12754,16048,12166,10407,11552,11936,3594
2782,12419,12007,3486,4958,8933,1051,14138,4631,8114,12325,11542,125,8223,13214,4387,4290,9119,6278,10502
