16230,10462,12669,4161,2478,13459,2499,7478,14409,8955,10296,14998,15283,4998,7247,13134,11720,9944,2593,7484
5071,700,11184,11946,669,15212,8418,1862,10503,7212,1639,12592,3689,13915,1486,13751,8188,6823,7848,12875
6846,4281,15156,14058,5346,1630,9965,15730,6351,6158,892,15936,1056,1333,2095,7874,11904,8009,10931,15073
8237,12387,3910,4805,10520,15618,2136,2658,2904,5355,1525,6759,6151,899,5927,7985,10001,9108,9986,10647
4799,4939,12526,7509,10092,13516,797,212,3922,5769,12529,5403,2180,5443,13115,3487,5915,4025,14760,12440
3995,11583,5642,5094,1801,12074,4845,1671,225,12323,332,10300,15773,14408,14136,15728,11011,1866,14886,546
4921,3506,2450,12109,6424,5600,14512,5199,3958,36,582,15178,59,1061,9833,4087,3175,7953,3799,9711
11378,14218,5441,5456,5507,7058,12816,1329,15677,822,2375,7691,11948,9268,84,8573,4827,3235,6512,11488
6985,3614,9585,4663,11179,6544,1929,13880,10468,11294,14946,1231,54,740,5372,9103,1158,7179,8075,3596
7224,9650,8608,1438,12087,2766,3112,5035,874,3980,3225,10469,13484,5933,3462,9113,4731,12039,6222,2861
4222,9105,13810,2982,11431,5233,15712,14906,12160,1717,6629,11922,10080,5842,8241,14054,10359,13387,11796,2550
854,1419,325,1116,2905,1819,15975,1606,11715,6487,13885,10497,1659,7948,832,13246,2306,680,1774,5167
5031,9644,5525,4541,8261,2138,12272,8148,1253,697,7833,1627,10304,3654,8151,9202,9919,12783,6092,11043
5052,13766,2949,100,2408,5851,7716,15307,14331,9447,4045,5370,3092,6709,3307,11896,12860,4559,12123,3701
4055,7816,1838,10876,4357,985,15305,7995,7578,8456,8983,9153,8738,5424,1101,9068,4300,235,730,5737
2553,8088,9275,15800,10040,2416,499,11587,11187,14479,864,8816,2350,11756,3867,6347,1928,5777,2363,13942
15235,10453,9726,6056,13664,13977,4064,3983,983,4902,7883,222,10575,1334,6005,1947,2833,7905,7255,7675
13611,15217,2467,13109,15958,6919,4511,14429,11690,3080,12187,11842,12155,11669,9390,1264,13769,11837,28,3158
6318,9480,4835,15931,6751,10227,12307,2643,15364,3312,9980,754,13018,11777,10676,942,12346,1327,16106,3839
14466,12543,783,2941,1206,4528,2956,15390,1388,12829,5452,8239,3842,7731,8713,14419,15231,4996,14231,15535
4183,15384,12443,6575,6328,3172,11816,5553,10849,7786,2156,3003,9381,6844,7464,1173,5944,13919,3244,810
796,6107,13431,2090,16128,6457,10167,6933,7563,10297,3453,14593,12525,7792,13218,9194,7394,13936,5962,1856
7574,1961,13364,2517,13374,2888,8298,10012,11417,5500,1687,9806,9588,3007,13184,11619,15769,4044,3388,8253
10218,13869,10793,2256,1612,4499,10136,1064,1145,15194,12849,3988,16219,16292,1058,2066,14654,1448,1963,8155
7248,1670,16319,16357,8795,4428,1765,715,1191,9060,215,13180,13557,3726,7757,16303,1356,5097,7075,8589
5827,4544,7694,11801,14439,12338,4184,6535,12008,13515,5692,12149,3419,3359,3497,8730,8216,237,720,6149
20,4812,13138,8835,3585,2221,2197,14957,8918,9184,16171,4836,4287,15280,12176,915,12118,11472,9092,5983
1001,9186,4951,4356,5288,13945,7283,10172,11929,5152,5699,12140,13469,4333,7678,3559,13543,11082,10019,3767
2472,11677,4678,8300,13253,2481,9244,8577,5870,11305,12941,2480,6590,3069,1833,9261,8254,15288,9496,3571
5572,8501,1428,8880,2430,3963,8362,1887,4523,4004,4246,9775,12791,979,2229,10956,4922,10036,3567,11779
3313,12630,2738,6415,10985,6506,6226,16180,426,182,5883,5781,13911,1146,3464,10098,2165,3512,15413,3417
6565,9210,3862,10899,14638,15261,16031,1012,10406,592,9151,11807,13198,4117,14383,4587,2693,4485,10542,13916
189,12227,1770,11610,3166,4058,2896,13926,4927,8524,14852,5011,11021,14920,8844,22,7006,15985,10140,1702
8825,4376,1937,7966,10144,12827,7474,6803,7174,12475,15706,5257,2195,14376,9951,2444,3557,1283,6341,1250
3915,10584,13737,14258,1927,1331,4220,8840,3091,10384,16003,6600,11729,1263,1201,2078,9363,8294,5274,7198
4908,9889,5171,4205,6951,13595,535,11098,10821,674,8142,3008,11103,7134,2154,5103,1816,14065,5684,6536
15998,6502,9364,174,15018,13721,11679,4389,13020,2144,11354,4760,2437,12472,6372,7138,12367,649,8563,2793
1034,2758,3751,14848,1501,6159,10620,12341,10610,12111,12334,3486,4667,3830,9996,15431,597,9348,8710,8440
8364,2964,5897,978,5612,7635,14485,13862,1488,9659,1640,6964,11960,992,1274,9441,9704,14889,8087,1726
15339,13771,2847,9272,3825,6423,6378,6582,8878,6099,5234,6018,8218,9387,5681,10983,1785,5637,12229,936
1546,5462,9218,11074,10349,6111,1894,12685,5427,14050,5649,3098,3781,7267,1490,916,8606,16265,6711,5861
10652,3241,14601,384,7895,9913,15884,10308,8574,4605,4800,1095,2494,708,10195,4299,2815,6778,177,6178
9671,8934,8815,8033,9397,6140,3951,10435,14391,116,14850,5953,13149,2445,6923,1505,2116,3803,5353,13661
8076,7032,12619,5634,14552,3352,5335,6724,9129,8579,6578,8198,10522,9373,10537,1797,8734,15461,10870,16220
2537,15494,13266,4625,10269,9052,791,6812,3778,12320,1584,4345,13181,15043,10173,7310,4071,5877,8435,2393
6912,15428,8720,16260,4811,139,14939,922,1373,10436,987,1852,5799,7041,13976,3413,4725,11517,14158,1692
9287,15555,7533,1078,2712,12854,11444,4672,6720,14945,1691,3940,12952,4346,5895,4622,401,16368,12908,7254
9928,14263,6275,1208,10184,4095,13624,3953,8207,4085,15922,5648,3930,3933,12194,8172,9474,10014,11580,2463
8805,555,11569,8703,14952,7293,11800,736,3376,15655,2178,7733,15079,3841,7986,11810,2567,4125,4150,7489
13876,1548,10189,10946,13224,14606,13623,14123,10058,16060,9354,10936,14105,12167,4901,5495,8604,15516,7866,7113
12589,8286,1181,1160,1955,2880,8989,4683,7290,7130,14973,725,2603,5853,6970,6596,7885,1763,9948,14462
2,8832,2135,2663,7318,4151,749,4082,11540,6191,6205,4744,548,10881,7719,5320,14787,786,11094,3126
4098,11125,89,2028,10120,13289,3346,283,4592,13096,7532,2225,5750,4738,1800,5041,8381,5742,13019,11764
1855,2471,15609,9152,6791,9282,9461,3532,13727,5958,7619,3837,4994,2419,4105,14413,1648,15071,14001,14859
1278,12345,3109,13536,12764,2730,13168,11966,2504,13375,3620,3174,10456,10667,16039,6383,6939,2071,15739,12711
618,9804,9316,5336,13414,5685,4181,9697,4119,3606,10786,9545,12643,4134,7708,1864,2111,3404,1723,7467
2331,2069,9917,1700,7001,11918,14166,4701,12889,7910,5521,11390,8727,9309,5306,2328,7192,2137,3449,15614
15612,6848,1355,10738,7793,8057,10809,87,1730,12637,4305,9838,1005,14776,4157,216,15695,3941,6927,4651
2315,1347,7448,15935,12327,13696,2578,4103,497,5321,6646,48,2735,1710,5221,4794,1727,3131,11804,4853
6855,15673,7939,5970,14813,6913,13845,1109,1265,5683,5574,5607,12218,10995,10829,451,8194,1238,8464,811
12602,2891,392,10740,16118,1970,2269,9458,11551,14432,13688,3134,228,4074,3189,1674,1522,14418,9257,2811
5087,9479,4359,3558,5022,2756,1119,1706,7149,8457,13087,2557,12259,14175,2401,12499,454,1225,12894,2638
9127,14949,4432,8652,5516,6468,5102,7856,7827,6538,3800,12454,4233,10365,3537,14394,11388,12274,11753,12588
7765,11713,3210,8316,13265,4139,1883,5598,11067,9842,12845,5946,7170,13693,1163,3656,14074,11242,11007,9533
11684,8043,3187,10504,7968,3446,3163,12562,10715,7,11809,10164,10107,14464,9161,14697,3768,15086,8914,13819
3954,7796,2212,1538,3169,9562,5784,1399,8215,3066,12689,5149,1495,4844,8950,6336,337,3369,4674,3355
15808,613,690,80,2574,3072,4730,12020,7837,12565,14875,8219,11415,15321,12571,9779,11144,5687,1023,6630
4920,6960,8509,7112,2070,2564,11234,6337,3441,12687,4115,15652,5113,8737,4240,13871,7237,5128,10113,7674
424,15648,11165,7289,10594,3282,2605,12490,787,15674,507,7558,165,2992,14971,1669,5524,6485,16183,8508
966,6408,1325,13334,10088,15938,2790,714,15749,12750,10902,1459,10340,13159,9443,1986,847,11767,15866,1747
652,3810,6055,7637,4317,5545,1998,9420,13157,16084,5996,5473,4602,8500,1665,14120,2245,14127,2054,4069
16093,13497,8099,5279,10527,16181,9007,7607,3373,3974,14811,12874,5568,9019,1553,14517,13848,13442,7592,7457
15189,6931,2784,13898,1867,3979,5118,9528,4692,3428,12470,4753,776,5491,7117,8180,11871,3545,5482,7246
12972,133,2617,11099,11041,7097,3756,3472,1917,1120,47,11453,2006,2914,13113,15102,1087,12867,10637,8426
1604,9763,11166,2864,2947,2158,13643,2939,14210,7921,3207,1711,16074,5929,11527,2548,9759,5161,7730,3856
4408,14840,9973,5235,5309,5256,2559,16289,5454,13535,10736,5357,412,15576,4255,9580,1219,729,1411,16258
2685,2018,5382,7143,8924,4002,10486,4282,8718,944,11136,5364,2248,10100,5231,6314,7551,5561,15138,7800
1202,11199,12035,15063,8086,13122,3295,10994,8224,2470,10861,11295,2355,9831,15786,2179,7010,3082,5380,6680
12955,3612,16255,10979,14902,7747,11257,10104,8078,14639,3793,2369,1024,14699,3157,4237,11602,4262,3593,8975
11478,16301,1660,12350,14465,2379,6782,3685,2081,15693,11542,3161,11261,3424,13798,13239,9050,6429,13629,6170
3921,8584,2628,7534,914,5494,16340,2131,3297,13411,14299,7299,3769,9638,3916,1939,14994,16065,8068,8222
8507,7614,4336,12,5875,2410,6200,5740,419,11211,2608,5439,10960,11712,12691,8739,154,6256,13082,5608
43,7860,179,681,5787,12538,4775,3383,5339,13485,3501,1028,11766,4360,3815,4409,2778,5708,3686,9976
7124,12188,4980,2577,4644,13200,6481,5334,15830,2488,15995,2788,242,10215,12756,4960,10622,6400,2648,2884
12191,8091,9940,6488,2774,8097,15529,14555,3103,8654,6402,3452,9492,4212,15974,1837,2946,12465,8881,2457
10812,3151,660,1877,5965,15074,728,14213,5461,2008,2828,11278,15889,5450,2462,14192,15588,1313,6456,13100
11577,7722,12243,10083,5034,14496,11481,9158,13388,5978,13883,446,10146,13473,7141,14508,6872,11306,15239,2961
10971,1810,14756,7390,14613,813,15447,3971,4412,564,12606,3122,1378,8236,7839,15900,9010,4075,12072,5069
3429,4660,926,15165,12769,1735,5790,2708,691,5843,257,3829,5650,1308,12755,3877,14368,13507,16005,5734
5210,6713,6902,3040,8886,7305,2977,2192,9786,4555,7661,15727,6213,920,13156,6245,12931,11771,5026,15520
7904,5036,13525,11930,5397,8248,8317,2429,13969,3711,9836,3674,3412,1889,13042,4133,7769,8864,5266,9469
2812,2272,4413,7018,12208,9073,8005,6295,2773,804,7857,3854,2339,12762,8944,15759,5447,6079,12722,9439
11883,16322,4606,10969,2623,2092,1993,1874,2056,6652,4732,4243,15846,8770,6549,5391,12882,5562,7823,1752
6096,13412,1559,6128,12036,865,11829,8322,11114,13526,1958,15188,4822,10552,3422,15927,7459,4386,8928,11884
6126,2359,15515,7492,5728,11663,6281,8538,3906,4654,6273,5068,9029,13316,15937,6147,1539,6198,3447,13309
803,9041,14620,4438,5887,6699,15471,314,5964,5995,2428,1569,4876,9551,10966,9539,431,12153,3387,476
569,1924,3610,10675,11609,7918,7705,8143,5204,9593,12373,6757,2732,13644,9031,5678,1957,2019,11971,9359
3176,6028,9233,5442,7537,732,8144,10560,5979,5261,4705,13895,9953,13292,12704,5078,11898,8895,890,6332
2570,764,11701,15057,9890,3588,6941,9703,7575,8809,4617,7314,2358,2384,13463,8040,4042,12539,10284,9017
5529,8867,14948,9134,6379,4347,8064,8335,7329,1167,5534,3372,15565,9283,2965,14768,3673,12793,199,8966
5604,10369,1768,14905,7714,5626,8588,4716,5821,5819,8907,2748,2040,13380,3732,7259,9401,12995,13683,12047
9698,9403,2684,5072,8576,6728,6763,6325,10124,12171,208,8136,15346,3036,10285,4014,2772,3015,9699,4301
9232,4021,7338,8399,4440,8666,16234,4032,9631,2447,3796,3583,11456,3435,1471,14806,8251,9196,5436,7799
10988,6721,5625,2607,14346,14197,9997,3718,9989,13448,6277,762,6783,13499,6363,14343,612,8233,2157,8615
13475,12946,13562,14988,817,13892,13468,748,12899,11439,5265,11241,14269,10039,11831,11046,3368,12016,4967,6434
4959,3957,15062,14469,8279,41,8146,8549,6879,14169,2082,10709,15301,13780,6157,4706,543,3498,6916,7552
7886,6674,5581,15615,6323,1427,11110,2059,2184,15175,16278,5997,10490,5679,4580,3233,753,10471,5471,9437
2172,6598,4121,3271,10976,1233,567,7862,6584,11493,14372,673,2176,6401,8937,112,2831,1528,8649,3145
4553,9740,14536,6087,14741,11649,857,7049,6015,12927,6498,9945,8205,4101,6499,2827,4947,14583,4884,9016
6689,16081,8672,4126,12905,6678,13689,12429,9735,5389,935,15031,3403,3634,861,5010,5792,667,8938,4489
132,7015,11985,5203,3242,8863,1038,4832,16290,15492,2672,12411,2991,13752,6106,8552,4974,305,5198,15797
2531,14600,14933,2966,4470,6509,7108,15181,12926,9405,12041,2295,4168,2679,465,4690,13137,14159,7677,15839
13164,4522,5067,15994,6546,2872,6892,8250,11564,9837,6367,14922,10374,9813,2294,5994,5514,5421,5050,4925
11012,8052,9603,2706,8793,11364,10095,5347,14208,6404,10323,12675,5753,13702,6897,2525,6291,4145,10950,3078
12956,5631,9327,12595,14851,13762,7009,9849,7469,91,11018,11645,4394,12999,7379,1072,11150,1732,6260,14055
4795,2830,11857,3835,13015,2713,7841,11146,7070,4512,5175,9670,12523,8431,10072,15747,3640,15891,14233,7541
13366,10648,2973,5688,8081,2666,8266,13847,16089,2924,12390,5874,9112,5882,1623,13550,4143,1074,808,3410
3389,1672,8439,907,4124,8922,3554,5492,2042,12664,14420,11856,3826,5599,12300,1818,8258,9657,8548,13540
5125,3393,1255,9888,12863,12386,15215,3068,5109,10787,3692,2952,98,10259,7653,14992,5126,2968,6752,4699
16009,7908,3347,12639,12331,13064,15547,5739,4900,682,5259,823,1469,8212,5783,11033,14723,11410,1641,15984
16165,3518,10695,856,292,4697,13777,11697,7899,9267,11063,6045,12110,530,5646,7945,12732,14081,12753,4308
9574,10027,9021,13946,10050,4676,5539,10759,3211,458,5973,5591,6981,11283,1851,14476,3700,15209,4768,8164
1863,15383,7396,10990,8370,745,7779,13736,5012,2108,2551,8477,11170,3118,11440,15568,8050,8462,13910,3358
7518,12997,9514,2305,5373,10219,4442,14642,4855,9688,12343,2389,8550,2506,10724,5406,1902,1663,12286,8311
6175,5700,7139,12825,7230,5202,150,10977,6235,2820,2527,1926,6136,15020,770,2881,4536,6012,6470,6541
7864,13868,13856,4464,13220,15837,9635,1444,13471,7852,9632,15182,6288,10156,6561,5795,6738,11620,4928,13420
11102,7050,9051,1786,11081,7385,8700,11703,7740,7882,6344,5173,12967,7996,15696,2951,15309,1513,6451,8677
9382,7410,14856,6241,14663,12370,8529,9560,7634,11556,849,16012,4504,10394,3127,5379,7840,772,12859,4502
3551,10702,6442,7961,11716,3838,9687,9140,6072,5844,7806,13393,15105,6049,4557,4022,1371,11461,2307,6231
2224,13851,15167,2785,13065,13258,12403,3568,15621,9398,8723,10762,1029,8905,13508,6160,1080,10426,1049,3934
7512,11190,7216,11674,5705,134,2273,10045,3240,14491,6227,5501,12097,12958,4284,3780,16242,9289,7393,6935
5032,9567,5107,9488,3962,16104,14543,2016,13014,13169,3391,5043,11476,5455,11787,13408,6914,13621,10190,206
15155,3875,250,9886,7826,14181,5422,4257,4457,14022,6239,9011,7312,3903,3731,4199,5889,1454,15396,8410
11112,3865,16027,4924,5201,1999,6365,13838,3714,3755,11249,14322,7458,5284,45,8746,8160,1551,16363,8765
1350,3341,8821,10859,5497,6348,7542,3293,679,4018,12174,5375,6445,11957,8066,14696,12184,5366,10246,8567
14996,16094,16026,14904,8546,11330,15556,5935,6881,15454,5991,4174,8365,7411,7684,760,11652,1979,13930,11826
10761,8388,835,16361,15094,10639,7068,4017,2653,118,8339,3724,4938,7220,3466,137,10641,4076,3754,2661
5420,10474,4968,3173,14278,11683,11506,3736,2348,13782,4231,8089,15668,8620,10102,4537,2253,5760,2053,418
8063,8511,11380,8455,1811,2916,628,2842,4429,14274,4703,10159,2602,12677,3651,8660,7077,1942,3880,3194
4468,3348,11272,5975,4167,12315,4655,12784,3044,11723,1859,13564,6837,6250,5835,12449,2529,5063,12469,2984
3156,362,8910,6195,13339,7753,12395,1453,3628,8505,13494,4896,15656,9442,15297,14991,5689,15054,10999,14569
7979,7262,10958,4041,14437,7471,13755,5955,7439,9962,3923,8247,3635,5432,13307,4350,1760,7183,10041,3055
6109,8512,12641,8228,14670,14277,2545,9584,5164,14812,3399,8715,13559,13747,10918,3265,4193,317,5172,13284
7507,14967,5474,2892,12919,14241,12653,14219,14931,13806,14792,5188,6284,3513,14895,7091,12351,11852,3437,4575
8985,5663,11253,5047,11574,13477,8407,10548,8177,11624,9832,9333,9663,3698,2902,9797,2767,12842,2972,4324
9365,12537,12513,9254,10716,7436,14540,10205,10157,12069,8131,6360,2962,3052,15108,2546,1637,12369,13686,13558
602,6385,12329,2824,2317,3586,12071,7642,4973,3177,14398,15553,453,4859,3251,13092,11879,1677,7146,2465
758,9384,2583,3016,9335,4689,15798,3371,2944,5028,5542,4551,3569,6976,5133,9840,6272,6086,5664,11436
11317,5268,14878,8783,584,8096,1259,10953,11290,6214,6215,7322,12378,6193,12617,7408,278,6180,8356,1771
7644,11051,15157,8395,311,6430,4435,8559,7252,7160,1893,8726,5143,12207,626,8235,6631,4936,11956,12568
1794,4192,1466,6609,9155,11399,14715,1805,8059,11232,1322,3859,2928,12206,13025,867,9771,2153,6021,3409
2569,11284,1293,7877,1189,13602,10301,11379,14389,8035,9512,3255,12909,6051,11464,3814,858,11740,4258,11881
9977,1156,12082,2453,7250,1395,1377,7374,2027,9404,14042,7054,7242,13022,7932,2863,13276,2093,70,12551
5691,6293,1380,5622,1374,10344,2196,675,13824,10752,7207,14558,12045,7261,11157,14404,4932,9223,10890,6008
13172,3229,346,8296,8292,1790,1083,5791,7748,5358,4100,7440,7902,4899,15026,9236,3260,7787,8775,5237
5351,3542,3102,11026,12213,8684,3266,13004,3740,12005,4779,1493,3188,8855,13652,13012,3734,15227,4351,8687
7320,136,8405,4834,10989,10539,3696,7525,5816,7030,7845,10065,13786,2983,5463,15626,7383,2299,365,9343
1547,15426,13619,6433,5596,11345,1725,814,172,9072,15368,6930,13250,15767,4929,7805,1720,8324,6797,1839
12034,10978,10780,16335,12262,606,14190,3887,13235,6573,7879,8780,1302,2075,3589,1482,9225,8626,7611,12442
5183,11721,10360,6244,9015,12402,7287,14492,4726,4944,8872,6799,5578,51,10085,7375,3450,3603,8044,8617
6725,10463,6425,4309,13144,11972,7572,16114,8674,6527,10997,8973,15999,10940,15636,14311,13176,10202,12010,10417
2877,6322,2145,6776,11987,6684,7702,9532,187,7803,3850,11848,12806,2688,10851,3528,12731,1161,15294,5120
1849,15357,1908,14835,4791,4298,12853,13708,14104,10747,15751,4040,8624,8424,9005,837,8522,13788,10799,5255
12438,684,492,4007,3434,6184,6831,4534,11028,12903,12458,4645,471,540,8007,12599,6002,2109,5510,5872
14369,8217,10181,1311,3317,2908,5392,5595,8896,12993,14800,11691,5703,6515,6467,10669,6338,1416,4761,15316
14174,8321,9059,8686,6432,6887,13255,13143,7711,3018,15924,9371,1447,8697,8722,3717,2938,2433,10568,7057
2600,5676,15973,3936,4444,14603,9427,14594,6821,6416,8603,16248,8595,5744,3873,3249,7189,6786,7085,6668
3745,6648,13577,9952,7550,14934,13699,12363,8517,3041,9249,1935,8347,316,15700,1651,3514,14871,10835,4964
5386,8557,7084,1177,8429,4015,15292,14507,12887,8597,7151,11339,14155,13145,359,14412,3920,1251,5814,6469
16029,4648,3375,11386,13582,11803,6335,4280,9741,7166,10053,14402,14118,8813,14447,8827,11891,11495,12418,11630
15438,10315,241,64,11055,8788,5044,2388,3878,2189,2857,5884,3847,12720,1738,8025,4984,14410,1292,3416
9133,9159,6780,13069,15649,1242,12915,12146,9185,5096,2859,6732,168,3985,14832,8493,4867,15809,15139,13330
11895,6076,6042,3744,1796,13337,14636,747,7835,11010,2614,15342,8668,11167,5641,6955,16111,5857,13338,5548
11182,69,2724,13061,6765,8069,5530,7697,14399,512,11941,3273,13626,3805,14963,12837,14999,3976,9668,7240
9879,4722,1042,5038,1784,10158,10879,10640,5906,15799,7868,6204,8601,5194,6572,6718,3607,11760,11969,8138
4976,12380,10160,4891,8829,11994,3899,1171,4628,12084,5332,866,14565,7997,771,10129,13268,5547,11516,6303
14509,7132,1892,2887,3851,14194,3645,3624,8461,14567,10373,2568,9747,15845,9887,12736,1237,11745,8116,8702
9238,3883,12290,3975,8308,6132,6100,12215,4475,10235,7258,7775,9131,10925,4365,14205,6116,6153,5926,5532
1536,8629,10192,3296,7116,1367,14539,1880,4507,13918,3511,4418,381,13646,2386,11718,15133,13320,13500,721
6327,7586,9367,8935,4945,6650,10668,15829,5938,9076,14576,16167,13691,14227,5862,1557,12147,15954,15748,2870
2656,3030,12671,5824,290,15836,10993,10465,16274,2076,14876,11154,2268,9615,2446,11639,3715,16101,13372,4887
6801,541,2963,12230,13986,4957,12219,510,7618,13738,9093,5985,5170,14795,10857,15857,4266,9148,10319,1531
4481,2421,3964,6953,15195,4915,12333,12944,340,6399,11625,10708,10021,14332,850,6,5512,7898,2745,6539
5243,5609,8046,14955,90,8532,15096,8000,841,13358,8080,16221,8711,6129,1734,8309,15230,2161,5864,4046
14982,5446,5276,16157,711,5378,13758,13221,3365,6418,8438,2279,4123,6070,484,4314,11416,3020,10564,6944
4542,466,4114,542,2560,9872,10178,12051,7244,16057,5957,3117,1573,6449,9905,12434,742,10626,7752,7326
11366,1997,10324,6405,6339,7137,8911,1055,9069,7194,2563,10175,4798,4215,10096,4809,4034,13826,15971,13917
4904,7785,15293,11705,4381,8306,8843,5220,8213,479,7594,713,2975,6279,4875,3467,7304,1449,5527,6030
11202,9406,2139,15417,12419,13282,4535,7190,3390,12355,13511,7758,9597,11212,8137,12566,2013,3824,18,10873
11752,13491,6311,5786,7421,7339,9979,3804,12142,9941,5416,8897,217,16121,11988,12866,7475,10595,5112,355
8090,14360,3773,10176,7648,11093,13053,13121,5628,12157,8417,7282,12924,821,9582,596,8561,9128,2660,1971
4599,4521,10089,14259,6568,544,7556,3477,4423,15338,9501,6063,8313,3879,6717,2456,4403,14868,741,7949
10310,14778,11815,10028,2057,13790,13873,9876,195,2754,5898,3783,9067,2332,7007,5394,6050,14242,10061,4877
15121,7169,8051,7463,3148,10729,3402,7505,10769,7548,8991,5033,2915,4624,9485,7031,6980,5326,12914,10624
9959,14748,1330,1950,12365,1472,4783,2865,7052,411,893,4147,3221,11047,16325,16021,16028,1346,805,15142
1803,15069,14070,1178,1020,6118,11874,13530,3144,5536,6221,15783,9929,6908,8707,11907,6814,2089,13349,4272
14297,5657,15549,15128,386,10498,12818,11019,5959,9935,11834,15945,6268,3766,4090,9220,14135,705,3729,8319
879,6304,12321,2452,6893,792,7482,5670,11623,3739,5065,1387,14103,13059,8845,421,3944,10519,5283,11194
15145,5839,2787,8682,10632,2777,4312,9162,14044,7191,15386,9844,7353,11897,590,1594,10589,2243,8094,12293
2353,13244,8939,11459,85,4858,14236,6266,8958,5327,9146,1739,5343,5686,9865,7123,12649,15989,15286,15380
13692,10611,8570,16261,1921,10795,6661,11419,2050,234,8354,1155,3524,8061,10557,93,3966,11648,5776,10174
14937,5479,3195,8312,13598,2311,6061,3539,15758,8396,4206,11601,12921,4208,13114,6719,10476,277,10483,10732
11085,12175,3982,12986,12073,7712,9665,6024,9284,1476,8831,14009,4289,11912,13716,5089,8404,15726,10510,5504
2037,11223,4180,5852,15831,1303,5630,10460,5937,9559,12740,653,4931,4509,7916,10330,1455,14528,8100,11155
4736,3549,14323,9417,15897,12855,6745,6677,1827,9647,5506,12748,7187,557,11474,13698,5651,10518,5001,10605
8679,8926,13705,6362,2031,7613,7783,2502,6441,16245,6734,428,8565,6847,10057,13147,2143,1510,14026,6298
6040,8018,8020,9156,5453,8017,14548,13263,11467,14215,12778,3201,11791,6564,13153,13148,2266,9869,7456,13681
7887,14151,9326,14324,5586,687,6179,7522,5314,6771,2322,1437,12310,12368,12834,6489,10634,9823,1446,16295
10566,13741,15151,13483,6027,14772,14969,11563,10261,5675,1654,2003,5465,10185,5709,14034,12326,15915,2458,7437
5016,5313,12524,11394,9030,10654,12413,1642,15645,4431,13943,11252,315,6144,5086,10962,3655,12970,9723,13029
10753,15854,5577,9102,13783,4449,12506,8936,8887,16226,4707,14781,6486,1912,5859,1873,9039,703,14599,12640
8387,12277,4848,7432,7777,2349,1140,4564,7059,7951,8655,13026,838,13401,647,6225,10033,10464,13041,8488
11054,9428,16040,4224,6413,10079,7692,11654,9013,9208,7034,318,13639,5909,4680,1100,13949,88,13135,12528
8695,462,11000,13834,3281,26,3642,14371,1286,9895,7751,5467,9878,6795,8904,9063,11681,7499,5385,2780
4916,8475,9465,13476,10790,16321,9915,13632,5496,7701,4588,9727,816,7387,1828,6478,6729,5,6682,15410
7485,7483,14675,2141,1314,5611,11592,6480,9356,254,433,4657,11949,4878,14006,11118,9961,2402,15566,14890
13512,6426,12222,5636,11699,2024,1853,4260,5163,11457,14243,11627,13841,10318,12382,14407,1031,259,6878,10005
7397,3247,269,14698,4846,2441,2361,13813,16223,5079,3911,2645,10914,9880,14708,9841,4881,11497,5797,1776
3592,6316,8593,15401,14345,15685,10311,6692,10828,1898,12876,2347,1792,1341,16201,13219,12325,14538,6959,8443
3473,3772,6270,6390,14568,4777,957,11509,8798,14990,1534,504,10341,6251,3340,67,3443,8277,6894,5993
6464,5838,7392,14858,16208,2232,13568,4425,2496,2797,7829,7249,9266,11347,8048,8916,10606,12197,10623,5543
3224,12476,9415,12906,10441,4225,4704,10220,6877,14393,2808,1736,16341,2427,15265,5690,6698,11304,14691,9802
12280,4515,7256,5502,15372,13718,9558,10883,7325,15754,14139,12814,7547,8946,10433,1575,12400,6694,2649,11260
16062,15202,6621,7405,11676,668,3019,7873,13256,13300,14694,125,6873,11490,14119,12426,10127,836,10134,15571
4880,9712,14313,3214,3597,12942,11905,9995,7424,5290,5083,15822,5459,6098,12721,7911,13501,2281,12718,14954
4695,3977,16054,3474,1965,6574,467,6417,4627,12532,578,9288,9767,11774,5402,8618,13415,15164,2372,12067
2950,11373,11851,2117,1598,11738,14592,3350,12749,3230,8467,6285,14634,10336,11536,11408,14893,15916,11191,1731
5727,2822,12024,14574,4578,1798,4849,14342,2746,11561,3816,3737,16024,13450,7720,6472,11600,7832,8368,8751
12425,8502,5942,5134,13210,9495,2647,5223,2270,6866,3272,14869,5195,3327,1190,5121,12232,12275,8957,3981
15257,1405,5108,6940,7928,13410,13588,11255,12455,6123,7919,8185,11131,1649,52,10191,11864,4455,496,5145
14678,5062,5782,9761,10423,8894,15299,12638,1164,1312,10077,3351,1450,11374,15437,6190,6032,7021,10143,15104
8837,5192,6929,10362,11060,15507,8223,6886,4621,895,6733,7056,8566,14989,11409,11640,3775,11992,5730,6183
9527,3294,4529,11338,4051,13008,5701,8383,5656,12427,636,4995,5179,4685,4315,8314,6299,15206,11581,13804
16162,4857,13262,6775,1635,3279,10952,11835,8525,15169,8494,1475,925,3445,9788,13600,6764,10090,1349,10414
6860,4694,5925,10257,13369,148,15204,4803,8351,13899,13071,3822,5808,5144,9263,3617,9920,11614,5754,11735
4077,13920,4715,2999,14656,9132,13509,10893,11414,6567,3323,11783,6594,1084,10000,5250,2011,5593,5263,1129
10007,10771,15776,2809,10200,3904,3218,2923,16229,11207,6966,9143,6476,7316,1339,10233,8427,16187,1209,5767
14018,14864,10289,8257,8373,11163,5425,13618,1806,13881,11643,12121,8728,14666,4131,14667,8382,3771,15804,5710
11621,3741,4062,8742,6533,5099,3384,11750,7449,13023,7917,10501,12611,6968,589,757,1142,11468,5702,10258
13089,11483,5464,12164,12703,3986,11134,14101,9034,11880,3801,1022,373,6619,13765,4737,11903,1344,5967,6419
13859,7055,1981,7243,6172,12707,8917,13293,11518,9215,8492,2115,8225,8487,2764,13609,11917,8504,15418,11665
4160,6114,934,523,15653,3000,7922,2036,8866,12916,16177,14082,12936,12161,9566,7035,14285,14066,15056,5834
3460,5583,12633,10878,10313,11296,6077,8777,3792,9673,6688,14396,10871,5451,14735,13183,7931,1079,12824,6868
3618,10354,7357,4913,2208,5522,5061,12478,7434,14976,11100,1099,3490,15277,9165,14170,4818,10681,1215,8158
14255,5880,11661,16267,8869,8369,14349,5986,4030,1643,11866,13481,13047,7639,5015,9315,6389,1369,15192,9507
3965,485,14959,5565,3316,11911,271,12670,6333,9707,2761,2186,15037,246,9787,1040,7933,8583,13756,7095
2514,11375,13,5674,7182,3798,12143,4427,12933,3121,7367,883,5660,8458,15671,3028,2048,3395,12166,13513
4399,308,1625,10932,10056,8344,3101,380,1070,2415,2576,7185,5513,16312,15775,16307,5137,14683,9563,11314
12486,15229,5168,16076,6726,4595,1822,1885,1933,11626,10563,743,468,14526,16083,1529,6427,16236,9466,7889
6663,1554,1685,11984,1515,11582,624,8933,5635,11130,11617,9619,14021,3672,12716,6534,9090,7989,4923,8459
198,2795,4291,6168,11962,1614,8242,13321,10343,5388,2493,2151,6903,3666,9516,1213,1777,2400,8471,14627
4080,2990,13399,5903,6543,9592,261,2584,8540,15761,14913,2903,10381,3500,2477,16269,6162,10912,8209,3132
11865,11963,13054,15501,14854,10274,11974,10442,4506,10706,1135,11744,15867,7295,15275,13142,4252,6861,5785,7610
11301,6302,5377,11309,7517,9958,15329,7403,3622,9042,5618,5856,10348,1821,9583,6921,9206,3246,3137,5928
7838,2762,8514,7228,1500,12185,14473,9065,10583,2466,15284,6460,1207,3026,3319,7446,10314,1762,13201,12330
8338,3525,1807,7223,6838,5652,9848,6105,10772,4806,15137,15460,2632,11888,8023,6781,7987,3890,3379,14463
8555,4769,15129,11784,14929,11262,7680,15334,15234,8290,11828,15926,8448,13435,8153,1721,3495,14137,7782,3786
12115,8656,15821,9304,3861,1166,4488,9012,16150,4109,27,14589,913,5352,1860,12522,16154,3129,13792,2292
894,2838,482,11841,1398,7912,12335,4482,13296,7195,9521,3463,9577,12177,9248,6618,7941,6658,955,11288
8892,14382,16063,1463,15039,11529,10046,11545,8126,11016,11818,13048,6577,5960,14247,10328,2526,1675,9281,24
10792,627,6412,989,11827,10493,5748,8422,11083,9475,953,15311,6355,15045,6081,14495,7222,12021,12728,1617
14802,8741,7514,12605,2848,5428,11217,14664,14482,6520,4209,11437,7053,10428,2657,6977,2344,9542,427,5643
4297,10196,12416,1353,15404,2174,7497,7814,10884,5472,8326,4486,12885,11442,13794,5114,12920,9446,13294,12106
12604,10827,11717,9891,5930,16096,2806,289,4571,8534,14038,14268,7486,1221,10655,7822,2104,14532,3643,3534
10422,11515,11138,12339,2211,3777,14665,11024,11886,6754,15660,12291,5558,1204,5584,6439,8520,14280,8634,6097
13482,4411,6665,8499,3765,11328,9755,600,2742,8802,8947,10785,14648,5587,4508,422,7665,11336,2147,13817
14610,634,3370,3937,671,7072,2737,13954,6925,1676,15659,8988,14020,14686,7956,2275,2403,7595,9180,8774
6643,2528,8701,1932,3142,14575,9452,4626,4883,7079,354,9380,11111,4498,1636,8243,6019,10099,1458,12858
12938,14819,6986,6058,6528,11465,10629,4992,2854,10756,3090,3170,12738,2236,13160,3180,16178,14919,13344,7536
6753,15613,14964,3027,9478,8852,7545,6891,4116,14581,1544,7781,16266,9440,2792,15690,12393,10711,11926,16144
13436,9790,3579,11664,15101,12545,6382,9292,6257,6182,3107,12609,11965,12683,6604,3318,6110,10382,15637,13107
2340,6641,13997,8,6874,13044,12001,8942,7033,8919,8289,8276,11423,11565,10746,12714,14106,2715,3274,2107
15684,2515,10229,92,9426,8265,6431,12006,8704,1320,13994,2595,8817,8528,14150,11206,6793,13158,10714,11310
15153,8979,3001,3138,6990,12939,13211,5751,7667,2554,4166,2783,1193,11869,1375,6806,14860,11554,10507,11781
3641,81,7221,8483,7272,8282,12851,4400,10683,7462,9483,1919,15082,14870,8750,10791,5647,3993,707,5238
3305,146,1432,16149,14223,2642,2345,6762,5270,16007,7420,7834,7164,8744,2636,662,829,508,2356,13964
12512,2935,1260,14861,3411,549,5301,6832,16086,15852,9104,9157,11353,12308,9684,4038,9195,7584,8161,7520
10128,9219,2060,2694,10909,15296,3344,12660,7994,1180,9203,6701,1093,7750,3785,5914,1396,16362,1793,5820
12804,13126,2519,11090,8658,9661,1959,6517,4721,4802,14445,4382,6410,15781,3056,1477,9023,2035,5896,129
10951,14030,12494,692,6230,12116,7308,5054,9340,6203,6967,7317,10163,8430,11666,8994,3712,12984,8378,5093
7892,7713,11068,9543,1123,650,9863,5207,9855,9955,328,4711,8229,5940,2505,13272,14440,12158,6635,2094
10696,2383,15987,7663,5075,12709,1414,1315,2298,10335,8486,5939,12650,8359,6627,11448,4496,14622,11220,15952
7557,5311,8058,1403,13193,5025,11670,8717,4958,15704,2524,1128,15843,12056,11049,12610,3079,11219,11508,10974
12569,2500,4804,10091,5110,659,15539,16142,6839,9530,10955,14157,13906,10123,2164,7337,7972,12729,11604,9160
12850,14130,14091,7836,15711,3492,6068,8327,12656,7940,686,5758,4465,5569,14417,11967,1904,281,974,11398
2204,12821,522,3550,2697,10689,9114,7382,7238,3895,13506,10550,10455,14436,44,9774,5324,4268,12661,13944
3695,8685,7609,11588,13479,5849,5659,2714,3621,7257,14392,9054,12975,10862,10295,1820,9579,11492,13753,9121
8127,11116,4451,13241,10182,15092,15592,13396,2589,15876,13712,5836,531,12558,11812,16080,10420,1766,556,10845
6060,11778,14884,15569,14758,9998,13457,211,13729,4825,7441,9586,13978,3761,8648,15324,1761,4005,6282,11996
11164,14373,3442,8619,6308,13188,2325,1609,9431,10118,11511,2352,8646,15870,12358,656,12518,404,8112,11673
10168,9025,6124,1489,223,3647,8949,13422,9345,10355,4048,9358,7847,4847,10403,8735,2489,7790,8420,12759
5765,7772,10751,3076,12502,8948,9095,2304,12820,2768,443,4463,7927,1941,9464,8037,6161,8986,735,2000
5158,16206,8699,872,9693,10105,645,11906,4171,4057,11384,153,5723,10419,8661,4682,1252,6274,14002,16070
6394,7349,11469,12801,7488,2601,9138,7496,10763,788,10788,6247,13495,789,2629,10894,9621,6093,14386,10609
9445,1980,15467,369,844,1985,2097,2782,3256,10838,4839,14504,6672,3343,15681,8071,11659,8168,4433,12242
16285,3908,1105,5296,352,14448,5498,8921,9432,6283,3193,3085,12248,4664,10002,14972,7273,15287,10603,6069
13326,580,3831,905,853,4754,8621,11743,7645,14633,11707,6091,12245,588,6697,10830,7039,9981,14229,9900
5294,9366,6906,5714,7943,10832,7934,12785,12043,461,7914,14985,14000,1976,3789,14984,6597,15997,12344,11233
8024,15100,7526,10326,1412,12482,159,7817,9457,8437,5141,12724,2201,5124,6088,13528,5620,5850,9772,13514
10698,11084,6029,4773,5881,8496,8945,13243,3155,6811,13803,13583,6638,11438,5248,6685,10424,12255,2835,2263
7491,6353,14222,4712,3489,15717,6358,7129,9453,11470,11934,5153,801,5666,5833,15272,877,7369,8478,4446
11520,8900,1096,11579,923,14501,6376,623,9470,2753,166,5489,2925,9278,7524,7082,3866,1343,10273,6462
9634,440,3208,1831,3604,12238,6057,4893,2309,6053,16355,12508,6207,11935,3216,7754,6521,10856,11238,15502
14578,12823,6660,16046,3032,11543,11263,10260,3909,11773,4710,11035,6034,10579,1882,12717,6864,15430,14545,1978
14867,10618,1854,3759,16311,1918,734,15132,10968,2701,10811,6377,4049,8833,6411,13903,5193,8363,13376,6371
13031,8724,860,5393,7145,598,2199,5291,10853,2722,2798,6165,5000,1647,2805,8433,12019,11977,16359,14628
4153,14361,178,3141,8252,12347,6958,8791,15703,11763,16159,5345,16132,219,10026,7428,13894,6263,4953,5869
8008,11687,11471,7003,2194,15185,15300,3024,594,13074,9489,7208,8967,1319,4142,2981,15498,8466,608,8402
10545,4935,15493,2665,2319,4088,929,12172,14126,3302,8785,12767,7954,14645,15134,15078,6479,13421,4141,11522
9033,16280,286,16130,15965,6547,13677,9847,10967,13182,12364,10166,11266,10287,3727,4735,5815,14289,9130,15590
14566,3367,5719,12265,5499,2705,12459,14841,8263,3914,12684,9111,361,14043,7958,11062,3057,2516,11267,3291
12446,2675,13011,9149,2482,2385,4227,11382,2119,10103,9221,4772,11250,12733,407,7136,4364,1504,2513,16100
13204,456,12962,7842,5961,2540,5992,7330,5890,16293,15853,11013,15331,1144,12421,14562,2933,9191,6675,1289
12586,3051,6131,11095,6571,13713,16107,8642,15735,498,7743,3499,11475,9280,3202,5711,2424,130,4790,9598
7930,15796,11072,11175,7601,3349,8334,3517,8644,10929,6452,2704,11982,7957,13634,12803,12397,452,8372,14490
5828,6569,13105,10332,16344,10562,7582,10482,8384,970,6961,8811,15629,5825,12423,5822,5538,14872,4302,4983
5272,11323,10418,4410,5891,13199,14338,8586,14161,3397,10831,954,11989,16247,9192,4972,322,6909,4719,1192
6992,6633,8355,79,11576,5438,2041,11538,12324,8779,3426,103,12710,14773,6393,7544,2680,10555,9550,12102
14685,7654,2709,14423,1502,13694,3160,11733,774,2821,13900,13403,6750,9933,7400,15877,11951,4398,10131,13357
8841,5100,14207,9950,3843,845,5981,4677,5772,9055,5105,9094,4539,7103,14580,4713,2943,14702,12224,14148
1272,9062,10250,11813,10248,2084,1568,4614,6483,12159,9018,9296,8819,932,15601,6591,11450,5066,7157,7074
16364,14341,15028,13988,1968,4637,12131,12031,6384,10186,14153,11730,14187,10656,10459,10398,13310,8756,4450,8210
1205,2728,12871,16329,8694,11031,248,14590,4669,9004,2226,13796,14085,14301,2079,12352,1246,393,6406,9943
1946,6540,2930,14947,4668,15543,3600,12059,13225,8612,3067,1217,7784,4112,3683,6624,3529,4986,7319,10480
10891,15787,7199,843,9234,12969,4415,1558,3012,4829,9342,12303,13904,7676,6242,10817,3116,9708,8015,16186
8085,9835,10198,14908,10693,14366,1088,14657,7593,4727,3705,13599,12888,11976,12128,6670,6137,4334,14475,1010
15210,9096,13304,7920,1960,3738,678,8622,8147,6171,1695,12487,9868,988,1126,3465,10674,15021,7741,2487
15119,9971,7251,4556,7111,6020,15806,220,1616,11268,10431,4200,8343,13438,185,4185,15680,9608,11246,12830
61,5922,677,8830,8283,4851,5057,8124,6818,15559,6269,13584,6882,8613,10869,622,15869,6962,7444,1422
15536,3886,15289,6309,2726,4866,15522,12192,13748,12954,5278,13270,379,7175,2181,8474,14062,13580,12852,12918
5908,14071,7516,7274,2404,7565,3668,16354,15106,2068,5762,2832,8980,7960,16043,7569,5228,7975,15392,13424
10678,6135,7728,4434,6248,8757,2917,12090,12362,14358,14010,5900,15463,7652,13645,2958,575,10256,12530,1975
9808,5858,14421,11329,4078,4833,14733,7811,11124,7213,10922,7042,5408,3746,1183,10690,12061,10984,1646,15029
9071,16163,9893,12028,8497,8446,7605,14336,10612,13505,6705,14782,15950,6749,10897,16153,15918,7695,12570,12381
8201,11271,3468,3660,9695,824,12686,8128,13731,15632,6164,12795,13194,2759,15193,8929,6798,10600,10972,1895
13913,2996,10448,10801,10860,11291,12495,9640,353,9368,65,4828,11616,5829,7430,13789,8463,2473,7535,6329
7211,3280,15122,15795,16232,4395,205,15408,8067,9503,11706,12263,3286,12692,11009,15818,7161,10142,1576,8803
13776,7265,8120,12597,13706,4310,3226,8965,9064,3632,7849,7155,12674,14143,5330,357,15050,4159,1795,12078
1521,4762,12676,13208,8675,16011,15734,5987,7759,9008,7755,14863,13570,8221,14434,2676,10350,5977,12412,8432
2012,7388,11210,1905,13083,13529,15642,6788,6704,8134,10530,2337,2455,8598,2860,9732,14582,4723,4217,9045
5801,7745,7135,5655,14108,12581,14995,12048,3808,13830,15746,15135,538,6623,5395,12271,6932,6834,11064,8021
4288,3836,1041,5006,11950,8539,11761,15510,11318,1282,12713,1969,13791,15263,3845,6918,15603,15716,2160,11573
3925,1808,10111,1348,3478,13828,399,701,11635,13039,8663,3611,15358,3629,10010,5715,2626,616,13563,11331
10796,6003,7942,11633,4393,12652,7698,12461,14997,1516,4619,16369,11004,5672,5667,4344,12667,6108,13879,8469
15639,4918,3100,1298,4295,12456,1013,3996,2533,14086,7538,5029,1297,436,1749,779,14005,5325,10807,5616
4565,2739,15089,14722,5400,4466,7061,1300,8169,10370,8106,15435,9028,14116,13887,1063,1844,14390,13081,13232
10379,4589,10783,7580,1634,5936,14770,10337,14942,7567,3060,12556,516,12112,7266,15709,15980,4460,10086,13829
1071,1462,158,13336,16064,6375,9125,11836,2185,1290,12473,3613,4118,11193,12269,11980,4401,12869,9302,2155
4019,11449,4059,5122,8999,6858,8761,13658,9645,7148,7670,11739,15330,6455,10500,1840,7566,9204,12911,8415
1452,9352,5582,11618,3743,13952,7107,14703,8743,7365,6947,14883,16184,3183,11636,4155,3436,201,3110,15481
5216,5140,7294,13032,6138,11348,1783,2293,13814,13460,12178,13635,11931,13382,15778,10691,9295,3510,4593,15512
718,15291,8227,8041,4377,7253,9622,2954,12826,4367,7344,2850,16072,10947,12236,4734,13001,10726,3784,356
7855,14614,1607,15385,11589,8643,11443,7423,5919,5693,2376,4892,3058,15042,10367,131,7362,5142,11391,818
15044,2326,7076,12011,15091,1722,10841,13404,4868,689,372,7005,11168,1108,3791,7660,12607,635,8114,14088
8594,193,1945,11061,1295,7102,4094,3749,7925,3602,4407,1281,8353,9978,107,13823,16134,5731,16365,7596
16124,7794,871,2373,14184,9871,4503,15030,12046,14454,10660,4581,14687,14577,8336,3948,4590,9419,3625,10631
9494,14068,1044,15067,6828,7027,1542,12009,7815,4615,559,267,13236,4221,9183,3204,12983,4647,83,12234
5224,4355,14329,9991,10249,4494,9000,9544,15174,9700,1004,344,10573,15617,13452,15484,11925,10814,15159,11660
2390,7372,8667,5807,6617,13179,11824,5934,7539,1809,8673,10980,8107,1460,4743,956,9882,10875,12101,400
11308,5943,12383,2291,5485,10450,15197,11732,371,11397,9857,550,14040,13013,6220,4830,13449,10298,2711,4454
15514,11833,14653,9817,15406,3125,4748,947,5487,32,7219,12950,4746,7890,11757,5415,995,14292,6974,15978
13163,2625,12260,3061,5817,1845,29,7813,14626,8053,15187,4714,5039,11413,8838,909,2338,6074,7585,15625
3250,8186,8651,14326,3239,1923,13707,14177,828,7510,9357,3045,16164,6707,8166,7354,12281,10843,2290,10617
4955,6143,15087,4840,6570,9864,8885,917,2438,2698,13924,11513,14866,1624,7508,3184,9812,2654,2289,8930
15930,7284,11237,8537,1176,7498,9531,4372,15923,9751,5658,10748,7729,7664,2503,5338,10819,10523,9843,5115
4495,6708,8688,14764,11795,8301,3758,5573,7120,2544,2771,9534,14334,13086,15544,345,10633,15768,10067,9075
16023,4770,12758,5312,8912,14253,7976,904,6206,8513,13657,5654,3485,4138,778,3038,4164,4194,13478,14892
5738,16001,2030,4285,9087,14078,14609,12441,781,12900,10677,7598,12907,14827,7029,7234,9770,646,5680,3073
9782,15075,12360,13793,15397,12388,13575,1583,6310,13444,11893,12240,9499,1690,7503,9652,7867,6589,15003,13567
5732,8530,5241,10133,12634,6258,3913,15762,11788,3033,5846,9605,16235,279,9338,3882,14839,8870,11091,5803
1236,14221,300,11299,11432,5384,7774,15282,4700,6374,4693,12622,7770,8414,12563,9918,16041,7292,7982,12922
4597,4378,7278,232,11776,15423,16068,3418,8607,12994,4888,12349,10125,8348,12479,11434,12730,12701,3863,2718
7891,4946,13928,7202,7501,11696,4808,2351,4819,2088,14403,5200,14987,11964,7872,13440,10049,11550,14024,14838
14217,15753,196,16299,10410,14777,11177,16099,2113,5904,1089,16122,13989,10569,491,1910,7577,4741,10366,15479
1480,12998,12929,16346,6252,388,4047,15123,3298,7646,14330,9409,4024,4879,12132,7014,12624,10644,4616,1791
12694,15878,14745,13311,7022,3168,10686,1499,5211,14284,5176,15814,331,2063,1533,8690,7559,10204,7998,12943
11861,15476,2919,1197,16371,4474,1974,13383,12892,8585,12151,403,3918,7360,998,8650,15072,11555,13260,782
15663,960,7620,71,11149,558,3275,8993,8295,11531,1545,642,5174,1948,15755,11641,13541,11979,7717,14214
4011,13907,12212,3555,7361,6199,8156,16049,4371,1279,2650,3386,3795,13325,4531,15203,13066,197,57,378
10630,10957,7615,7286,10903,9164,16250,10658,3050,8409,5639,8245,9325,11360,2836,12221,12802,8123,670,11251
9990,6524,2264,10437,12870,6595,8220,4294,5369,14014,2235,1878,1392,7231,9564,7808,13719,4989,5232,13097
14261,5619,6634,13931,13800,12840,9750,4337,1571,12309,209,10927,2721,11597,15456,2173,11882,16379,14712,13704
1632,4343,790,12451,8578,4031,9107,609,10265,918,1125,12500,4319,7710,15756,7876,6145,9109,3385,16298
2399,10905,4072,12992,12577,10532,11293,3817,8927,11755,15398,10551,10075,3994,14406,6537,3648,16032,9323,3199
9570,11227,7288,5605,15333,5629,6895,16103,2727,4186,8851,7241,1829,1497,5794,7011,1655,4370,10755,5998
9320,12658,2846,14744,10214,1782,9098,10074,9526,9587,14717,11073,11119,1340,11006,14378,16015,13534,8394,10581
5318,6755,9347,11797,5546,16088,15048,4417,5696,5017,8784,604,5868,4445,7977,8077,9115,1216,13854,6982
15070,3363,4561,11902,12681,2121,13091,7564,10029,14497,3679,9360,848,7682,11025,6747,5716,6676,2203,8769
2198,13136,9014,9969,8065,423,12088,11655,3414,12928,3763,2140,5344,9385,3984,2814,15780,2571,10599,940
10670,4914,327,15745,3248,10823,10777,10060,6210,2668,5974,10944,15298,5218,1154,4190,14757,6217,10112,1328
2580,8113,15513,14193,15315,8533,470,9444,8996,11126,11254,2242,5759,11916,1737,5189,8045,12077,13663,8377
11008,14113,5662,11228,6655,204,4293,9821,3667,2062,5526,10226,10327,10739,1317,13857,3143,15764,8332,4061
4318,10150,15622,5331,10986,10237,8403,10238,977,11947,14240,7962,6238,6867,1742,15017,8274,8873,10073,12725
3587,3243,4140,15120,8915,2106,6022,15244,10320,5297,12862,6017,11462,7063,12771,2530,4632,1689,9701,11151
4997,11680,2336,14064,9423,16170,14249,9781,8340,16300,6593,3735,7519,2552,3484,6640,4601,6686,13740,1136
12384,11148,13832,15683,10116,68,14357,15015,13655,14815,16176,657,12233,13365,6819,11924,8977,16033,14874,12186
4552,14928,7307,7363,15597,77,14820,855,14912,3580,15962,14189,304,8084,5932,2843,4323,2725,12433,11638
8281,13779,13561,9374,4943,6232,5437,10529,7736,10514,13409,13486,7490,1619,1304,12698,14619,9372,15344,9548
13447,5004,5236,4484,9815,12723,7196,6636,8876,9594,5315,14128,15335,15099,4807,5756,2425,9757,12515,3300
5337,13090,9739,8006,6254,8640,2507,14925,11248,16197,7371,12049,3190,8879,16373,13043,12124,14903,13302,3827
15448,11535,4949,13343,9502,2394,1479,11632,1788,16129,9794,4982,8297,11429,1441,1423,13858,10376,13592,7600
7131,2064,12996,6659,4135,3790,11313,9395,1982,6586,9207,13017,13285,15694,9336,15146,12965,5055,4066,10858
8190,10561,8111,6475,5832,12278,14121,9400,6264,11181,12462,5956,3494,11873,2017,9861,4681,10062,10613,8614
1271,4591,7764,14900,2677,15606,11570,4718,9822,9901,9738,16136,11297,13981,5333,1198,9731,1789,8102,12196
12404,10754,6294,10479,16233,3733,12497,13905,15682,15963,12273,9949,13576,12632,10277,10325,7599,14,7776,9239
15909,13671,6552,6620,775,2183,4815,7173,2733,1987,6287,4988,6444,7810,13610,7309,11708,11244,11359,8191
11333,15511,7807,4764,2871,1060,1256,40,11694,494,3855,6800,8453,14248,14225,11599,6978,7583,15061,4249
15766,15503,6407,3086,12501,12435,12249,11274,16168,9627,1370,8898,5917,10400,15241,6113,9463,10252,14602,15956
4479,13630,4890,7176,7020,1003,4524,12959,6949,4441,1284,5726,14195,8472,11014,10389,6829,967,15627,3356
10864,12216,1661,9303,982,7193,3290,14286,11512,13764,1596,5669,11480,14926,7696,2459,14446,78,15378,73
10305,9540,11479,15184,14726,9714,3973,13767,11078,391,14350,15951,1733,9205,8350,6691,14662,10664,3898,10916
1956,420,10707,7433,16288,1218,777,7264,2392,14911,5923,1382,14397,10114,14759,3574,3594,14710,13099,15036
12439,10765,10682,15527,8961,8625,2101,2098,11259,11176,9291,4320,9796,3541,2796,11140,12299,2818,15557,13553
3362,5644,10699,9867,3483,10602,13106,13757,6716,12879,10588,4520,9814,14090,14918,9408,11913,7546,14894,11240
2901,14306,7913,1925,11514,10643,13418,13703,16227,9964,12808,9575,14097,4033,14099,16302,14379,5627,1230,2922
9742,375,12312,7358,9809,5747,13433,7555,9297,2330,9081,6613,8941,13955,4241,15849,7531,6825,11646,16348
2022,16172,12163,2804,4652,1222,12445,13993,12122,5867,4586,14623,7612,7051,10915,8010,15480,2520,2381,13467
3653,9106,10578,14375,2405,13754,10506,537,6148,15200,13190,9462,266,349,12815,3626,2509,11396,14790,9402
11938,7591,9209,11122,9337,13464,3114,6683,8118,16097,13324,12150,12080,15586,6647,12466,10601,13192,502,15429
11139,11451,10547,11650,2313,13533,3753,13573,12884,1662,10694,2841,10291,14087,287,5362,1285,1579,15449,11361
432,15254,12452,13345,4144,2039,10730,4526,4826,4050,13682,13811,10193,11183,5972,8804,534,9669,716,2740
9189,12179,9974,10017,12126,5810,12004,15354,13451,8962,6615,1433,14727,6657,14979,9038,13274,14238,1869,3088
14680,7154,5212,615,6271,12865,5766,8747,1526,9118,15546,11710,6888,6566,15303,6956,3288,9856,16216,16008
4970,9636,2522,5048,15607,8515,1245,11798,11986,8342,14804,11792,13261,38,4560,1046,3670,2890,9467,10882
3515,12514,5551,10789,5449,12085,12708,2001,1014,10380,15686,1995,15024,2474,5508,15506,3354,8729,8167,12904
15599,15180,2852,11356,11312,1,3335,144,12886,943,9637,13489,15879,10574,6043,9862,12014,3119,6740,15259
4532,2374,11494,11346,13929,14100,295,9537,13394,4785,2134,5037,8582,15688,7863,15196,2918,13117,12070,15859
11076,7092,13346,806,5350,11080,5818,15591,1397,7081,15643,3331,13787,12050,9681,10991,2751,9850,1445,4527
13927,377,9683,11292,8610,3943,4854,1187,13391,8799,1254,12891,12799,3960,702,11693,3337,2434,7025,13405
15112,394,4354,11132,14112,9331,13010,3553,12267,11878,2007,5704,7875,4643,11363,11629,3315,14291,3152,6690
10478,2765,7936,15327,5488,7983,13684,351,7638,8786,2014,12644,12680,9555,683,11300,5713,5673,10022,2283
6995,13579,16006,694,15533,5550,10064,11214,8521,9500,9269,11503,11127,10165,919,1906,13171,173,9344,8882
15697,8133,12789,819,912,14938,13472,5298,12292,5244,2911,6975,5947,8129,3374,5535,14333,12743,8547,13861
12583,5729,14822,2316,9966,1007,1602,5624,9285,5252,8119,121,9459,16294,8401,10488,16249,6522,10293,8121
8072,10451,9243,2596,15575,9939,2100,8767,10921,15633,11612,2558,11162,9422,3006,7579,898,9623,4786,2673
6115,3408,10720,10392,9591,6950,13229,6545,4491,6010,8753,15255,14943,13837,8976,9618,7880,16169,6854,8349
11789,5570,10063,9170,11307,6031,4296,4670,4911,9743,10470,11320,15881,14505,3212,10132,9927,14045,5305,1740
10778,12765,12138,5396,9456,9043,717,10110,2378,11044,8305,5523,4276,8374,368,7060,12361,14200,9749,15721
9783,7909,3070,5597,15183,12726,14635,10512,15,4387,1169,15055,13379,2310,1404,14799,2254,12768,11843,5240
2937,10571,15534,14096,218,1757,15631,3186,10692,583,12805,1518,1027,3178,464,9024,8152,3471,4083,9142
488,8337,5580,11544,12573,15226,5242,11860,8616,12557,4165,5773,13228,444,2010,2238,15218,13167,1408,15266
14318,1102,12141,15118,1520,14246,12372,14298,3752,3227,4841,11406,10427,8419,16037,14879,4303,12353,3809,5196
2948,15741,6518,15497,10317,10179,14444,2750,1704,1953,15336,13622,11256,6863,12552,155,2510,14644,10212,8951
2752,3237,15868,13051,2297,12542,10230,8689,12169,13098,11445,5076,5323,12817,10457,12094,343,13948,10758,12809
1823,12103,13844,882,16109,184,13662,7167,15594,14232,7723,6644,14740,1652,4176,11961,5621,1888,15416,12405
4583,14094,11435,14962,14059,4113,8211,1468,10937,8083,3844,11504,6016,3259,13230,5980,1239,8745,14117,2936
11919,34,14262,8330,7315,12777,14824,9032,8002,7419,13613,1310,12058,3959,13441,7276,12608,4416,7846,12209
14293,348,1781,15570,712,11775,7797,4608,11040,3306,16356,10247,6824,8992,3812,10282,367,9490,8536,9416
7970,14808,6443,9346,14586,12002,11200,12901,4419,15348,3264,10745,2222,11473,3509,1121,3420,12554,15409,8447
5899,12582,908,10078,9590,8903,10161,6969,14816,15114,13462,10666,10653,14535,7991,2260,4218,13370,3377,7391
9413,11487,9629,8959,7386,15577,3990,9675,1871,1890,16158,14730,9898,13340,5363,1532,9260,12409,1113,9912
3939,9256,14855,12646,4443,16090,2882,12385,5840,842,9601,14630,9434,8736,7513,8748,11343,1599,7298,10155
3703,6181,5540,12654,8179,9676,14978,5988,5830,12948,122,9885,10911,13542,8060,11742,4649,11510,3093,10154
60,13353,9733,13539,9504,8580,9198,13980,14477,3819,963,14966,15944,15815,13628,980,320,1053,5724,3108
4950,11825,3663,6833,8806,7270,14484,4104,1775,13638,9197,10025,7413,4612,12359,11265,971,601,2324,9926
13381,4269,10054,7038,4473,8249,2823,3254,12256,14365,8189,7089,6507,5308,9301,226,8696,14023,11853,13690
2699,10900,1175,9319,13882,15366,14414,15647,2329,13430,15572,14556,13146,16366,313,8997,10302,2616,10926,10137
3659,12880,2640,16053,6306,8764,8599,5084,881,6359,11059,2799,13187,9616,7073,3723,2989,8157,3682,3560
13616,6580,2318,13617,7472,3794,3439,16030,10528,15518,12129,3037,15672,12857,9274,568,4869,9702,11954,2246
4756,11321,9972,11562,1291,105,5743,14335,13209,12776,6490,12628,1385,8544,7597,11936,7104,2803,55,11952
10505,2202,973,2909,4247,921,4993,13795,11698,4172,13036,4316,72,3135,4214,11171,1565,4709,2912,10240
9355,1574,8293,11349,15051,10917,1301,3232,6669,16246,1097,376,15148,10920,1484,8140,8527,3111,6984,722
16194,7455,14110,3262,13085,270,11376,256,13878,10286,4659,8184,15676,2910,15000,6297,5469,406,11568,14679
14288,4758,12013,14704,5002,521,324,12037,14631,5013,8762,3664,5361,7412,13968,15387,5411,3665,10908,10272
8346,7530,10663,3950,15890,16140,410,10130,11644,696,5768,7210,4817,8714,10743,11546,15499,4436,8234,14720
2556,9819,3676,13402,1843,4717,16137,4362,16370,9523,2634,8883,10243,878,13151,7963,5187,2004,2960,2055
13604,7859,11575,1143,13279,5371,8226,12868,10266,706,5511,14089,833,6715,6218,10387,8554,10087,5735,15847
10521,11337,8244,14160,5774,7356,2422,6004,13392,7048,10935,8310,6071,6038,15750,870,7624,9407,2274,2565
15687,11847,9611,7511,2501,12022,5376,924,15805,6748,9491,7735,10393,14842,12032,10115,14480,3394,15567,4388
2868,5520,9573,5383,1157,8890,16323,4782,13030,15540,7350,6255,12560,7389,2906,11502,4248,236,4089,16241
9904,2240,8719,536,10084,9307,14451,12026,4656,5215,2686,2443,6187,5095,6312,282,10949,9468,10329,2002
3713,15141,7959,12389,14431,6649,10203,7854,11637,11549,12747,13303,5966,14885,13607,2206,2719,12468,6607,4981
13902,12679,12337,9988,14510,11821,2826,10850,9852,3164,10170,14075,6859,2241,4696,7978,10866,12042,640,15752
10399,9721,6366,15355,12313,3322,6041,15264,10016,12202,14669,14571,176,5249,10290,15841,5796,3900,10018,5945
1719,938,11407,6599,15312,10661,14079,14067,3657,8571,3562,1162,3345,8691,6605,13571,9884,8849,10283,8371
2129,11647,11927,5419,8834,9506,487,13578,11975,15360,3238,3269,15350,14961,13248,5399,10153,6331,4084,13650
2651,1876,15032,3707,9960,10582,12081,8022,16069,4889,15811,14381,3099,12690,9830,11066,13636,2391,14958,16253
7760,8240,6237,7023,243,5682,8560,3598,15439,12744,661,13496,13867,10278,302,9906,10013,3806,862,4796
8984,14643,6606,948,12119,231,1943,9308,4582,1728,6556,7002,16360,14115,4079,9176,5412,4562,10481,15440
4613,12576,11653,2046,9766,1457,12173,2703,7209,11341,3637,13378,11578,4189,766,14060,11608,2604,11863,2362
9604,14405,4514,10591,1509,10854,2716,10042,3287,6562,3543,9519,14901,12391,4824,795,7214,14537,2118,15160
415,4422,825,9589,13654,7761,8891,15538,14264,9685,16284,3730,9077,1966,14829,896,8676,14721,9897,13016
13799,13127,7671,4863,1147,12668,10544,1170,2876,10511,11087,15085,6679,8196,10684,11357,5761,6920,9242,5003
3884,3874,9026,9776,6525,14315,2112,3644,8423,1984,10822,16215,1550,10710,9536,15579,2555,10201,6278,16251
8452,11519,1165,11737,12861,2671,16372,9916,14736,756,7690,8810,12613,9136,3285,15914,13152,10592,12054,15173
3821,11036,11279,1194,9874,7080,3031,14909,517,8391,15332,6368,11430,12137,11455,11128,5725,2132,10484,2813
12510,15732,13356,151,6320,10721,8665,7971,4006,4406,1240,13519,7861,5150,8019,10930,15308,14700,14433,3938
5564,2723,1228,14154,12270,2779,13317,10347,5322,15793,11724,5576,2287,12973,13322,10183,6461,9482,6465,12450
12794,11370,10342,13185,5147,9734,11845,4872,11022,14791,6666,8004,15232,1030,5876,5999,15635,5247,4567,15295
5286,16203,66,11422,876,6827,8698,5159,13546,6317,13953,11216,1435,15785,2406,15744,14308,501,5281,11765
9341,14646,3691,1431,11484,9255,2518,13231,8858,520,2921,10496,2431,4036,6356,1440,2618,13278,15898,10412
9228,13072,1224,1361,12727,12787,14041,16297,11052,10177,11686,7768,14924,9187,7636,4353,2414,10585,15719,10385
262,4211,13077,13298,9923,9954,3284,8214,12544,14046,8014,2781,14573,6280,2230,952,7881,10458,5155,10757
6398,4327,6849,11327,1967,13640,10467,15487,10813,8639,11196,4001,8888,2442,15279,6722,4480,9800,12295,13728
6121,10750,14754,1897,6915,6876,2511,7275,14319,1992,5162,4023,12811,11590,3885,25,1620,2020,1247,6474
14668,7659,1017,12018,13079,3888,859,1464,5070,15022,12376,13470,14844,1847,10066,7332,12666,6843,15125,7127
13763,8526,2802,664,11559,4012,11161,10992,8442,12828,13984,768,11277,13446,573,1389,7321,12127,1778,7766
1021,12007,5533,3531,6292,12276,8122,12612,12210,6979,13254,15981,3353,4163,7225,7024,7590,4239,11258,13002
14716,3956,1050,13631,12428,6592,10685,9235,3846,4873,15242,13429,15434,11433,7992,13046,11786,1707,14591,962
10228,11285,9658,14178,13569,10216,8125,964,9324,1741,11754,3548,2995,2702,15395,8605,4547,6972,13498,7869
15482,9595,13173,7087,14305,8303,347,1724,15848,15619,14084,12971,15256,14310,3479,5771,16212,4675,11526,8636
15969,6952,10886,1715,8981,6810,4752,11734,3747,7334,3891,7335,6632,10391,11928,10760,16350,14862,1019,6889
7381,13215,11993,9612,15220,625,11567,15002,10798,16038,1694,6208,10449,11065,14304,6687,12463,11615,3907,3516
16146,11485,9476,15828,9818,409,6139,13275,14188,11269,15012,723,141,2334,14203,13909,15381,8787,12431,16131
14016,10199,13111,14588,13675,1590,13398,1365,14007,4029,13971,8602,12739,5341,3022,2187,1716,8693,2988,8543
12925,7380,12625,614,8670,7771,13003,3074,13951,10043,10846,10288,12319,8970,7662,6865,4242,15873,5104,1938
4975,13750,10264,14017,405,16254,9982,11377,5226,4016,5264,11909,11344,7749,1708,11711,5770,1390,15098,15524
15041,12130,10776,9509,13363,6454,9748,5746,6219,15127,16352,4978,10024,15370,6212,1036,7147,13921,4229,5092
8569,4517,14182,9811,2986,11731,3564,15473,2633,14011,15489,10580,8181,14769,12235,183,15273,16313,6493,15548
15290,15893,14615,10236,8964,11381,8782,3314,10963,14076,13305,11658,8772,6996,15532,14729,13801,13283,3876,7965
6085,6152,6211,763,14164,12881,1257,11702,13912,5219,12790,13875,4108,3709,10896,15722,13093,15452,2622,4684
3421,10774,434,14684,3961,5303,3797,3179,6673,1605,2469,8822,2610,5445,11499,7177,12883,10402,14202,8814
13888,389,15190,11844,5434,13840,9828,11178,11811,3967,9557,2534,4646,9084,605,5458,14363,4634,15574,3889
1841,13590,15698,8465,12095,15651,13932,9328,1496,13651,10351,12496,2205,7477,15458,1991,12782,3277,7099,12241
975,10268,8171,5209,8150,8630,9035,14250,2067,13165,10904,10147,7105,2234,11534,13166,4609,7336,1111,9089
14457,7672,13465,9505,3710,15562,12991,6240,5484,1709,3197,9706,12786,1577,2490,1182,6700,6612,15865,3671
3136,5282,2301,14430,5901,1582,10141,16,6202,10052,14351,447,1589,14224,11189,15899,13078,6851,12735,15399
9172,2491,1269,16025,15260,3978,14458,11050,14080,9829,14980,1305,13594,3566,12297,8877,10271,12114,14775,3283
6602,6761,12396,12148,5430,9318,12864,14303,16244,15352,4154,7109,10217,9002,14843,11747,1799,6804,11053,4765
6438,477,8591,7588,11995,13633,7973,6802,3530,10959,13842,13439,8192,3952,11959,5632,13128,2994,14923,2314
14818,7724,12635,12990,14647,10725,143,4137,3992,3222,658,9626,14441,13950,5116,10461,10526,1103,191,10712
5398,6639,14865,7649,341,2440,9508,15662,13288,545,2689,11875,4148,12068,3546,13612,11015,7791,2175,1506
4969,12511,3380,9576,11584,14295,15425,6581,13455,3807,4820,3897,939,2209,1351,7828,13174,15001,10375,2130
6066,4349,8411,14796,4462,14549,1755,14550,16239,2216,959,8231,16343,4111,2110,15573,3147,2449,5190,5971
11611,6907,14316,10395,4060,4810,13413,7709,4374,8725,11405,164,14152,3770,2856,11160,12987,7414,2167,7153
13212,8531,1439,2233,6695,11101,7043,2547,3504,1814,12444,5493,16309,4965,6883,6134,2171,2087,4894,8034
500,14914,1861,11726,11958,14008,16047,13132,9022,10485,6769,12655,13778,15076,12356,13055,7443,15558,4201,3043
14659,10508,11426,3969,14442,8754,10358,6216,10615,10396,11814,2639,6809,12066,1842,13178,1653,13490,445,12601
6928,14400,4487,3289,15258,6346,15517,9609,450,1884,7028,14185,5763,15833,1243,2210,8902,8954,2980,8039
11402,1759,1540,9744,15691,3308,11525,1420,8609,12053,514,4516,13606,12498,6946,11029,247,13524,8280,16256
3630,15058,2800,4838,991,10987,16334,437,3094,11342,8449,2308,2945,4636,1940,3034,402,9807,11107,4383
11224,6742,11899,5269,6656,16082,156,14239,13371,13656,14814,3105,1487,6529,1996,12104,10572,2849,16160,11678
10388,3301,6174,10345,5390,4745,9968,641,15901,5544,13866,2662,11667,480,10546,11282,14140,8732,5180,5328
8709,10068,4724,6943,14731,11005,16210,16281,6001,9789,15113,4530,9056,3669,15819,4162,307,14093,12761,11662
8195,366,9310,13319,7632,10109,7915,16342,1846,11387,5018,8115,11782,12096,8637,1972,1037,9046,15367,15715
10842,13400,9993,9247,3366,9970,7217,2484,8315,13674,3931,5873,14098,16004,5848,10445,9298,14826,1857,14707
11245,9079,10223,13939,15474,9957,15802,637,5478,5531,9230,12190,2717,6989,5910,4265,14468,13627,13860,1443
12410,8275,15928,8032,10525,5138,15023,12250,4430,4052,1580,13781,4856,10649,14817,688,11030,11548,5503,10267
9934,10540,3053,10797,9686,8054,2276,9139,16224,4816,1754,12044,3153,863,2123,981,3864,7926,1618,3853
551,15163,8800,14557,2539,14129,3357,4906,10847,4391,4392,13397,5280,13551,12065,5074,12139,7725,5205,505
3570,12696,14554,15436,9728,3415,2258,4027,3840,5046,6899,7125,10701,3311,5603,6330,13035,11239,2426,11991
1066,6510,9399,3440,15961,12314,12960,6884,14690,5360,8692,5563,5554,2682,12086,5027,8187,10425,16252,6035
5060,7401,3154,2652,7888,5984,6290,13389,15475,5426,6228,8470,6420,6007,12527,15940,1745,12279,3381,95
529,6508,14183,9126,15832,12289,11185,16351,11692,8341,14283,14625,2341,9709,3089,11027,6614,4962,6084,1400
14805,9538,3987,16286,9362,15276,1415,12089,9677,383,255,15224,3333,6095,852,12204,5905,5841,4232,14766
11939,3716,14275,9515,4404,1057,15733,10055,15490,2321,958,8974,7165,8752,4729,13049,1835,7641,12697,2889
6954,10800,13759,284,3615,4026,13101,4158,10263,10549,5694,4054,4771,10839,14847,1323,8139,5948,15658,12912
9765,1645,460,5871,13406,16056,6702,15170,9858,8920,15887,11850,12547,14314,15010,15790,263,11894,10775,3636
15661,1336,9694,14830,7515,9330,15033,1261,9931,8581,13995,5585,12052,16338,3677,3505,15320,6826,9375,15262
14975,11017,12788,12792,12890,2214,2043,14230,7969,1684,13264,11736,11133,2125,8899,2940,2594,9487,9610,16138
4483,1309,3115,12489,1288,11362,4283,11901,15486,3633,14732,1077,1130,12760,15823,7739,8145,4550,8013,1026
233,5665,12951,1081,2931,14605,16161,994,7415,10321,15455,1132,12030,15066,4909,6777,10885,11990,11968,15678
3496,9660,1628,10070,13286,14348,12076,11201,7640,13214,7679,6651,15587,9173,4234,14529,5157,15737,14762,13084
2819,14124,13855,6662,10895,15140,6583,11999,13825,12060,11121,1345,10998,15771,2769,12287,900,14498,2627,8875
9737,8042,6392,12055,6345,11586,4261,14983,4751,13816,3706,8854,1915,9810,3823,3029,1196,7622,15222,10672
8092,6073,7260,96,3146,9123,15960,11316,6167,7606,10071,10346,7118,108,303,3833,2707,15991,5475,15158
15707,5106,15419,3261,3989,8495,14629,15457,2231,11725,252,14424,180,11823,9795,3458,2025,563,16259,13641
15589,2549,2461,4688,11352,3760,5661,8850,11086,14282,15850,3004,5698,10353,2483,14780,9753,13891,1650,104
9119,5317,12988,1656,738,3860,8428,15772,13749,3360,10409,5178,11159,13125,3493,15760,11197,8733,1131,1990
4188,10082,128,15223,9020,14325,9758,15466,4558,3217,4778,13695,13820,5217,9411,4342,12317,2395,3438,13150
10251,15168,12485,15552,6504,9549,7203,1572,10276,685,14063,2476,7037,15718,4977,1267,13625,2801,1693,10149
11867,12217,15252,163,12585,6370,6492,6736,8998,12550,12976,224,6770,13889,1530,9361,3423,13601,11195,9246
13271,12288,15584,14725,2387,15729,14216,13709,4862,14711,3427,4244,2592,16305,16061,13124,240,5064,11372,2755
11001,8807,249,9911,15883,2360,15068,14370,13290,12170,13510,11418,10804,16378,8982,1406,11117,4566,11466,1570
9639,14649,16018,15710,1916,12304,5916,7347,9091,9147,15708,2077,13566,12298,15374,1035,14849,7069,9987,2971
1277,9963,8971,5213,1394,7686,3502,3405,13884,9525,10119,126,699,9286,11933,5267,4263,4607,11585,794
11215,3750,12091,8036,3942,15871,4219,6201,12023,11115,5129,15906,1537,8812,9705,6196,851,10307,5950,3011
737,12264,2250,11838,2743,6987,9027,157,16166,12063,2418,1868,8633,1442,6983,875,12575,11539,8808,14734
2357,268,12754,3802,12590,4577,13259,14771,12982,6917,2252,11273,11932,11598,14435,14932,14767,4056,1951,6176
1561,10253,8027,12798,12621,14516,7549,12645,13108,5042,15326,49,9617,10401,4990,13458,8307,11920,13312,15046
11855,4130,14260,12457,5239,11885,4010,1712,12075,13565,15903,16257,6102,10538,4784,8968,15245,14944,16279,1008
8288,1944,10910,13067,14752,13437,12772,14834,4102,13233,15702,15817,1184,2262,14688,8541,7473,6259,6971,8952
2239,14141,12282,6357,15052,9529,15110,2495,12800,8299,275,13487,13130,4063,4774,4459,13934,7435,4128,14511
13701,13474,4093,9213,1865,1009,14244,7366,3304,2998,15464,11002,11213,6286,6388,4325,2193,9679,14632,2858
5289,14650,374,13897,15162,8760,11628,14145,4702,12536,12414,13045,9511,15913,10680,10982,9680,2696,619,5668
13807,12917,11596,2620,12838,16192,15856,9754,2454,3675,7688,11552,9930,1276,4086,14673,8498,2218,7201,14544
16263,5811,9572,3522,13715,15117,9773,528,13527,2049,6560,5299,9241,14779,4546,13273,14272,3818,12620,441
15362,7543,12979,15323,9768,1836,8680,12810,12614,6585,11226,11089,10117,10438,7907,16085,6233,780,3023,3535
8030,9678,12152,1409,15081,14917,1588,2587,911,10035,11877,13162,160,12266,9436,7323,4414,11460,3065,13191
3678,4009,1629,901,2987,13642,14031,13461,11446,11222,35,15107,8503,7553,799,291,15523,9048,3779,11762
4182,8956,13170,13249,14102,7368,13175,8103,9535,12302,10234,13649,9937,14951,7896,10868,3075,6428,2085,15450
14367,610,6033,8510,13024,1597,16347,10180,2883,12734,1746,7466,7689,13831,10145,3757,10032,15126,46,12203
16126,9300,2967,8397,3742,5023,14109,12659,11042,10577,5477,1485,11832,7656,14251,14201,11751,10607,7988,581
9477,10499,1909,10782,13775,8149,9396,15530,12493,14273,8062,11603,12587,11264,12257,11709,13368,13454,1680,2834
15340,5733,13504,4013,14359,3520,10213,7399,8657,14037,14598,10372,3455,9834,16314,299,1067,13985,4570,10818
5515,449,4292,10363,2611,8451,12766,5552,11741,3196,3128,2312,4366,839,16270,7133,11113,16077,495,14355
3336,10377,16112,15319,1149,10151,9602,14028,13833,14340,903,1705,12695,8398,9992,1743,12488,364,12223,6380
5559,7226,1664,15274,769,1172,6261,1379,4991,8913,5645,621,8375,7263,15908,14237,10700,11817,7767,3433
119,6735,3292,3870,8130,11092,7281,1234,272,11978,15116,13605,9200,9881,6000,10802,5789,5952,13102,7121
11325,6440,11770,15359,3902,3236,4437,13998,14701,9006,6447,15004,14993,11876,10803,15147,15537,14271,9199,12517
1188,1962,14500,10741,1275,2953,13784,511,8165,3167,12135,15306,1363,2929,15763,3270,14449,13287,3268,2220
10651,3905,6350,9975,110,1729,1018,5246,2365,5860,7950,13318,5123,11672,16067,996,3565,2591,417,14783
13028,2899,8518,14415,13493,15462,4919,5024,15947,13739,3451,5253,15322,15509,2598,358,12706,14487,2747,8393
2897,1626,10171,15270,9251,1210,5182,910,15405,7999,9351,11158,5292,11953,11910,2969,14122,6988,2609,5045
15791,13852,4568,1891,16156,552,15199,7616,7573,4886,7083,3852,513,13893,6994,10352,455,1560,13006,8476
7871,14281,13238,3547,10048,171,1424,3198,5227,5617,15983,14474,8759,8270,9910,14534,1667,6737,14146,5640
4467,3054,10901,11498,13620,15040,14180,3328,6514,1316,9556,12398,3192,4787,14728,5560,8519,14525,12629,14693
2523,7128,765,7019,13818,429,8162,10567,16188,8460,123,12596,2979,12775,3578,6936,13581,16337,9784,15005
13223,13959,10671,9649,6548,12237,15049,11447,13925,7098,12682,15699,11369,11169,11401,10408,10996,2169,16349,3456
9664,7152,1262,2128,298,7431,4763,2124,4661,11332,13744,7269,3946,7119,13205,8070,8846,15469,13914,15563
4477,5865,6101,12246,4092,1338,7506,3811,4275,5304,7071,12974,2874,10121,8828,6484,9513,5706,1824,1421
812,8884,12195,2468,9801,12099,13095,3181,13742,10855,7726,4596,16017,5088,12392,15824,8328,11108,15131,10848
7086,15060,1324,15064,8820,11270,2423,7067,4385,889,3694,13808,5053,3309,3849,13141,15034,13327,167,7778
13133,15583,8749,9607,2065,15470,16123,135,10608,5831,15491,463,2091,9080,15019,1059,12657,11769,8262,10270
3334,9386,591,12873,15949,3834,4497,11820,16102,13443,16002,15176,1563,6822,15208,11142,4028,9061,14533,13104
986,4203,11772,13957,4384,5721,9237,6767,14503,4120,7742,7666,12294,12763,9983,16207,13027,15842,3924,11404
6209,12464,2320,7628,7355,5414,13062,408,15542,14356,12839,3025,15433,10207,12832,10534,15407,9569,8135,2789
14761,8681,3407,8074,9179,15640,4662,7809,12064,3481,1299,11,1332,2015,7763,10713,3702,663,9845,6772
1900,13103,2370,8551,5404,639,6723,113,7704,13073,10434,9725,14125,12898,11365,2102,9322,1054,101,16374
5613,8412,9826,10816,12796,8600,15904,12953,6083,439,902,8645,1478,8862,14789,8454,5405,12964,14276,3536
6059,14069,10239,11887,1214,9293,14147,5638,4129,14888,12247,16276,9547,3303,14186,14774,2346,14072,13129,2810
14965,6458,8304,10440,2959,430,8367,8943,3325,14660,12836,4472,15211,10543,7964,10810,15008,1911,5633,2907
5460,13772,7581,4629,7140,7016,10642,10907,1713,10877,5757,13972,14422,6326,5519,1104,12322,5293,12531,2624
4569,16264,6856,8662,9899,5319,334,5788,16199,13395,12893,2985,1434,9554,11123,10598,1703,13647,7047,7094
478,13050,10292,5214,6197,1701,2413,13377,10593,6654,4493,6300,329,13774,16105,14317,14846,672,7658,14674
14149,4912,4330,13970,5892,9938,8361,6815,16310,2492,12947,5752,3720,6500,1523,1936,10628,13974,15872,11311
14257,13545,5594,6373,2407,2142,809,12481,6703,1470,9181,10303,930,7377,2851,13075,12214,10495,6712,16091
14461,127,798,14751,14797,3787,12752,840,14352,17,10844,15953,928,7186,5156,1952,9746,6006,9253,16283
617,9646,12642,9036,152,6739,5356,15736,3215,9729,2277,53,14793,15505,9222,6557,4781,3590,4067,13362
506,7633,15213,15483,15347,11039,7447,7162,12534,13996,1082,9860,6626,5169,12773,7065,11557,1658,15152,1015
11915,9433,11942,8773,2327,8781,3782,6563,10432,11003,10808,4635,2420,8271,5429,719,7703,7897,12120,9896
13547,10262,8445,2655,2538,382,3491,390,15921,2302,15444,16092,13445,5457,6352,13714,10475,11571,599,10101
15314,15246,4322,7804,12702,3206,4,11088,13850,1934,15610,10106,1698,14825,9264,14546,7331,8473,7830,11173
4379,5423,10208,8847,1872,11172,149,14763,15720,13975,3278,2034,1920,3378,7438,13947,273,9037,11286,15059
6999,6354,15801,993,6653,13385,9451,14459,370,16059,2146,15077,4789,5077,202,9999,12342,12553,4396,815
3652,11203,16282,12598,7900,10439,3639,4456,14518,12678,6192,5468,15236,4519,11355,10466,4755,4813,4584,2734
7481,8095,5826,8818,147,10415,15882,7460,572,2920,13245,2213,13520,16204,6146,7673,3813,10407,10541,1977
186,9820,14618,1714,1360,2188,15414,14092,6104,3576,13333,13637,1401,9057,6531,10965,14252,15267,574,7527
15310,14520,16179,7114,10108,11420,13251,3649,14742,6185,14025,14551,9859,10421,6768,14453,12712,15271,3662,1622
7865,11870,3010,553,2582,3901,1151,12600,4739,10923,10604,474,12757,13538,13242,1417,14523,873,14428,9524
4267,336,14807,1025,15667,15088,7812,9174,1683,13177,16173,12878,1758,9907,15892,6155,12699,12107,8203,5541
15920,11486,12623,342,398,5359,3690,6319,1270,5418,9252,11746,264,12467,6078,3631,490,3595,14837,8329
12564,2163,7923,194,13890,4230,13453,5148,607,13080,13809,4871,11205,3476,629,6642,15285,10197,3046,6898
1756,9229,13480,4397,16353,4352,14572,14162,11334,8232,16380,6555,6610,13058,16133,13110,8163,6667,6009,9892
4191,2839,245,1608,10773,14608,13653,1688,2271,15794,6841,4611,142,10767,4235,11605,9908,11452,8778,5480
1391,3697,9689,3722,10206,12057,9662,10590,2162,12108,15638,6816,3508,5260,11129,4673,3234,8029,8575,11208
1467,8269,7903,10413,14425,9082,2038,16078,16271,13186,11553,8392,16237,12492,5245,12966,1481,14765,15670,11622
13057,13154,7952,3021,7285,10515,11862,5509,2543,5813,13586,14921,10734,10281,14553,11057,3139,13139,14514,14456
997,9571,4008,6774,14661,15907,9167,6046,8562,15393,16135,15400,15646,9273,13537,2873,14828,12399,13257,11937
13544,11350,1203,1086,15143,11303,15446,2380,7947,13386,5780,4666,14364,15860,6177,14438,9672,14015,4341,3096
868,12348,15468,9497,10044,8385,15917,6387,9517,7398,1366,1139,1318,10625,1870,7773,10255,12483,5976,339
7229,8238,11900,8482,15905,9460,13872,9066,3159,5208,2934,10443,14209,14327,10619,9144,7523,8856,12897,210
2296,15365,12509,13958,5888,1494,9667,4861,15669,11180,15363,11071,9053,14986,2606,2044,16191,5590,9101,6349
1094,13063,7171,633,7993,9349,6628,2970,14265,6530,12328,14114,9666,4277,16225,15600,3120,15875,9332,6301
15827,7603,3523,4814,12113,5809,2667,2599,6112,1118,5549,8206,3658,1117,12910,1879,15233,12033,9643,14320
11097,9279,161,5805,13864,11421,8468,9168,11530,10015,14541,3209,7789,111,9947,16042,15198,5365,13685,8267
8256,7630,14671,8653,12231,6459,6965,7268,8441,14035,9171,10334,9846,3223,12781,7178,6714,4245,2690,15130
8865,2191,2249,12977,13502,5160,12156,3059,15442,4573,11983,1514,12603,12616,3392,3599,710,12662,6942,16273
7737,5920,15624,15554,709,593,7348,13202,5019,5329,8202,12301,13940,2105,13161,14171,3071,438,1212,13768
695,15495,15925,13518,15723,4458,6880,3400,10397,14138,503,12945,3680,13308,9058,7422,14853,7218,13417,5556
12480,13351,7328,2670,473,5697,5040,13802,9177,11780,5349,7990,6122,13596,1780,7245,5812,10242,2072,5567
2170,906,15979,2879,13269,5931,1503,16327,2122,3459,2398,12083,6664,1354,698,2825,16073,13720,3894,13227
15186,5745,10638,11385,14144,7062,4204,16014,12872,8535,4278,4882,6870,5081,5229,15774,7571,2932,7528,1115
11749,11192,9715,3220,14471,8182,10728,12745,4136,2585,6094,9716,3573,3448,4175,9074,9873,13052,12285,15825
12366,4207,12154,3896,9392,4380,3263,9166,9100,11395,3200,5610,7150,11056,16291,5592,10852,12822,11032,15976
2561,9350,15237,13384,1065,570,2265,8028,9211,9682,3425,1750,15485,15664,10051,14321,733,1199,14142,1075
5863,7303,6265,9311,14198,13456,13070,10805,8669,6948,1002,1248,288,5367,15934,565,2862,12807,751,5368
1907,360,6491,1152,9745,14191,6117,4733,12572,9967,527,14131,16147,1307,5707,3361,10390,16055,2382,2150
4238,4452,5653,2573,10874,11955,13711,8178,10863,15161,14245,9798,10492,9578,15731,7504,12980,7901,14809,8587
2367,15628,11758,12460,4471,16010,1830,8110,13923,9455,2288,5008,8824,9377,8708,14196,10887,13306,13961,11225
4490,5413,5537,11595,4610,6471,2282,13870,13835,9484,9724,13291,14936,4897,12932,4801,9648,8376,6369,350
14641,1585,976,12751,12316,4865,11135,16331,14499,6253,14033,3219,3776,11120,14073,4788,14489,579,15941,10194
10138,3533,10587,4213,9122,13206,3009,2976,13531,9250,15250,7163,13297,16326,13896,4665,6048,8889,5913,4270
3150,11411,10076,4448,13267,1016,12693,6727,4742,3503,75,11523,4948,11768,5695,12673,12136,1922,648,5990
15016,8823,6130,8047,7351,15403,4179,1666,6766,16209,9875,11819,10825,15743,14530,2926,5090,11840,4750,13821
984,15526,5764,6305,15911,3077,8287,1815,10494,4966,12902,1062,5845,8826,5924,12377,9518,4402,4271,7819
14706,9410,9854,2775,4107,8038,3623,12228,13680,8906,6710,5518,15084,4250,6119,3039,5879,2237,7851,13341
15349,1294,7407,6495,10697,10209,16231,14228,6229,5722,10535,11528,8109,11324,3619,5435,14163,190,5409,5136
6039,4533,11145,15011,13492,631,8284,4780,13005,6835,6706,8940,4390,13874,7560,10719,15027,2479,1090,7370
16324,961,1696,12846,37,10245,14677,9394,12813,12144,6559,11188,3342,15992,11156,14377,11034,7788,8893,9424
9393,13697,14483,9481,14640,4554,12182,10368,11070,13021,10331,2927,1110,3329,1174,10872,12978,6120,5254,8331
8558,12741,3608,9190,1372,13131,7621,11147,15388,9956,1633,13717,16152,12847,9717,3650,9994,2073,10023,1718
7204,10766,655,5886,4600,12579,10665,6997,9412,5878,13301,13648,826,15551,10662,10865,3185,13196,7311,15641
2219,11441,6156,11186,10322,7188,15415,773,15855,761,4020,11728,10742,5866,15248,2786,1603,869,2058,1519
7894,7935,8721,10981,827,12283,7480,7144,12561,2641,3616,238,8200,2644,888,2572,11209,13056,14857,3991
11808,7938,11889,9137,15820,13812,16087,4671,396,14753,5804,5557,9305,9116,7090,10524,94,10636,7297,2807
13360,1426,8490,15912,7500,8079,14411,11806,14616,6044,6998,13329,2435,3912,9188,7700,11079,15580,6409,9793
12092,8978,7493,9614,15596,2744,8197,6910,14478,16238,11358,1352,1600,14279,13723,11368,7159,14655,15269,9925
6494,5165,15982,12401,10973,4538,6911,16117,1591,16287,831,2498,12835,7340,12841,15504,6796,4065,13734,15351
15528,12843,5302,5490,6246,13999,12025,5969,12584,4934,4259,124,1241,9370,14481,2257,8712,6625,13732,5736
13746,12923,13901,4940,1069,6937,10928,8479,7738,11656,7858,14452,13591,4630,14513,14204,6820,14374,16058,6830
14597,10316,3970,9182,1610,4930,15402,12477,11243,6422,1148,15179,6681,2869,11537,4469,14027,3252,2045,9124
5300,8003,6945,12648,1337,2009,7384,11276,3364,585,886,14380,11038,9799,15779,4572,15465,11403,4426,4106
4304,16296,15302,14427,15598,16272,8390,547,8848,8001,6756,4545,1091,4223,14156,16328,12181,8108,7291,10135
9877,13373,12436,16050,539,9214,138,15103,1357,9425,10152,9769,4933,14488,7568,1899,1249,7110,8360,13673
3646,14845,13726,13523,4424,12672,13922,14234,3014,3165,475,4740,12505,10559,16020,11547,9224,9217,15623,9568
6532,4149,10836,15942,13299,2579,14395,13140,13216,7494,9691,6189,14786,7277,16336,1473,10487,3013,1825,6885
969,8641,13589,4691,12484,1273,784,1280,4348,12594,6397,8413,7181,1226,9762,4178,6361,5481,15422,16143
3999,5098,14176,11802,10037,1988,16019,5623,8175,15445,11923,7821,413,15910,4641,14746,13700,7045,15810,2286
12541,14604,2581,12746,14328,2535,14362,10444,5101,10148,15376,13822,595,16304,4306,1886,15150,7333,4132,14714
13203,12038,16214,10570,1386,6526,297,12165,15149,3725,8285,244,1402,11235,10222,2227,260,10003,3521,10806
1848,3858,1686,10733,8416,1748,15443,11695,1006,3063,8325,14052,11631,6905,2997,15047,14029,2875,5059,8484
3245,5285,9231,13428,2532,15948,16275,1220,2853,12354,13555,10509,10473,12503,15657,10162,8678,10254,6853,33
525,12981,14658,8758,2464,15496,3507,14199,3149,554,11908,15240,3893,2120,15207,14003,14579,11137,11367,8592
10430,7088,8199,2217,9226,1989,7853,387,4216,9498,16358,4461,7402,561,12663,14083,6904,1000,10299,15345
16110,15602,7450,7343,14226,2280,4177,14563,14502,8450,14695,14388,1556,518,3133,15337,4068,7756,14798,11287
6065,5601,13853,6773,120,12949,2631,16013,3928,1769,6637,11392,14940,12940,14165,5132,13672,666,13724,294
2898,5677,941,5277,5191,11858,6421,8683,5139,2342,11533,12957,7802,4070,3869,321,14877,11914,10614,15013
14794,7445,15675,10646,14897,12737,12770,7465,15929,5130,7454,1200,15990,16240,12519,752,1581,2377,7570,12340
15500,6141,5401,4156,9317,16308,16155,7685,7669,4850,7893,12407,16066,4961,6842,6343,1244,13213,11322,3955
15595,11326,14494,11229,6064,4620,16113,15807,11275,4757,13390,9120,15611,2845,12812,14047,4039,481,2955,2475
9262,2083,109,11152,14896,4579,3087,9522,14527,632,560,7180,7801,115,2114,1483,15967,10489,13240,10279
15243,12318,9070,9321,11281,1779,6608,3396,4543,15521,15201,4335,11400,6223,3047,8987,2166,9718,3113,14705
3002,1621,15379,7404,5009,6090,13960,13197,221,3708,9313,2867,13973,5440,7687,5893,14212,1644,1052,15851
7850,15977,2033,12504,6744,4127,4792,13116,13843,3582,2247,11892,6963,11393,2148,3926,3764,7300,2900,13603
5091,12422,13679,9414,2397,12374,9277,4874,10744,3575,7468,7301,14339,3454,2005,12003,12895,15939,3762,14749
1753,4501,15124,2335,6926,16044,14611,2542,16211,5963,5907,9756,6845,10565,5085,5058,3687,10554,1681,9792
8972,2993,3324,665,1802,8839,170,1787,13908,15007,11425,14788,4358,7617,1552,2736,4228,2448,4633,3339
6503,6645,4500,3330,8632,9654,5056,10122,2127,2630,9169,6047,15172,7142,10094,15090,11997,8434,7395,9561
15177,15894,2300,15738,1541,5712,5177,13849,15650,1931,8923,2168,14506,11458,11315,15421,7629,14621,2678,9245
10020,2974,6693,13348,13815,6054,13088,2460,5433,16127,1068,880,13423,15477,9339,9421,1593,3382,1335,1124
2615,6224,14347,13725,15095,14302,14750,11524,13743,13687,1296,9924,6542,3929,9454,12029,5206,10703,15412,4623
1376,11689,2215,14309,1168,15144,5005,12935,2255,15519,12417,11058,10906,15782,12567,7924,5020,4842,4331,2664
2371,15373,2621,3688,7906,9078,8176,3563,4749,4169,891,8860,8627,4679,8638,7078,1342,4096,6513,16139
19,3035,13983,2817,12079,15453,13593,15083,4540,6395,2508,16205,12780,7479,11496,9290,9903,14211,6403,2840
3257,296,2200,12375,10502,4971,15420,12168,15933,3774,9473,7427,16317,2149,1832,14344,12252,4152,14472,6036
15154,7476,10383,7715,14784,13992,11682,16375,12371,10933,4505,4361,2103,2942,14977,8766,338,1106,10650,2878
13068,306,7012,10553,11075,11651,8716,13991,11671,15550,2588,5258,746,14173,15093,1076,15840,7452,15826,1430
5806,5049,1772,15531,12205,15377,8183,8491,7844,1043,5921,4687,3581,4197,10139,5146,972,5505,3083,15472
10030,10645,14689,7487,11037,15356,14354,1436,14296,13207,2409,2885,4226,8105,6511,5589,5119,5949,2126,10970
12877,9049,5588,4339,2207,12896,7106,14564,1134,7200,4492,1358,1773,12105,10919,6194,13247,5602,3321,8792
10889,9936,15253,14004,4439,6188,11204,15391,2133,10913,13797,4585,6790,16116,14450,12913,11505,3162,638,2541
13189,10294,15986,4146,9299,10939,2866,5802,7416,253,15228,11591,8485,5579,4264,14531,15427,12225,8291,12715
9353,10339,9178,16277,6743,10006,11371,251,11944,9932,6466,10718,1033,14785,6080,5918,7870,50,7461,363
10187,7929,14206,3627,4823,6505,14692,6554,13342,3591,16200,14950,7699,9696,10093,5470,10446,14521,14899,258
931,7364,10531,7540,10815,12516,7232,15789,23,6730,12199,2613,15757,13277,7206,4926,13347,10477,10008,2691
4369,15654,12447,10924,2333,4332,1562,14755,385,13009,9599,13328,14587,1092,802,310,9306,13234,276,1235
5483,1492,9805,14915,14831,2047,9764,3480,2855,10211,319,2032,13217,14960,2182,2284,6037,14935,10635,7044
15219,1592,1826,13237,2695,1638,4821,11558,7184,12189,11280,6746,7101,2486,21,14547,7683,3544,9641,5111
11489,7668,7302,12284,8073,9276,12098,6052,14607,3871,13760,6186,5307,13281,4196,13503,12336,15713,10009,12211
2957,8345,6779,8204,2251,2190,1875,11822,11688,7655,11940,16141,8874,14270,951,323,10781,14682,7453,6234
9088,8776,6871,11854,13195,15705,10,13846,9493,8925,2521,4518,4043,15740,14387,2749,887,14133,15382,1896
11945,15692,14036,11319,14624,9378,8366,11785,2637,10356,8104,12688,12254,4870,9606,13770,13112,10705,469,13669
7271,644,6334,15191,10826,16125,8193,457,10659,10717,1611,7798,13730,14637,1223,7409,10833,4954,7233,767
15369,11141,7502,1930,12626,10597,2720,2894,9001,1418,11218,13434,10516,1543,4548,10004,1914,16079,15251,5135
2354,11230,620,7359,15816,11719,4328,7589,13488,7172,3470,4910,11890,571,4999,6249,13532,15115,11045,8357
3475,6496,15885,3,12546,13335,6616,12100,5127,13314,9633,2729,4941,11477,755,472,169,4638,13427,4373
7026,10888,12665,10533,7626,3527,11174,10357,4420,4097,14738,15278,13552,4594,5051,14167,10188,7008,4476,6026
14515,12540,724,5847,14542,11020,13350,8117,8932,11231,10536,3064,14974,11383,3048,6142,8859,16119,11566,13549
8259,2074,14941,10764,5989,5466,13865,10731,14570,10221,5316,7884,1383,12145,11501,4453,10880,15803,7576,532
8389,13937,11722,12700,9085,4759,13666,11714,2893,1159,1682,8706,4903,3561,731,4639,14930,9240,1555,519
5354,8568,9921,11704,3699,4979,14168,9777,12027,5410,1850,9625,2177,114,11668,16151,11634,1122,15459,3927
6516,12937,11830,10688,6453,4720,3949,4421,82,9270,10517,10975,6852,15932,1195,16262,74,16318,6991,9596
5911,63,4885,16315,13733,13761,14970,97,5615,13554,1073,13033,3601,1595,1549,5275,14676,285,7608,3398
10704,6011,8506,15838,13877,425,15946,3461,7727,4003,2776,9839,1047,14107,4091,214,15525,14013,9720,8320
6890,15792,7650,9009,5186,15225,4767,12507,14881,14833,8031,9942,9730,12332,6551,676,7470,704,13367,7158
15880,16213,15441,16075,5185,10964,1668,9150,12012,1949,6133,397,7818,15478,6315,8794,2512,15585,8272,11491
5517,7623,10735,1881,946,11247,1211,6519,15582,9,7795,13967,8055,14056,1051,9369,188,293,16095,1266
10491,8960,3848,6501,15902,12424,13839,7602,12453,2303,9628,6013,1186,1287,3526,945,5855,15166,3728,13966
15864,8154,6262,15777,14132,5287,6435,15205,11198,11849,2159,7495,14048,15171,11340,9674,15247,5222,3572,5407
13222,726,14519,3431,15863,1679,2741,7718,3552,13426,9312,15541,7235,9541,2536,12533,8352,10169,5954,13522
2411,2646,8797,11675,14455,8480,2412,7122,9099,14312,6307,162,7974,13615,15605,8868,14061,3084,611,13990
11106,14821,13155,3430,9866,4747,5800,3062,12000,12591,5387,15835,6381,12093,14672,10338,14049,12180,1381,14294
12930,2659,7406,15679,800,10784,175,2285,14709,13359,3540,6386,4766,15080,1812,1994,14891,9083,846,9824
7734,6396,515,8260,5779,9722,13678,7843,15424,1474,5117,3681,9870,5021,9449,11868,12448,8333,11153,8406
744,1451,3320,5082,15313,1508,10224,6103,14739,12306,11805,10275,1112,9552,200,6446,1764,11507,9710,6671
8093,1393,12133,14652,1601,11428,7980,1039,12201,2432,4253,7376,86,6587,7279,6760,2669,14460,8995,6313
13585,6784,9581,3191,14220,1498,6125,16190,643,1901,15784,3213,15304,4198,576,950,13979,9894,9110,8400
12968,13226,9883,9175,15561,4917,7681,12618,8358,13827,16148,8173,9193,15411,8969,6603,4843,1306,6276,15968
4574,9922,11424,7093,15993,3935,11613,2021,4576,2086,12015,2763,9825,16345,9334,2566,7352,76,8659,9163
4251,10556,13000,12040,12833,5166,1185,10794,8731,9914,7561,9435,3017,9117,1384,14585,3857,15724,4898,14179
13773,13965,3945,8545,8230,12162,13432,7205,1229,1461,9546,16000,12831,14522,13466,1150,2099,14266,10081,4793
5007,15006,14559,897,14307,8082,15451,10047,9472,15268,4642,448,15545,12548,5417,3444,15812,9212,16048,13863
14039,7280,15966,15328,1153,15009,8246,4658,6973,6875,14290,10898,10386,1227,586,9418,8425,4708,8789,13094
486,1032,330,4478,1586,3638,2590,8098,6622,577,15862,16052,4110,14916,5749,10472,14095,1326,3203,12406
3997,1983,3338,6787,4563,6023,6391,1011,12183,3310,2061,7625,13331,10942,4864,8909,7937,1613,11981,265
11521,13660,6558,3228,10596,8170,7046,7707,12268,16218,3661,15742,435,3123,7981,13123,12062,6437,5902,5262
8857,1138,16098,759,10210,13252,8796,6758,16022,16034,15593,416,11794,10309,15014,10241,4122,15097,13665,5614
5606,4604,13040,13962,14907,16222,12934,3042,2895,1751,10837,15341,4510,10867,10938,14032,8273,14737,16202,15318
3231,301,2597,2837,6550,8755,11463,7831,4338,8049,8444,10231,9853,1258,14012,1524,15644,1527,13836,14873
14718,13676,9690,2451,7820,8012,11335,1268,7373,4895,16376,12705,6473,16045,3584,1137,11642,12521,15988,6901
1045,8523,14467,4837,10416,5431,1465,7657,7346,9692,7000,6450,13038,5295,8801,11727,15249,6150,14426,9785
12631,4053,7036,1232,12574,9429,3748,4321,8740,9389,727,11351,5575,1098,9154,2760,10945,4313,13076,10404
5230,3704,13521,8268,15895,1699,9271,7324,7762,6236,11500,8556,3104,12258,2223,12549,8611,2619,7345,4279
14172,13745,8596,16306,9642,4985,4170,15955,13572,793,6075,2052,3326,949,4202,7554,11104,8386,7239,12220
15035,15221,7417,4686,13060,15886,566,14524,2228,2436,1858,11970,14385,6482,4797,15389,14077,5073,7744,1678
3972,820,4210,4963,16035,9827,8302,4375,4035,15317,145,13614,9145,3276,6089,15714,309,15630,4956,4307
1813,4937,4405,14823,10069,7643,15858,4099,5793,13574,6364,14254,15665,14057,9379,12578,442,12198,3095,10820
12305,13118,12134,10779,965,1631,4728,14747,3684,12226,8264,10454,9780,10411,12985,8664,10225,13982,6173,7341
14910,6243,2029,3124,16120,4698,9294,8901,15604,13963,2562,14256,6611,3081,5941,9040,58,1535,1567,7944
10011,15634,9719,12961,4525,8408,13938,4603,7227,7017,3106,16051,10943,834,4187,12471,11541,10280,7984,15701
13659,2700,6082,6900,10312,16333,13295,5982,9520,5381,8768,4852,15025,2439,3097,933,7946,5030,11023,5823
5014,1410,1564,5671,11560,14486,6785,8141,11302,6840,15943,7418,15620,5348,4173,14953,12774,1368,8056,6154
9388,13425,1114,4618,6813,13355,13560,7296,12311,4942,13332,14836,927,8542,1566,102,14337,9314,9135,15109
7732,5486,12844,9141,39,4073,8631,12615,12797,750,1578,4860,6857,6836,10429,395,8436,8705,6497,6289
13667,1085,3253,12535,15488,10244,10059,8963,3182,16115,4549,6696,6169,9803,14981,1321,6993,6067,12357,10834
10737,3049,13608,15844,14651,13416,15238,7521,6324,8026,13722,2692,5197,192,280,10378,2770,483,16189,7878
11412,6579,6523,12627,10954,16182,11700,4905,8990,8953,4650,5151,7451,7604,14353,3828,12742,9003,5154,5837
4447,13785,6166,5448,8553,10727,8132,8763,11657,8489,10405,13034,2259,12555,10452,30,3919,15813,9736,5951
7197,14743,9259,4653,2096,9985,4987,10364,9624,785,5181,7115,13935,15896,12819,5798,2417,10768,11532,2152
9486,15038,1364,5717,8590,4363,3832,739,14287,15861,6896,968,12593,10723,7706,9097,1657,11048,6025,10513
15216,9946,15508,1512,6321,8635,5571,4311,3519,533,14493,693,15964,15959,6808,4274,56,11748,630,7824
11389,1362,229,3947,5885,15970,12432,10824,11943,16193,2364,7780,8931,14681,2683,6741,16145,12580,3932,16377
2829,15065,2844,489,31,15375,13956,14968,5251,2343,14051,16367,3917,3998,4290,5741,12394,5912,11846,4776
16268,8323,5528,14956,3130,213,6934,11973,3892,13805,1127,6576,885,2023,4368,3721,6792,9383,9329,4340
1507,1587,10687,14880,9655,326,13987,2278,207,13280,12491,12200,10586,3140,6436,15996,227,14384,2674,12017
6014,8011,5778,15578,6850,6163,1425,16339,13313,12239,10840,117,11572,99,9778,15371,14560,8623,203,11427
6414,9438,9600,6601,6862,3406,7587,459,16198,10126,2497,6794,12296,16185,5476,13315,1107,3457,7627,16228
2886,7721,9265,15957,10679,10576,4236,3205,9553,8379,11105,14019,414,7066,2757,7429,14416,1767,5968,1429
9902,239,654,7306,3299,9791,807,14810,10948,524,10558,12408,4000,13352,6924,12430,3693,7647,1913,10941
12474,7955,12963,10034,4256,5555,3788,15888,9430,7156,5080,9851,3538,14724,8255,16316,14617,10621,8790,2687
11236,1834,6553,8481,11921,6731,10934,884,2816,11143,3267,13941,8208,651,6805,2323,9613,14134,12989,7631
10616,13886,1804,9909,7100,2612,2261,11482,3005,16243,106,2244,3401,15666,16217,9984,2366,7442,16174,5444
10306,7064,13407,11790,16036,6477,12719,15689,1179,7378,10361,12117,16195,1903,9713,526,9376,6807,14803,6267
6127,5775,2267,13668,6922,12437,2485,9816,14898,16196,1615,8871,15581,11793,7126,3968,15616,1048,6817,8647
2026,16071,8671,14927,13007,3469,10031,4952,7313,15560,12636,11069,5225,10371,7004,4326,13933,603,2080,1359
2710,4831,937,14470,9471,13354,14401,15919,3881,587,7529,5131,9653,7342,7426,4598,5273,13597,5894,14595
5755,493,3171,16175,5374,13556,3820,8572,13120,12244,1491,10038,3872,4329,10770,1511,5184,14612,6296,140
11289,2794,10447,6588,10722,11454,8278,15972,4273,15325,335,14053,7967,7327,2575,1964,7425,1407,8016,14111
13548,11109,8628,9216,15136,10627,12420,1744,8159,999,10097,8564,14300,312,15111,14887,42,15608,11606,13037
4631,13361,14882,12647,15214,9391,2978,6340,6062,181,7168,12125,13587,7651,3258,7040,11859,5342,1817,15343
11607,1517,11839,8908,13710,10333,2913,1133,8861,3868,13323,9651,5340,9047,8101,12379,15874,13670,2586,3609
12251,9656,7096,11594,4037,13735,7693,4081,3488,3432,6789,15564,13419,15788,11872,12559,8174,12261,15432,11998
9565,16016,3577,7825,9630,6957,6342,6938,62,7215,2731,333,990,4254,6448,9227,4195,830,4907,9752
3482,2791,14561,13119,12520,6463,8421,7746,5566,12779,9258,1697,15765,230,7562,11799,509,14801,11298,2681
1954,5271,16332,6869,1973,10892,13517,2396,10961,14596,12848,14719,5718,10673,1456,15394,16108,5310,8318,4640
15353,11221,562,9086,9760,9044,10232,11759,8380,15725,9448,14584,12253,3719,8842,2051,3556,15053,16320,8516
15281,15770,7236,8853,14713,14235,10657,9450,10749,15834,11685,12193,3332,14443,4513,5720,12651,15361,3605,1141
274,9510,1673,2368,8771,12856,5854,11593,8836,4286,14267,9201,2635,11077,12415,1413,16330,7013,9620,11096
