6856,1003,5928,5465,8261,1086,9519,4597,7505,422,1575,14850,13760,514,11526,3438,1366,4453,3832,11484
10880,9687,12117,5362,10584,14607,4836,13506,5815,676,15146,15949,1017,3472,5732,11240,11893,13952,366,494
15049,15838,14325,3166,3207,3691,10234,13571,1624,4978,679,1073,12610,3502,14484,3673,4055,6414,2788,7293
1611,14632,6274,3293,56,5368,2610,13781,1032,3745,1088,6803,15054,2147,16378,6757,4854,15064,9792,8610
5984,9971,14428,4911,16040,14613,6147,5399,2295,11737,12889,12513,2150,8314,2975,15280,9882,2167,3991,13044
4489,5361,5986,1970,7911,9151,9464,11458,10238,3845,14626,8259,8989,7379,5614,7407,11104,4010,7882,12760
10550,13802,3960,4678,13811,7692,11960,15943,1127,974,4471,1378,5484,900,11627,12945,2683,1487,3649,2174
9647,264,15661,2778,4689,10882,3215,6148,1862,3928,13413,6962,436,7841,15560,7534,7422,8380,8519,4863
8258,6858,4626,1208,9894,1846,2707,2726,3842,9501,12973,6667,9665,3063,2604,9394,4636,4175,8423,15950
636,1946,6779,5148,9301,15730,4004,6647,14845,7071,6845,14492,5270,1870,7107,14923,1085,5446,7103,4029
921,3855,1974,5094,5775,11278,14609,2037,7659,1313,8268,14321,632,11168,2884,7501,466,6235,8422,14803
15422,6607,3013,1168,618,4900,11318,9793,12032,12038,9731,7303,11966,5929,6784,14430,2938,3306,12183,4105
2612,12378,10109,11912,327,4347,554,8925,14836,1195,15056,1945,10662,5893,12256,11994,7561,12144,3187,7462
23,5803,8348,8227,235,8557,8045,6193,5397,5823,8999,1076,3893,10561,8815,12953,15312,12752,9180,2876
6702,15194,4512,355,1622,10119,1730,14194,10681,14024,4910,10750,9812,11011,4164,4939,5104,182,5095,9350
15366,15139,6317,4667,15297,2250,3109,9155,7530,958,12757,4687,14969,3488,3503,11409,1425,13743,16277,2220
9974,11669,12499,4168,1197,11901,3837,2802,2972,3776,7149,14580,5743,2319,4555,15239,3958,6291,14305,8501
13882,15159,10409,5755,8352,1183,6356,721,13142,10494,4543,11671,3660,10530,12725,13072,9299,10598,2219,8425
2738,5343,16070,1573,12477,15988,9152,11814,596,2919,8701,12720,3668,7245,11584,14730,14864,13837,11747,8750
4215,8313,2074,10244,1927,6337,2830,6999,10058,12375,1374,10462,10506,6169,7725,12983,1179,12555,667,1159
15310,11407,2753,165,15305,2754,9170,2673,14122,12609,1231,6685,16087,4426,15576,3045,14129,12217,13278,12655
14139,1835,15657,3590,13726,7328,3849,1733,12789,892,2666,4166,8538,15233,7607,4708,124,10163,2213,2059
11696,7982,13602,12108,13737,4149,13782,3101,12013,12656,3046,1431,5284,1377,8859,15663,2828,12971,385,3813
14046,1422,10687,3659,560,3458,855,5705,15847,5189,450,671,376,3763,13170,12344,1866,6756,2435,4353
1386,15303,3744,12856,15999,9770,5914,12225,7148,8795,7942,11986,2693,9421,7488,4653,754,11604,2587,442
1371,15453,11066,2860,11890,11744,10913,11046,7389,12191,6812,13345,7168,4906,2268,12152,16204,9761,2231,2664
6948,13608,9259,10642,2157,2611,6905,15878,16241,13978,3995,2981,8919,3627,3992,850,1737,3298,14356,9602
1625,768,8281,12320,7318,1021,2950,6466,15806,1675,3025,8959,10010,3154,11927,6901,12630,12619,7122,2748
6343,8982,7246,5052,9098,9873,15599,11367,8143,14674,13160,3291,9330,7380,12066,9260,12040,899,12744,10604
13601,7690,12627,8023,7715,3042,13268,3535,8577,1213,4985,6998,12410,7868,14870,2829,3149,13289,7536,10830
3693,3953,15351,4416,10629,7926,1309,8933,724,13135,13307,11560,9462,9570,13623,2569,7865,11672,2439,5529
8954,13070,8310,15856,2352,4078,2399,7719,4617,15051,1041,3587,2525,13365,7208,15407,10140,10992,251,586
10104,13367,1523,32,9492,2914,7019,13728,8382,7130,5117,11673,5546,12928,13840,14234,2592,9545,1617,3191
1825,487,5989,1035,2564,3811,10166,14603,2054,7978,5276,2043,2199,11976,2689,3144,813,5780,12307,294
11480,1640,5644,2419,9213,1068,3234,3559,4099,1682,6083,617,12103,11108,3789,1565,4870,700,3423,121
5903,13001,470,2081,5138,12574,11963,4538,5818,10886,11250,1713,9918,10713,860,10599,3624,16360,11193,6336
15342,2533,11426,14063,10370,8316,5114,11061,3405,14524,5504,14210,14330,11694,12050,4715,4012,14431,966,15255
12440,3273,4119,4460,15436,1501,14340,12161,519,2945,5763,9202,7883,9471,392,11174,12105,3286,978,10628
5113,16237,10456,10252,13421,4049,6411,6280,14232,6935,11088,234,12178,9351,10617,14712,10363,6398,4902,4941
10403,1645,4619,9031,5257,14705,1839,7179,9506,5581,6980,9571,12992,15074,15940,1486,7749,13232,9013,13202
7733,14523,5402,15022,15553,2868,13582,1296,908,3358,11192,295,8597,7746,15412,11471,8807,6152,10186,7059
8237,2733,574,9328,4835,3464,4610,9794,7771,1556,10765,7377,2835,3973,11343,7070,4804,12428,3923,13576
5922,7234,7996,13965,8561,10777,14265,6892,7116,7153,575,973,13145,11249,4028,13159,13057,3728,16328,2589
10329,5337,4259,6523,9399,734,12715,3089,2636,14776,10626,3857,13265,7316,16121,2570,13961,8694,9491,1672
4666,9059,10500,7243,6132,12389,12732,7381,10002,11119,12547,16164,5887,16285,8274,8681,1326,12863,9076,1601
15078,10728,896,11998,9616,9831,9674,7644,1362,13718,8848,3670,2644,13223,7319,10008,11092,16337,1917,12071
3788,5485,2757,1621,8789,9954,13617,12671,11640,7257,7494,2365,2593,7783,11449,256,6561,145,9970,9748
9513,5604,2355,4386,190,5155,5873,1720,5858,4445,12731,4799,789,7736,14342,14206,11103,3768,15685,14279
6534,5999,14944,736,8914,3287,2204,10256,177,5378,3106,1144,13120,13418,9808,4280,281,10772,15,15447
3339,3723,10929,1834,8478,13445,12295,6455,3128,5794,8598,14931,3321,14073,3936,8027,3678,3897,4743,11513
14273,16323,10768,11722,8381,15482,8097,7701,2811,6019,14090,6545,1491,13546,15119,57,3370,15774,8729,8387
1722,10710,1154,1811,7044,2782,3884,4505,6609,10431,4511,3684,10903,6637,10297,2123,10519,4936,1435,15240
10936,14740,3706,12507,705,5767,304,13097,91,1025,7217,15455,1566,14364,4467,6755,6594,3966,1638,4076
6781,9744,9980,4440,5106,2293,7779,5202,4115,13632,4790,15626,6311,6589,8287,9842,2023,8725,10420,3030
1778,9926,5972,16079,10731,6513,1824,1524,16301,435,14927,10967,11861,6593,13786,1794,8198,4374,1210,11869
5530,4903,1410,1029,11093,1907,5651,10545,9700,8822,4579,6045,14421,7478,840,3677,10782,13111,12685,4530
6692,593,3501,947,6918,4744,3943,4773,207,11924,1774,9749,2486,14615,6149,1150,12172,1258,12470,3378
4940,15651,3442,12085,4574,13242,4949,14544,7541,4837,2280,3599,11636,2946,9781,10424,3942,13100,4299,6069
6307,1125,15816,4684,6139,11979,1399,2602,477,9236,1489,3412,755,1779,12349,4315,9019,4235,1950,15821
684,8234,11179,2553,9716,10648,1200,12308,3080,3123,15443,3521,3445,4780,1547,4832,9523,12884,7822,12684
7814,12779,5016,3086,6765,3816,6734,9878,15464,4441,13824,1228,3739,5475,15270,12009,7861,10364,15307,9774
12984,9837,9140,6675,4045,4333,10444,3771,5830,13633,1398,6003,3818,13000,14012,10049,4005,1343,14221,175
6843,11160,10461,12965,14110,14895,6854,11485,11511,1671,13233,1360,12811,10511,7372,6818,2992,2522,2281,9046
10112,9736,1328,2024,9127,2797,6953,16369,8359,1696,14787,9885,5994,4332,5632,11990,11301,6303,9064,1531
4599,341,13916,2649,4772,6112,1271,1348,13828,6322,3110,2254,3454,10727,4295,2924,2478,15458,2283,10214
10538,12080,5157,5046,1603,90,5107,9629,7432,15191,9189,8220,10413,1875,7683,9721,10567,6155,9027,1338
5130,9637,5374,12819,12539,36,5966,13892,11492,12208,155,7042,4519,9205,13949,4162,10957,7832,2847,3033
10473,558,2326,2535,8093,16122,10892,6368,4019,3047,11488,7182,3711,16156,14348,2784,7763,12412,14903,2222
12618,5926,4547,6244,3829,1807,1632,14510,1310,13868,14274,5878,1518,1890,7642,9221,7310,11493,1572,2722
4293,8446,11522,1951,7154,11439,13333,748,4524,14983,9434,3140,6315,2716,8891,9941,3066,1546,5313,5321
10717,9497,12605,3879,836,11923,11558,8599,5925,8003,3444,13765,15218,9950,11385,13264,151,7151,13842,10822
5746,14747,10055,10236,4819,10843,11695,2741,2662,2775,11059,15736,10637,10170,3399,1614,11549,2804,394,9707
4323,2831,13449,5089,1977,3862,16163,11579,15016,371,3907,15294,6930,11892,8522,3621,8046,10588,13881,11364
9853,13118,4043,7393,12474,2155,12604,2136,1443,3553,12929,4365,3449,9068,8487,7755,10608,6407,9827,4474
12368,4181,15068,8408,12466,3253,7724,2163,6459,15148,4927,3858,2234,2131,4082,3730,1926,9689,1182,980
16332,12693,4855,1204,11414,12457,3252,9382,683,9325,6488,7080,10926,664,7714,10139,7859,10075,12439,2542
2353,11357,3069,9104,6165,6078,8505,12905,925,4873,1695,9493,12553,9347,8762,1225,10223,2262,6226,7261
11133,12286,15752,8476,6649,5424,2124,7520,3393,10037,8666,1355,5165,13665,12134,1852,13926,6011,8411,6569
2566,4677,14757,15485,454,1356,6324,5550,1530,8818,13005,12155,12808,3116,9635,15575,1753,2859,3175,3011
8062,7835,11586,15374,10766,10230,5834,3300,7177,2087,4202,2957,13963,10883,10635,12303,3337,12523,10276,11806
6328,9490,3169,6480,14200,2967,3902,7834,13388,16083,10121,8148,373,3790,1087,12777,5603,11262,10739,1136
9605,1568,1406,1715,2577,15096,8656,5365,9560,7492,3919,12922,12751,8839,9799,8439,2516,7584,2812,3027
3338,15644,2558,8125,14287,919,912,9664,6931,4583,3065,9276,9617,12899,8396,14152,7224,6026,7968,5495
7858,6153,8404,3396,8539,6650,10960,15888,5215,4035,7299,10755,15629,9201,9359,6903,3725,2436,8772,15299
11888,5517,3270,7544,10974,9540,7444,3431,5404,4047,11804,6906,9745,5973,1762,7723,2339,4311,1923,14677
2299,2503,11871,7945,14351,320,2621,4741,6509,12967,2853,2278,5781,8924,7886,6420,15369,1651,7507,2903
7461,7256,2446,10222,15817,8270,15863,9785,13440,4533,2445,4331,11639,8360,7662,7867,5474,6304,3,9380
14602,3863,7887,5814,14648,6657,2474,2962,4956,2444,10546,7657,6066,2614,1954,2761,6133,14253,14806,9216
2821,5065,2363,10235,11546,6986,12925,9740,14646,2731,10491,9949,7364,15924,1949,5161,4864,8736,6228,9176
1408,4296,396,5987,10603,6312,6994,1865,15249,3290,1324,2625,3724,1365,7727,5429,13381,5271,11663,3821
13033,6902,6627,4943,3571,4590,6543,4038,11241,8908,7615,13591,5398,8841,8583,2125,12723,10026,12411,1898
628,10484,5274,13356,2684,1725,4288,15426,260,2556,6681,3982,859,10716,1059,8767,12273,13809,2766,245
14120,6799,15104,12719,10944,13317,10299,12874,1892,10624,16290,8123,14267,5629,2241,15311,11826,13186,2943,3092
3666,8907,6108,11536,8967,11772,14704,15254,2105,3117,12372,11658,7162,1885,13531,1250,8823,6330,2580,13725
7356,6410,15972,9049,11852,12249,3783,3917,6934,7620,16280,15638,4763,5797,8524,12803,1856,1451,7706,12895
14326,12861,7473,2769,7668,7201,5924,9678,10024,5940,13831,10043,6427,1002,4829,13990,12383,13455,5882,12935
7806,6136,3313,7078,13528,7133,11289,4926,16146,3946,14568,5448,8819,7793,2886,12705,380,2240,3846,16183
16229,7212,14789,5569,12952,8026,3135,7503,10099,9368,6669,12766,6243,10105,15293,10199,14486,2650,7322,12096
16105,6873,8808,13041,12624,8273,2791,7194,11077,12600,8556,6515,2119,12146,2017,7003,4222,5031,9398,3620
1689,8756,8637,11736,7259,15693,4236,10356,12162,9438,7120,4504,3173,2588,4226,9082,10189,13650,2728,11396
15714,13076,15160,13521,903,13537,9142,4745,2126,9145,2368,5875,2097,4444,4252,7061,14702,2725,10042,5301
6777,14600,3864,4861,12107,5853,2307,14370,4755,11802,14118,6207,7523,5813,7317,12064,7279,174,12327,1571
7043,10674,3775,5302,7941,10656,15962,11713,1024,15427,3792,6597,407,13652,4551,15748,10730,1113,9694,3575
3519,6878,11049,317,2292,15110,5898,377,15728,16370,2913,3446,15212,8379,6305,8800,9373,1212,8922,10504
11783,12571,11781,11635,7069,4972,411,10978,5224,11583,10110,3102,9103,5692,3018,2826,3848,3538,10388,7531
7118,15513,13937,3353,4623,16248,4063,2891,7436,2327,15963,1608,6061,16065,5472,9455,3641,9536,9973,472
12773,7900,4046,8565,10942,14525,4153,7556,14004,5170,13757,5564,12164,7979,6655,6421,8126,13610,309,9764
1746,5684,13976,1381,3672,2494,4692,12393,9218,6995,8277,7904,3355,5957,2803,4904,9033,6276,11650,9071
3713,8115,2257,600,4791,12695,4051,1290,1646,8095,10505,10282,5083,4154,10429,3311,3770,14695,4814,3419
6389,16133,7878,7908,8217,9318,192,8485,5577,6220,16217,3939,10062,869,254,3594,781,15966,12778,10686
13229,11545,14188,11991,465,3371,10271,2267,6227,3505,7139,14078,3153,8535,7805,2379,4359,11787,9120,11537
4257,14649,2405,6833,13058,12771,9153,2545,14926,4267,9433,13219,11244,2714,10836,8928,8092,5135,8303,2451
5494,16029,13257,5387,14786,154,13948,347,9809,1118,2678,2980,1908,8174,10542,8690,6945,9378,12269,701
11921,5688,4833,4127,14228,3356,7039,9408,3168,5436,8605,3484,5154,4234,7862,11817,6691,2968,6205,11238
14168,5064,7124,7788,12021,2258,9682,7680,5947,9182,4879,13228,6490,332,4739,8394,8414,14286,247,3976
5370,4827,2016,829,406,11467,13954,12844,8337,893,2403,11120,1734,12335,819,848,14424,15370,10644,5839
620,3211,9220,844,7930,15347,7023,3665,6704,12399,438,9938,6416,5844,4712,7138,6347,8465,2743,7
13897,8633,3990,5759,8836,2721,1760,6807,5311,6008,9277,3206,11698,3583,15574,3924,12241,15071,7811,2083
8746,8941,10663,8067,4100,673,2247,7880,9535,12200,10309,9760,6698,4502,15126,1344,1178,9658,8066,16262
2953,13024,3757,15343,7262,8223,1668,8679,12567,11553,16357,11699,12783,4905,7521,15585,7994,823,3822,6290
13468,3257,928,6138,9485,11745,8341,2499,13578,1976,15619,13552,9372,9659,6969,3780,10758,16263,3093,7700
16008,7590,7898,5841,16253,15911,243,14383,1727,1322,10217,11591,14112,9487,4652,3735,11843,14743,13708,15765
13442,2501,10335,8766,2719,5433,14913,709,2431,13653,2145,11878,3342,1756,1944,6194,3547,11165,14312,638
5172,14937,15643,5467,5913,13597,7482,13271,7202,7463,7236,831,10625,16026,14630,8412,16206,13294,14333,7338
5628,12937,4246,9224,13014,2422,10684,9550,9899,5098,9041,15429,4720,7329,13371,3629,9758,5417,16115,12816
4083,1919,1786,1749,2801,10591,7557,5147,15157,13663,10479,2607,11171,11743,10322,6087,13832,5179,680,10126
11465,13731,2348,3998,13485,7818,11425,4994,4366,5156,12023,744,5602,5874,11798,1510,7110,12828,15746,5533
28,4198,3539,13618,11044,11606,3600,7693,10517,15828,11962,8622,8205,12538,14909,12445,5231,8326,233,14341
4206,6503,3403,2349,8581,1785,2969,2599,13956,5242,3496,1082,12999,2864,7197,8892,4988,5340,12036,1968
15546,7677,12347,15383,5375,11349,12591,9302,10005,15036,8957,10612,3269,8755,3764,9255,4336,9524,5101,7496
8284,3847,1093,6882,6072,9913,3209,4716,8515,1593,11770,11812,14254,5085,15930,7713,8455,12373,9343,5163
15083,10862,2407,7196,619,1641,7833,4768,12728,1347,4335,15811,1147,12585,8780,15206,130,6621,16109,1758
2841,12270,4411,3122,7087,9927,8774,13777,9683,9816,9032,5033,232,3686,10547,3772,3165,2608,2048,14563
14711,10425,9820,4735,9113,783,4429,4568,5592,15109,4847,14528,2168,4188,12279,8043,15273,46,1253,12254
10705,14853,369,15659,7083,3890,13394,39,9439,7387,10910,6628,4477,10052,9320,7198,3392,883,2679,5979
1935,6033,7914,12289,2477,1345,12606,1791,2453,5111,1367,3916,3138,15421,10362,10298,9780,14000,14277,11657
4130,3965,12296,710,8727,4394,8333,6270,7441,4337,9628,12008,1129,13204,508,14851,6355,15862,2617,5579
13099,677,334,9066,3390,10889,5599,5751,645,7026,546,13447,11795,8400,1257,2877,6977,2807,5268,4937
4849,5690,14643,2441,5431,9045,815,4080,15645,9427,14445,2390,7418,4015,3044,12325,675,4211,7016,14236
8826,6925,12358,5470,12938,4033,11213,10348,7152,268,8189,7675,216,452,2615,9909,7998,13822,8674,7895
5449,5221,4498,11330,7537,5810,9934,225,1409,11070,3129,3322,10477,5523,3158,13178,12281,2212,852,11508
6021,15824,933,15996,3486,14455,2989,9990,2699,3809,10888,5289,414,8484,1615,8850,9406,6379,2,12810
6012,11755,9044,6325,9732,5771,1186,4841,1479,4091,1701,3056,15985,349,9806,799,255,2890,961,8926
14036,10933,4962,15989,7951,3107,8938,2613,6894,14464,7218,897,7696,6573,6375,6018,13267,14412,362,8592
15573,6366,6898,8794,100,6956,3989,14778,15818,6445,1819,5513,5312,5323,8306,11547,7343,1274,1526,833
6306,5491,11395,14556,12524,6294,2321,3886,11187,2331,2734,4645,13015,3299,13405,9861,4817,7052,3323,6504
15469,6063,13463,2001,14825,970,15559,4312,11010,8966,762,9346,1714,8096,3755,15207,9403,11206,2041,5059
7575,7646,1962,13642,15477,3490,8000,7772,5945,16238,10428,15428,7983,2088,12870,7011,14781,7540,15250,15703
52,6780,13747,12309,537,5359,11580,4757,8586,11118,1770,3180,3667,9690,7097,3680,7268,13995,6786,3640
1316,5469,5859,9994,6588,10513,7371,3447,4668,10064,6248,10122,2794,1115,88,1327,53,8019,3681,6943
5386,4914,3877,3226,14019,1238,13566,7084,1221,7192,1261,5671,15564,14519,14992,3881,4451,8037,9729,11474
10719,14476,11123,21,7899,8181,15365,14697,15234,5116,7913,14300,3414,11381,5621,5146,3718,5811,3083,15092
11680,14284,2226,11822,8286,7362,14482,7050,5482,4137,11587,6467,5851,9897,9692,13568,5789,10638,1594,1148
2311,12136,4269,7027,12559,6187,2003,10039,14792,2158,3773,7635,1138,4606,5652,3671,11004,4192,13304,8311
14628,8542,13636,6827,932,5820,10614,1262,2467,10586,7606,11211,12842,13414,6409,7471,5438,13352,1427,12714
8716,6376,7651,9726,2531,5779,2354,14380,12676,7916,2832,3727,2421,15268,12634,9342,6424,4309,8786,2653
10762,8144,4580,5607,12919,10205,1627,460,15994,9362,13319,7935,1036,4170,14637,4751,4473,3493,119,14292
13423,5217,2687,11807,3459,13,4284,9504,11047,9733,6951,5123,14701,4243,12875,1135,7532,5970,14398,14372
3558,10826,13919,6975,9109,6579,6309,10943,3440,5610,13826,11754,9618,3898,5694,10061,2323,4067,8856,4187
4272,9998,9717,13814,15506,3239,5419,11964,3284,14887,12542,4060,9632,8590,2207,6433,4639,3853,2926,412
10955,6456,15123,3296,459,9673,3925,8222,3635,4846,7225,15766,15406,14008,8409,13626,12448,7632,2036,3315
15225,8430,14026,47,4767,7297,15853,6448,224,5787,10996,10930,3476,129,2584,15529,8182,4707,967,6713
1227,12139,2985,5351,2472,5626,8156,8718,15391,9163,7927,14831,10296,3376,13008,12589,11279,9556,4113,13188
4431,3732,12294,13723,4615,16085,4818,6736,12127,16004,12037,4821,6572,3346,14043,13775,13754,7150,1612,7663
12930,7966,4633,8113,12006,8388,5239,4532,10534,11389,580,3887,557,13089,335,5420,4435,16189,1987,9978
7963,9291,13779,937,14018,12505,8929,10658,4343,15003,3647,4608,15267,3952,11140,12398,4238,3974,4719,8272
14413,9800,15866,5391,8546,6180,2230,5082,8406,12141,4558,13491,9386,6393,3557,14191,11959,8480,2057,12583
9857,2072,4084,7484,8644,11331,7163,4041,12250,6179,237,15837,1285,4133,11552,9896,4305,7172,4478,9164
6512,8630,4068,1104,7661,10803,12536,2493,15408,3561,4663,11205,7374,2010,14266,15917,2438,8008,11778,2879
2795,10715,14572,5872,9642,11821,11748,9515,3172,12316,7215,9624,15587,5458,3091,15006,3720,8213,2881,5931
14140,7912,10192,13056,7689,9851,4161,5462,1955,2046,4308,9285,13993,14021,5557,10383,5102,11489,9336,4493
12963,212,16053,4165,12981,1470,11555,2061,11191,12435,2676,9110,4602,5072,1938,4566,9297,4934,4442,10384
2997,5110,4126,15694,3781,12386,16192,6125,4536,13967,12088,7665,10144,14816,13567,11709,12770,8,4933,13823
9915,8050,7445,7213,4229,16118,8266,7866,14994,5990,6797,9599,5483,7622,13246,15417,7274,1867,9630,14875
4062,6618,7147,13539,15567,8595,13280,10564,8206,10097,6554,7272,7542,4216,13071,1886,13668,995,15977,13847
1941,3189,910,9825,11702,10871,2336,7766,12651,5910,227,5245,8332,10566,15318,3828,9631,8722,7205,6508
4356,11397,12072,14715,13300,11574,15357,5962,12098,6067,2995,1783,10811,13398,8952,2813,14157,12193,4592,5777
644,12400,15125,6190,1256,7568,5555,8122,11774,5641,11612,639,551,7943,8784,11926,7360,13368,14190,13031
413,4813,4561,8997,4103,16316,4924,4121,6297,2374,3956,1536,133,15713,15855,4128,14212,7270,13572,3963
16230,15462,9454,7976,12210,12739,7869,14611,6635,3835,11210,3362,12525,7962,13498,364,9030,7583,3318,6201
824,12906,15755,2916,13420,3494,11581,14860,7294,9547,186,4253,8140,1497,2225,9657,5897,9703,7281,7411
15662,15751,14362,8873,1196,8684,2660,9268,8154,7276,1971,10924,8733,2534,15511,5298,10294,8108,4765,13991
11109,5265,15992,8445,11013,10668,15783,7250,14105,8560,8851,14738,525,99,9739,12128,14639,9235,12465,3712
11121,3598,9718,6447,12631,1585,9160,14551,6106,9964,8251,8732,1633,13678,12654,1380,7645,8001,6004,1388
7603,1813,4542,1751,10901,12977,7816,6817,9482,8443,11719,8627,1636,14334,15094,408,15544,13198,8070,5695
5007,6735,3591,10899,14467,12015,1932,3589,14401,3752,13018,7909,682,1266,15355,6225,11455,4582,1700,5772
6899,12216,7302,6065,14687,1692,9024,257,2006,7388,8513,4754,5000,3443,8482,3320,9017,5833,12408,7060
4776,16380,3708,4355,14459,3024,11384,8151,4190,13090,12433,5263,2224,2442,15804,9452,10284,2430,11464,13123
15465,8055,12892,60,4702,7826,4984,9537,14939,8325,3229,8555,12063,8464,1851,4506,10437,15778,7547,8173
3978,4515,15705,7585,11151,4276,10657,9274,2667,10848,14393,8495,12784,4808,3628,11403,5346,11257,12113,13784
2440,585,4085,416,9810,10098,8942,1319,13701,14751,7776,9530,4319,9148,13666,3762,7405,7098,5435,15688
4999,15385,15887,6159,10709,11202,2443,7517,15210,2549,11469,3834,5282,8301,11846,9411,999,3985,1157,4097
8720,7785,11239,12793,9569,14355,882,10025,15667,13559,9708,4465,4721,13553,4564,10269,14844,14347,642,3216
11434,14955,526,4775,6296,8479,5932,9991,13877,16131,8058,14016,15615,12104,10040,14288,4554,1099,5178,13297
3784,6944,528,14135,4522,4789,3687,11782,16010,8916,9313,12472,1858,6173,4628,13409,915,3803,1462,14034
14309,2513,6641,9286,6360,2793,8349,2661,776,3463,6476,8699,8429,3427,8709,9935,7025,10228,14533,8499
9759,3097,634,756,15583,1363,14685,1331,5544,9230,6679,9289,15566,11265,15805,6164,13437,4025,15851,5275
6092,1241,221,10316,266,11825,2130,5333,3041,9956,14066,11866,6636,1776,16198,3683,2195,4079,7510,1224
4893,1592,2242,6397,8619,4194,3340,708,4017,10649,14638,9587,10396,12622,14269,1448,16377,991,5936,8964
1702,3838,13727,6266,14076,8978,15771,10180,13752,5430,7091,8435,114,13427,2744,12382,14489,7143,6085,7419
11816,13213,9767,4461,12243,10270,3137,4742,7666,4468,15601,6223,7010,8368,8731,2021,16278,8188,7155,328
1320,4424,2898,15711,6419,15967,2956,12476,817,5528,3141,3139,13654,3642,13247,1308,15155,11832,10581,11312
10160,4679,7624,2578,3870,791,4545,11801,1948,7119,312,8372,6772,3282,14773,11460,4979,2188,8552,9184
14745,12268,12846,13396,9416,12590,15437,5801,8526,4208,10161,9106,12111,184,809,4231,6592,12982,11376,5846
14003,4201,3568,9078,6395,15625,11984,2809,6100,10385,5422,3309,15228,7109,12991,6662,10044,12510,9463,3758
2643,11728,11200,9247,10320,1861,13959,6551,8106,1291,11791,14798,5115,2857,1698,4199,14352,14729,1679,12666
7614,6017,2308,14014,270,1394,6586,13230,10257,4157,9256,625,15646,8768,1011,1500,8870,10520,8528,11768
13378,6798,5653,4683,5702,6993,964,9198,8024,7020,10958,9822,12076,3280,7335,12554,9136,11197,15708,3867
14307,12057,3833,12206,11524,2198,18,688,14549,1030,11876,12464,5561,11931,4270,15732,16176,7636,5348,5655
14042,1998,10666,4251,14595,863,4957,7649,4348,1329,874,10242,7643,15440,1317,424,9125,6770,4481,3774
4310,13734,4595,7596,12753,9401,13519,8336,14143,8921,11462,13067,5252,4125,2475,4283,11114,10949,14449,7825
13755,6313,4793,8278,4748,8658,10202,8661,15632,13921,14241,15757,11738,8837,6859,6699,6203,3975,2654,2762
10593,13466,5714,6682,4950,1026,8201,913,5586,3570,3113,13386,8494,7960,15669,11993,13548,13490,2026,5132
4011,9549,206,637,7781,2459,9697,11327,5633,6485,4378,4026,7777,15799,12867,3344,6890,7158,2259,7939
15568,7226,10744,7181,10411,5036,15449,10630,4662,10165,1476,2904,1814,6712,2466,15220,4174,13419,2958,10095
11271,7658,3716,9193,3094,4412,15885,10036,4388,5978,3240,16168,13351,9695,2409,5977,8318,3103,11266,4993
14828,8742,148,2635,2175,804,8041,16317,8509,6113,11176,3529,3379,2737,13768,9063,15654,12786,14116,13790
8864,659,13175,11977,581,16188,15266,4064,1664,6727,8698,3196,15486,7685,2397,9802,2629,4189,4839,1610
3249,2306,2359,3031,4482,12239,5802,10577,13416,2261,1947,7489,2233,12338,6384,6629,5812,9841,6199,4432
5806,9884,3326,14594,12871,3074,7219,15336,2749,2574,11173,1809,2706,10571,15937,8714,6040,9527,14945,1544
3637,10001,14314,6671,7548,14869,946,5476,12820,14402,11058,13043,4682,7102,3652,8135,11896,15537,5248,9942
97,9479,2093,9870,15556,340,5411,1913,4796,2695,631,5338,12941,10650,2104,473,13164,7784,6967,687
11354,13124,6216,3508,2652,5593,9514,7997,8880,6929,2185,11237,552,11829,2463,10123,10120,14644,9083,10117
5805,6275,12708,9818,4320,9977,15789,170,11501,22,9715,8705,1498,5153,3151,2785,16252,14144,15286,8508
6461,4681,15435,9338,4919,8962,1426,1738,6552,2559,6870,6997,10310,2488,16064,15050,200,4422,4774,7254
1728,12996,180,2178,4014,1120,12698,8510,3796,16362,4549,11790,10621,12035,5322,8328,13524,16157,6052,1769
9241,5507,6555,6491,4224,1555,61,9784,4694,8854,3294,8574,8737,6035,262,4302,8079,12227,12364,5829
2779,13390,3451,13003,13051,9563,7430,8424,15698,1141,3860,11025,1180,10784,2470,4944,7210,827,4086,1287
10136,15879,15569,5428,1198,8193,2485,14841,14653,14335,10918,2718,4317,4717,15015,6222,5707,2078,7175,6178
15214,9319,7564,11597,13148,185,4620,3920,11267,2845,12079,2249,10467,16039,9594,3908,11400,5674,5588,726
5606,3077,15066,14680,1754,10137,6023,7067,13255,7896,8006,6022,7049,168,3085,10905,11029,5993,10851,5481
1445,3951,4661,9525,7688,11864,11248,2729,2732,10815,15331,2318,10030,13697,7508,4844,15067,9751,6230,7925
7474,1537,5808,6623,9719,6651,851,15959,11600,7987,6715,4462,2532,9494,13987,589,1855,8248,2316,5118
8256,7082,10857,8796,7734,6408,7018,4747,5594,5315,9429,6185,5899,12288,249,15896,7653,9093,2253,8061
1983,12597,6151,6790,10890,5009,8370,14588,14387,5549,2979,4058,11602,6913,7581,9254,15841,13167,1203,365
10558,8943,10148,13212,7831,10861,2862,943,1133,12868,12236,8118,3586,8335,7222,10285,13620,4762,6167,3714
1522,11996,13376,7028,4842,13631,590,4881,7241,10306,7058,7486,13894,9805,5700,8431,11021,5864,6273,5627
5203,215,3061,10720,8758,2645,11273,9698,11922,3360,2930,11412,16137,6562,7752,2865,613,5277,7144,6528
3332,285,6079,9447,6055,8735,8036,11710,8407,8520,4992,6471,7546,417,12456,8207,12528,425,10127,12384
14706,9835,11363,11122,10934,8869,12240,13996,6518,5382,8022,1411,2557,10000,4589,13239,11705,1044,11874,6001
12978,3912,14799,13318,2823,9028,14405,6570,15163,3146,1588,421,8570,11149,3271,10432,1952,3798,3545,5285
12229,11260,7112,3212,4918,2134,7353,12848,8749,2232,9507,16218,5129,9983,8887,6912,7041,14231,2590,12453
6532,14225,15328,14822,4129,7731,13977,15188,13277,3087,10607,6387,5506,1246,13951,8490,7812,11429,5838,10975
8511,15257,8344,4596,11329,11645,443,8669,6428,1551,6653,4782,13917,678,5195,3357,5553,6333,6530,5578
13741,7842,10969,12301,501,9165,8616,719,4909,8031,1084,7890,8991,11664,11355,5259,7428,1117,13336,13928
6989,4268,11789,2109,1969,6510,10769,14468,720,6086,5735,834,5636,3208,12746,14956,877,5871,13303,1007
11196,5249,11582,1549,3199,4214,787,12659,8191,5933,7038,5682,72,8578,4136,14013,9872,7625,11596,1659
12345,1444,10249,13030,1569,13201,3079,661,7253,6680,12224,6875,9711,7920,15904,12855,6116,11491,15593,13244
15750,10101,6884,9143,11080,2082,14471,8530,9720,13586,5169,12859,11365,4531,12550,5084,16293,14624,6,5238
6298,15193,9379,4621,4643,11955,12452,2437,9562,6301,14522,7239,12711,15826,6848,10377,6514,13331,3052,8057
263,11571,1393,13819,8604,8395,11769,10021,267,5228,8955,3607,8005,9459,4006,11773,12880,84,13930,3404
6365,5879,8378,15518,3164,15791,6606,9172,140,4391,982,3726,2987,13545,1933,7616,14007,11335,11805,1805
13492,11055,7929,7383,10825,12311,12154,5254,13900,15725,12909,9838,15528,6911,9088,10579,2039,8609,11096,5367
698,15118,4123,6808,14713,11424,64,10580,11572,7800,467,16222,5499,7421,9208,8963,5845,13856,957,4191
15968,3385,2717,6364,10353,7975,8686,13334,9132,14576,8544,962,13699,12228,5524,11624,13108,11567,12756,9568
1642,12095,4380,14777,7480,11859,13542,3000,9622,6245,10481,14788,3062,8624,10047,4464,9573,7611,2020,278
3892,5358,577,6871,10212,2121,9134,6923,12133,10616,7073,5225,5124,7075,14109,4777,16041,11678,13355,6916
5515,3564,11851,9709,12074,3644,5545,7309,14304,5305,15926,9777,6396,9923,3037,3799,7244,9271,10805,13535
11810,8903,732,7045,13128,1597,13329,10476,9743,5943,5768,16231,12886,253,1961,15616,7633,12549,3927,7840
15666,5190,11473,2949,3891,10773,2844,6540,8579,7040,1065,11326,8342,16107,4779,4439,14072,8365,6753,5567
8376,6622,1340,5067,7292,9834,13557,1988,14949,13296,10191,3364,2214,2347,2396,11113,5396,13556,398,11000
4074,14691,8498,4764,14106,13896,5589,15132,12566,10288,4264,5731,7195,9922,5750,9384,12488,14068,9186,4559
11185,15759,13302,10925,7577,10017,6259,609,5133,4112,13835,10781,6443,7604,5450,4578,15087,8296,10941,14045
15076,5350,2141,16081,13785,10175,16295,15631,2912,2116,13101,14209,11180,11259,10450,3114,11679,2338,9610,3219
6889,6839,13942,12170,2758,9311,10528,2982,5454,12271,5866,6415,2948,11159,12326,8606,11323,16309,15284,15595
2324,5342,11776,868,9538,11310,10460,11565,4576,15106,4640,6937,8985,9085,13574,2586,248,2095,11504,13619
14605,1697,12321,11423,4932,7948,15690,9779,3525,7738,13454,4828,4173,1712,9824,13526,7127,12093,4292,1505
1752,12568,12530,1333,3875,1078,14436,6050,849,5624,2014,15502,13321,5729,866,8901,10950,13934,7435,11142
5001,11158,10155,7765,6016,12385,6320,5571,1152,7334,13968,16304,7553,11340,9598,3536,8458,13009,10829,12061
2079,7159,14520,12519,5216,3193,12795,12918,4177,9747,3391,5942,5580,8312,3661,13037,9448,13147,13767,2506
8923,291,5194,3802,9795,3873,11533,12443,1008,10445,15115,15102,6640,6252,9901,8147,11512,9158,15182,6791
11648,2469,6495,1743,11834,12026,15334,107,138,8802,16308,14215,4114,5349,1939,6915,6664,12722,6568,11971
8632,3134,7269,8232,11470,746,13522,12305,8900,16268,11902,2377,16289,538,15892,14972,9957,12125,1134,8944
12927,5497,4947,2340,10774,8976,9036,3112,8460,5306,6158,10999,1750,1311,3632,7928,5534,5953,13992,5980
13347,11906,11084,14590,578,6533,30,8554,6617,15021,15291,7516,14183,13721,16224,10842,4946,13839,7090,7567
1832,772,9953,4178,15673,9797,5733,1149,1083,6979,8469,16283,13399,8591,10314,6160,5075,5895,10814,7375
8625,3481,4769,15058,7759,16347,13592,3470,6344,6582,11086,5042,12726,15825,9001,6247,1325,8103,13364,12041
6749,6687,8663,448,8131,2264,6564,4379,13180,14642,14478,7216,7839,7229,7465,4917,13194,6996,1038,5784
8998,5850,3272,5441,7476,11803,14218,8440,10343,1528,7005,3334,15582,6832,10775,10201,6327,4070,7789,7985
3901,1252,9385,4425,8403,6385,1665,15256,5168,2991,14755,10844,11534,5888,3504,1156,10045,12575,7064,2682
3388,16160,6965,16208,10672,2541,8426,7770,287,13525,13325,10382,16190,7969,3263,1037,8203,8683,9879,10022
3740,11691,1678,13153,11054,11468,3152,1162,616,16207,5800,14282,14382,3717,1808,12588,523,11292,11405,992
4204,13311,15622,2140,10778,2872,4352,14261,2370,2659,1893,16315,5290,11685,12319,8947,14762,2781,6146,11610
5837,10407,6361,5034,12244,2723,10615,1275,14890,16011,10852,13316,3979,13034,3526,10497,14988,2165,9307,5091
4407,4966,8547,4749,8244,5409,14634,7786,12802,12312,8743,16167,10559,9312,5883,15201,13348,12047,16266,10563
4658,15089,816,171,15526,2042,6090,12218,9948,15269,15393,1423,3448,1189,10619,4801,3996,13598,12215,1931
1045,13410,689,7487,16300,4218,6231,10610,2142,8843,14746,3177,7072,6883,3555,8634,2925,6436,3623,12258
6500,5773,7957,10308,5703,1100,12214,16336,3506,6002,7125,4840,9839,13508,14980,12142,116,217,11450,6774
12850,9300,7699,5500,15298,486,208,4859,11792,11393,1899,11361,1000,13860,12650,14625,9600,8775,10486,8545
1061,7166,9693,7403,7457,11540,6400,1072,7775,12394,4593,10839,2297,5341,3421,4641,14147,704,1278,6363
8146,9876,131,14308,8069,10248,2473,6028,8486,8704,10054,11517,189,7037,9786,3218,3874,41,11235,14507
6900,3222,8129,14943,1729,1904,518,31,11651,4457,9890,14879,7032,14053,2524,7876,11638,979,674,2154
11141,16023,488,6806,4664,8642,11015,2384,12517,867,3704,13326,11277,5948,9498,550,7915,13007,14208,8470
13604,11418,2552,2482,8993,2575,3900,7460,15991,1143,6251,10372,608,2900,7452,9355,16089,403,8153,10736
14177,606,13112,15046,8292,11974,2519,12054,15915,2298,5526,15749,6054,6494,2777,12114,4556,14462,9961,7988
12652,12143,7971,13473,3251,4193,10083,7956,14061,9266,4916,9768,5769,9062,6170,6792,5220,15142,12330,1780
647,1049,8202,8299,14041,2497,5956,6659,5068,9077,5715,4794,6378,11253,13749,12000,989,16281,6287,161
5955,326,10708,16120,14957,5261,10863,9996,9615,8071,4723,12017,9705,12718,6966,10845,11716,12515,7718,4304
15678,10345,9273,9315,8974,10800,9966,4867,11153,3029,1483,8002,5622,1232,8960,15105,10544,800,12501,2745
2866,11681,8011,4139,13945,4213,5243,4509,15442,12956,13873,8719,8672,8112,7891,14280,3361,428,6089,11392
4912,11961,16267,15439,12494,3747,16147,4706,3633,11448,5038,559,73,2951,3071,13106,6465,7053,10262,4686
12885,2200,11147,8307,9960,13507,8562,1942,6541,5,15246,4815,82,571,15283,13905,2138,6794,12231,7076
1321,10394,9829,10877,11544,13338,9848,10524,7185,6656,8231,10869,5501,9603,2172,12233,16,10875,2764,3750
4624,6413,10945,7031,7499,6357,15726,3308,6299,2546,11629,8190,4131,11675,14339,11712,13069,3552,14049,8865
6941,10237,1160,9356,13458,14663,11674,9671,11818,11908,12182,7795,15423,13252,3181,3248,14545,38,13514,5998
7664,15745,13988,2480,7550,10859,2085,3648,311,10177,539,4989,3778,15394,5754,5199,3367,5615,1282,10402
13098,14170,10508,1440,4826,10300,15402,12578,977,12569,13354,11146,15849,9458,8255,13671,8673,4325,4802,13862
6829,10972,1458,7251,350,12266,1428,3679,5939,5229,11256,16259,2977,16364,7350,15124,7631,2343,5327,11445
12950,3156,5460,14328,16251,8018,13081,12287,9481,14689,458,2410,2633,2756,8664,14035,14207,10885,14536,4000
10227,2483,15185,13901,4158,5445,15198,6826,13543,2685,5713,12514,167,11099,5437,10267,1034,6511,179,15332
7751,13844,9801,5960,11374,4894,2428,594,15607,4725,15953,5432,3760,11199,1051,14929,9279,12594,3098,7100
2344,13127,3871,3142,14358,4562,7211,6707,4586,16037,6721,5650,14167,296,10743,13858,13771,11216,5149,11701
7857,2289,10796,6834,6626,4073,2400,8845,4646,14085,3104,3513,3736,11631,2245,7352,15741,6991,333,8874
2776,14534,4322,8877,15618,14954,1708,13684,15957,10977,9480,8419,7077,6239,1871,415,3221,7307,2229,8383
9018,15635,15226,10046,1854,15898,6496,727,11948,9161,11539,2887,2133,11771,2205,8280,2849,9640,13683,544
13448,13179,1172,8300,11410,10940,10964,12662,3999,15889,717,12877,6473,6896,12350,3369,13791,13806,2413,5971
16334,12681,13641,12976,14086,5791,12898,1703,10527,7417,2337,2013,6838,12406,11683,5886,6497,14623,8399,10745
5444,15454,15727,7573,2562,5177,9087,13898,12300,8475,10606,5049,10702,10454,4786,13500,742,3663,8052,14361
7769,359,7214,10785,2094,9533,15253,12785,14614,12917,9869,2606,13004,12478,14404,4970,8798,11563,10968,10767
2523,4587,15829,310,13715,3194,10966,7063,13360,14617,11478,432,14483,1773,10694,7414,2358,15987,6042,10447
9370,4693,6746,5983,3261,16371,2740,15031,1484,8145,9724,1475,13648,15850,3188,9112,12003,1634,8878,2669
15761,3477,4476,15712,12471,8433,3509,12186,14422,6971,7565,5073,1631,4466,15202,10585,13460,10164,8980,11227
14124,3895,8587,14986,11551,4367,9360,13960,12235,12879,8025,9656,3004,1010,5697,16114,3664,4866,2476,5457
10746,7286,12365,981,15348,1067,942,6665,4342,7628,11617,19,14966,5406,11670,5070,14612,15367,13691,11026
16346,15958,3312,9157,13361,7827,4830,4237,10354,15231,12497,8265,9354,6654,3566,4373,13487,16257,11724,9306
4638,4287,4997,12473,3527,8549,7828,8249,12897,10695,15739,10365,1512,1525,15779,8500,6775,16210,1014,8444
6402,5297,393,10133,11975,1447,10818,1042,11100,7691,5944,7408,12563,2243,5044,50,10831,6758,6861,12692
15084,2099,4330,9162,1434,1281,13834,5758,12690,9489,1472,6438,13117,7744,14327,12102,11880,1657,2058,3531
11875,81,11528,7608,885,13489,7952,9025,4275,15237,7399,5757,1599,6326,11406,6571,10033,10125,15858,7324
5183,9412,2114,12607,14672,786,1222,14264,15223,511,3546,9864,3389,12380,11940,8685,11796,10093,13670,12933
2388,5902,12027,4496,15815,3460,58,11299,13836,337,572,15017,4256,13082,4329,9939,1446,3214,10514,14761
10324,2874,9742,11564,12866,16265,2937,9173,12314,11091,15894,469,14481,10168,11879,15596,336,11601,3267,12275
5776,13583,3530,8214,1694,11064,16214,2190,5849,2227,5360,10554,8536,7314,13865,1187,13016,3497,7054,13655
15120,15363,13369,13197,1430,1591,2495,13192,1562,12168,5255,6970,13068,5799,10853,875,1254,10712,2927,8853
6879,12016,12916,8171,11487,11759,15434,6105,11130,8461,7366,15598,9387,12369,1906,15134,13704,12044,7013,14497
10029,2361,14665,3328,8297,2735,9702,7569,8099,4196,13029,142,11841,11689,14323,9133,1873,2568,9558,6677
1506,13312,14332,14865,5867,2663,1596,10676,5917,12166,4089,12019,4108,1900,15236,9191,927,7447,13218,10939
13393,7921,6340,15624,7203,3604,13320,9854,4349,1466,6250,11541,14390,13751,4327,4362,4831,1514,12509,9335
368,9776,10218,492,14216,6550,12960,7047,4326,8838,4458,9572,13478,12701,13986,10100,6670,5572,3595,7235
5090,6954,1069,5584,9409,6740,5099,14941,14337,1235,2076,4245,3242,7533,11727,4724,11089,6529,10653,4406
9650,1643,11967,15610,6976,12920,2251,1279,11137,9171,9204,7919,8529,14782,4087,10478,9229,7905,12253,9850
7739,11219,15743,2015,10065,5291,6120,1686,12673,13358,13906,1139,12012,12576,14742,2002,13035,10436,1804,3540
8680,8187,14582,4227,5122,3143,2146,10174,16047,891,115,3120,9167,2152,7502,14759,4642,10560,8356,16100
15973,8888,11594,7872,13869,12881,14451,8741,14976,13577,8623,1114,8601,7944,5021,6053,9975,7306,13472,7325
846,2080,5334,15961,11820,7260,8260,2189,15145,9578,11734,902,5012,8065,10247,3955,14071,1124,6676,13971
11421,169,14196,534,12556,8613,3424,15238,4001,13025,15901,5554,11895,8252,4145,13077,14050,8677,614,14453
7748,8703,6602,7964,13173,5461,11813,9237,13690,12381,4876,13523,14473,7854,2671,13293,3124,8641,164,10835
8893,13975,11952,15122,11693,7156,12259,9425,13379,4601,16291,5487,14204,14180,7290,9231,1391,11903,15177,11075
12621,1013,6895,1999,2939,16338,7266,1676,2720,13792,12849,2294,10582,14578,2686,9446,1763,14174,14526,530
10453,5625,6763,10229,14423,2998,4393,11300,16099,2871,11475,8711,2827,12414,7278,718,12475,8988,14621,13533
9101,5521,7277,14748,4069,6373,11454,11953,9593,7056,1982,12812,2056,1810,14714,5916,13606,10780,14911,8563
7066,14155,10698,12028,6126,1468,1161,14771,12059,12346,8811,14861,6802,8208,1300,7126,1513,12251,8158,305
14907,2266,13503,11031,13714,5369,9466,11043,9588,10196,14490,2940,12124,5915,5310,14606,157,4986,10492,12468
15910,8015,5798,1787,11510,4571,4104,8442,10398,370,10700,2771,11399,857,960,10096,241,13094,95,15795
11530,7477,15392,662,14517,8934,2075,16261,7424,1137,12354,16368,8958,2202,9344,2062,8866,7454,13269,7369
5514,6196,11085,520,14620,13276,13625,5292,12263,12815,11106,1517,8386,3099,2618,6381,16014,582,14558,5877
1335,1405,889,12623,8803,6625,8713,8009,15488,16348,10627,4557,13529,315,6611,15121,1234,13236,1630,2106
5326,8776,13240,13023,2560,15580,9166,7621,11138,12420,5552,16043,9326,10531,2814,10693,4357,12234,15100,1299
5822,3343,13235,15934,4883,763,1438,11098,6181,11476,16226,4810,10870,12792,6769,2554,9670,11721,6574,11525
10304,15169,9086,8192,11315,5965,7326,13944,4877,11845,4056,9522,8294,10250,2028,3416,2454,14936,8477,9200
5232,12204,13962,1102,16302,5185,1176,795,15906,2342,10287,8830,8573,11012,6051,693,9090,6346,6289,14470
14574,9258,540,7401,7199,2128,14627,16063,9669,15909,13323,11035,1090,1540,7717,13339,14736,3055,4371,12437
9214,1054,44,4895,9856,14435,11667,3542,16028,10994,3885,16144,8496,8706,13706,15410,4696,12942,7972,1089
7493,1053,13208,9363,6048,15946,3971,9461,2910,1995,2304,1711,6599,8564,532,9826,2164,14457,13073,14846
11848,13216,6195,3935,8285,16351,13054,12490,5160,348,7183,4990,2118,11608,7448,13893,15361,11611,9253,12392
10846,11411,12730,12487,13801,2197,15323,12451,9503,5617,3301,2893,2030,3926,2386,7599,2773,14165,2305,1538
916,5669,8030,13764,13644,5388,12409,10059,1376,12277,15793,1801,7551,3751,11718,2548,7601,3500,1757,2457
3237,1580,5596,16002,1276,12446,10701,14935,8392,15040,14233,11762,8224,13544,4928,11619,10056,13439,4036,11623
14082,3626,13587,13770,2932,6439,2863,2851,10291,15052,8413,7801,3619,16066,6442,69,5164,5995,3174,7336
11988,3078,7582,12900,14203,1375,2567,13256,2465,13087,5575,2429,7094,15787,5824,3909,15676,16034,13855,9122
7255,8293,5354,3375,9283,5718,10103,15695,9,10714,7676,11245,3710,15602,5363,13433,12097,12169,9102,14557
2724,5634,5951,2236,307,15151,14306,15982,9095,513,6814,14477,16055,1119,7113,10007,2537,2201,9863,13849
11720,15979,6098,8712,1292,5539,14425,9012,6575,16352,14103,12729,13876,10897,5918,9518,10761,13366,3005,1781
11616,5565,11837,13867,13314,6822,3865,4065,10706,5377,4408,6853,276,5847,2160,6983,5023,8267,13130,7562
9979,2235,12696,11186,16155,11628,15971,8089,16314,202,8977,6949,12348,623,14987,2187,2750,7903,1539,6876
4514,2108,13022,14373,6658,9443,6933,13146,14466,15411,8240,5456,2547,6690,3307,5685,3948,14922,11325,6778
12882,4541,10020,8329,9654,751,3601,12329,15345,9756,4783,12053,4612,9067,9288,2892,3035,2449,11882,1079
12704,3178,15913,9129,8855,6752,692,4611,15338,4156,10654,9396,1193,11413,14338,14811,562,9803,4413,1392
2959,9366,8247,3274,12086,13324,9232,7641,14537,2391,15184,11307,4600,3402,13343,14092,5568,14675,2005,8842
14475,9653,603,1719,14756,13026,16078,4635,2252,11305,13086,13673,13788,895,2077,14843,15039,5710,13936,6044
13211,5510,5975,11452,6431,14427,666,2639,1312,10747,2668,13874,7850,11337,8462,15330,15620,505,6130,15364
15282,15555,205,14837,3610,11320,7667,9959,8525,8726,13370,4710,2947,14934,96,15400,7980,5288,10187,10753
12598,8127,8969,8130,11334,16044,2346,6972,6354,10141,2209,14573,14723,5856,8421,3878,10331,3084,12620,16172
7174,5675,9174,3456,11507,1929,3073,11972,239,12283,6524,7974,15492,1379,11839,10313,3913,14198,14819,6240
3517,12130,13010,7184,11827,12002,10788,7992,14918,8973,11557,9352,11556,5770,11763,4700,8890,7470,14599,354
14676,5269,6249,8250,2878,8707,8920,6558,6634,11431,14244,5744,4271,12153,9852,10594,10623,14801,9517,12483
7829,1879,2609,4567,6718,798,10553,11794,10952,5209,2875,6477,15199,9195,5395,12854,9414,10537,8702,15324
10085,3059,3053,3756,13769,15860,1297,1237,3204,9278,105,8875,3836,7764,3002,14094,8905,12805,11649,14995
11920,14290,1264,13221,13415,14506,4598,8504,1146,14295,4980,13947,4255,14521,7021,1647,12280,16235,5716,3007
1848,9701,1586,3170,6208,1218,14303,11079,11342,9052,654,10243,14716,11973,2367,11228,12661,12362,106,15869
9641,9475,10145,5562,5676,15339,3260,7970,5752,1217,5237,7950,10643,15275,10735,7554,16294,15603,4307,11014
7821,5317,9431,9987,14658,10669,2822,9470,5353,3585,12056,9440,12707,9240,4737,879,9238,15166,2221,12403
3609,4430,15042,223,15724,13429,2239,12402,14821,10031,9847,10605,9995,826,7030,6539,1027,4537,12717,11350
4294,14793,9023,2302,9582,13827,1314,13464,3264,1981,5096,4584,8257,9592,8438,1298,284,12962,6091,16159
8226,344,1986,16038,2885,8909,906,12987,10572,9418,14113,3057,15623,7169,7591,14767,7382,4254,711,13513
9383,13664,11124,7137,8436,8915,14758,2909,3040,6096,4484,13495,4544,9883,3709,11169,598,9807,14659,3777
9007,15493,13065,8678,601,8216,13694,4669,2350,6963,14054,4152,6499,7600,2597,15883,1199,5459,4858,12481
2139,11281,4232,7458,11422,814,810,8374,5401,10551,6107,14838,753,6128,7747,13346,8454,12213,3406,5981
11742,13091,87,7708,8456,3473,10427,476,13430,16333,14172,6039,9900,4878,8263,11925,5492,14130,8990,16342
8844,74,9334,1561,10067,12512,7918,11056,5985,907,1081,2736,8076,10349,8626,9006,13651,15579,12159,9783
6660,16305,16375,7000,236,7955,14717,9723,15377,8886,9735,9963,8596,773,14982,10938,5054,13182,12635,7009
6171,11220,15514,13888,1909,15186,14900,761,2272,1590,7464,9389,10359,9649,5783,2837,10675,11290,2296,10518
8760,13794,13550,339,11188,8219,12936,785,9906,427,14032,4048,5907,11144,475,5601,13214,14247,11437,16165
4286,5827,10928,14812,2103,10704,11568,15512,1991,939,14027,13907,865,16194,9969,10351,14488,8951,4673,9124
4539,11518,5647,15722,8228,11346,6708,13932,9074,13385,14647,10471,2765,15419,4316,11447,4971,2500,1966,8415
5785,3769,4958,10807,6036,12434,4644,6218,16127,10902,12883,8166,1930,9472,11615,3880,10620,12853,4022,279
887,8534,2356,12167,555,13904,8288,12255,9798,13158,2767,8467,12780,14400,3651,2637,3622,10583,12460,8872
8710,6709,15912,9791,16050,11780,9832,15179,12939,8527,1831,6014,1107,3036,9079,14275,15578,15380,6560,15288
5532,15710,3922,8829,15642,13406,10076,11287,10081,14095,7228,522,220,457,7341,8790,14211,9804,8474,12954
6800,10328,7745,11254,14379,13261,2836,6855,11750,16046,123,945,3278,12245,5455,2378,16343,3653,14876,16017
5137,7513,1629,1953,3474,858,2908,15871,12791,8821,1574,14571,12257,4030,3840,2415,7598,7949,6219,10074
16068,5498,9388,12921,13286,6318,11243,579,4003,12297,12355,9580,9303,952,11992,1576,10667,10142,306,4922
5706,759,11844,9567,7337,2833,6741,8896,9672,14137,14141,5905,9921,13554,11379,10129,8745,12341,3719,11208
4396,6537,12754,13114,15258,16024,13914,13061,6952,6457,13481,12339,11128,389,9361,2000,10106,954,10707,7790
13075,5583,13688,2642,13600,6007,15395,11690,8357,4733,9483,3435,10078,1020,12672,1736,9390,10911,5324,14791
16223,1937,15451,9056,5709,1980,5181,10167,8165,2004,9227,14888,4781,11233,14407,11482,5260,4798,16279,15647
6412,2194,11324,11943,4875,9858,5008,8390,4369,16019,11965,10416,14159,252,4968,3132,6701,5425,4738,12333
5885,13282,10337,6166,8180,7991,10327,9392,6583,2540,11535,11444,4726,10347,15877,5597,3814,14635,2376,2491
12703,14500,15935,15550,11653,13401,1959,1699,4009,10789,13166,13984,11830,3119,1577,367,9757,11877,2563,7629
14866,14707,13964,6214,6253,8550,5447,15520,8640,1836,7472,11440,3869,357,12678,10489,12702,4488,8321,1515
15029,1337,14749,10216,15955,12949,10915,8871,12712,15707,9215,10369,10900,7526,11766,11758,391,4750,15116,3095
10965,13538,2907,8621,1494,7650,14033,10355,11928,13157,1194,4150,10502,7843,14567,15571,5717,15340,10350,6732
4248,2787,16110,2332,9704,1352,11543,4469,8169,13613,1289,8459,13121,14294,9353,2169,1626,10307,8416,2954
1280,10303,8695,9371,13857,10182,3603,5774,12518,8805,11132,9688,15674,1967,565,13426,10820,15709,6425,8322
6010,2452,199,7619,13177,12664,6844,14512,9275,3256,8652,16326,11105,11359,3903,6819,10578,6440,8693,12872
8917,15874,757,8176,12238,7354,13119,15189,9314,14855,2742,12852,825,12832,14953,649,10253,3022,5535,3827
1301,11765,11942,5383,15315,12160,15300,15907,3945,8589,1437,10392,16036,13079,10179,1116,2984,14667,5139,12174
2988,6566,8675,11390,4570,11764,14769,12552,4528,15802,3051,10622,6722,1018,6917,4016,911,3125,14429,9962
3176,5661,11840,6869,14765,4151,11714,10358,15970,10507,13719,842,6762,5826,4550,4278,3192,6204,2110,6863
1857,16140,6498,7682,9846,4266,10562,10989,11486,2799,3515,12070,1220,15020,444,5039,9073,7885,8832,1878
5660,4372,111,9754,13122,4414,6129,10898,1126,14669,4321,11111,1772,6362,8754,956,15613,11661,3754,12836
13903,14366,7823,9116,11094,7429,3220,15085,10741,3582,5512,8932,8771,13560,13113,14450,8734,11625,9955,9611
1414,8648,7188,3233,15542,14968,10703,12315,14753,11311,9219,9441,316,5320,14932,9561,8543,3630,14360,9075
6242,2789,7357,3224,7737,13027,10956,2468,16012,510,16116,2360,10263,15932,14739,7123,9207,12824,12829,496
1745,983,9035,15346,7958,13979,11347,15861,12022,696,691,8197,176,14259,15227,11366,3977,11575,14981,10906
9512,15325,12189,2658,14610,5335,6024,5884,9789,13465,2543,6217,2800,12742,4670,1552,2626,7778,11732,1395
16021,15069,994,12413,451,16003,244,3791,2510,6238,10208,5308,4361,3588,5180,4987,1997,12090,1400,191
13372,4648,729,399,12686,12011,506,4730,16272,3645,15047,6076,15290,3255,14916,1062,420,12970,12769,5206
2364,11514,15167,1837,15153,9281,7820,11588,6816,10246,7560,1383,11862,10503,8159,12055,401,4095,11371,3894
1792,9937,5415,11296,7578,3544,11899,8825,8935,8810,4109,16113,2053,12455,12342,6864,6596,5294,9262,14817
6652,725,13299,16151,15547,3967,10935,10321,2300,15335,14652,940,14260,14114,4585,2047,14809,3468,9003,5598
10070,10440,2366,812,8696,11856,595,15302,10867,11897,14367,12626,2487,3200,1424,9053,11345,15822,2282,10072
10080,2627,13443,12907,15025,11707,3133,426,5516,5171,5788,15612,5318,10711,15295,7660,16282,8899,685,15221
4013,13279,5281,15954,5686,11867,12423,14501,8670,8898,13972,797,16379,15468,9728,2066,4961,9423,11607,10771
3807,13411,987,14509,7248,5642,388,1559,4495,953,5896,12078,1181,9150,770,4042,8572,650,4328,1881
10198,9893,780,11835,3806,15507,5574,14487,8778,12845,10442,2656,10535,11362,7397,272,8576,886,461,14641
11037,13603,7046,703,2786,3698,12429,7652,16027,6686,6743,13392,8033,10124,9590,9381,6531,15836,3805,10828
7311,7178,3400,5173,9223,13908,4540,10079,7165,8785,1230,15055,259,5639,20,10393,4184,13064,14993,15540
3520,5414,9982,1975,5186,6454,10011,3190,11637,14868,3329,15590,8091,16142,12196,13408,13190,10094,11980,2598
10808,10455,3155,9917,648,8618,6295,9187,11919,14727,14971,14974,3100,7221,13941,15053,9175,8568,771,14285
11909,14608,78,8142,9608,329,10156,383,9467,15864,5868,14973,3482,1385,14030,5969,283,11201,3688,1674
7365,15997,3469,4159,830,6000,5253,12181,3524,14084,2144,11989,6942,13308,832,12615,7469,7146,7355,9862
5405,15952,13580,13645,11242,433,12332,15510,423,9484,3006,6742,1167,8840,5959,8179,4510,3573,6748,14416
10868,12807,4785,8715,2888,1964,2285,7670,9015,10113,8885,10670,6481,6075,10522,9402,7370,14414,13735,14550
9552,14977,5611,5511,15424,5753,2894,7425,9888,12985,1389,12100,8987,4657,4766,10729,4401,8305,5678,16149
4974,5175,13451,491,6795,10181,14346,5355,15668,10993,12145,1226,5728,2896,5005,11172,16185,15070,6538,16373
9886,4995,13377,5205,5976,1057,13783,10311,6536,7707,7515,7238,5136,10763,11529,14908,10487,7720,14187,1461
16232,5493,1372,10319,4182,10280,5699,6720,16271,8773,9516,13254,4942,3657,5182,10418,11065,2496,12132,15696
13816,1922,11598,951,1925,11887,2068,8218,6293,9367,6604,5704,9712,14538,8437,2961,8060,10951,1623,9179
5151,10908,643,5218,4217,12282,9932,5560,8649,533,10150,10258,8939,12612,14301,15621,11576,146,15740,2423
14708,10389,8516,13696,8098,8483,5380,5331,15919,6559,4899,1364,14754,5631,1058,13627,11656,15905,15521,13998
11069,6728,2634,14156,9496,11815,9183,1822,1306,1121,8157,13884,11050,478,5066,5725,4991,11741,15438,1249
14540,6175,12230,10688,10209,9211,280,13189,15037,5244,6684,12048,2518,10909,15928,7267,2905,8102,9730,7589
2049,10003,16247,808,2973,16080,9946,6260,277,3578,3217,313,11136,2694,794,2096,6924,13712,1706,8979
9680,15875,5927,5952,16209,4499,11847,8199,16154,16067,6710,11053,15931,5345,9108,792,13657,1080,8551,13335
12387,2248,12441,9661,12968,15964,11003,583,12025,12121,13970,6548,6733,6584,1455,11515,8849,274,12658,15277
1838,9442,16212,14089,13997,1816,10810,15675,6751,265,14721,13021,4647,5778,2651,7190,11692,1761,12220,1474
12835,5637,15404,9775,9892,4852,1872,3685,10472,4487,8491,871,10220,11950,11372,7096,6546,12614,9428,9081
9264,15496,12688,11981,11641,14818,15900,15209,3631,7036,5381,16296,4285,10652,16270,7967,5193,10414,12975,13243
1169,5508,353,10858,13052,2583,10178,5958,14354,3889,14554,6872,2159,13412,14411,5071,2284,10089,1243,12637
14790,1413,15321,10470,15976,16101,15247,83,4526,10443,2594,11378,1989,16102,11247,13171,1047,2581,15158,11566
3225,5648,9400,6851,4209,10266,14655,5041,7977,6172,11339,15592,14270,6097,14718,11855,15000,4220,11660,13205
4665,9681,14237,5696,12532,15561,6070,5385,15420,6429,10923,1145,8857,3970,9772,7803,14447,9206,14123,655
12223,8391,2697,5766,5325,13985,7634,6332,1648,3844,15810,1214,14577,15203,10410,10718,11152,4384,11034,11809
15168,7695,15140,1718,6836,65,3876,11646,10176,5236,4770,7973,6501,5241,5901,5392,10087,7497,11779,4
14463,8765,7206,10482,11453,13843,5900,11156,4637,15614,12484,13283,3643,12024,8548,8235,10032,6631,3223,14087
5198,1656,10961,14368,10596,549,14785,13032,12537,490,15545,12734,10515,7819,14319,6005,2471,801,3707,1902
14542,5145,16077,8170,7320,13722,11982,573,15002,13384,12503,12706,1940,3115,2237,12740,12126,7231,2536,13852
16170,8327,2162,10278,6519,13859,4788,15884,3793,9139,2357,2325,15939,16258,3108,13107,15524,3556,4889,471
12893,16180,1417,9634,3984,805,5077,14271,11697,12427,3333,2206,1459,11328,11620,15097,4572,62,483,1055
1236,1205,14371,12156,5658,16071,12379,11030,8347,1768,12667,8410,12323,2090,12328,9290,15914,7570,5207,14268
15093,12405,14220,4101,12830,13813,2713,149,4929,8453,8253,5923,2383,6118,10323,1151,15798,11785,3082,4963
6866,12782,1108,10272,5026,5423,16310,14951,11404,5740,9833,12458,2417,10576,10548,11870,12491,12986,150,7333
10927,12762,11303,9699,13829,6163,10245,8354,2481,2166,11559,10188,8752,25,7981,747,10521,9646,9358,767
7442,14320,7545,9583,11881,1637,12561,16152,3374,10092,13273,10116,89,2999,5673,5061,3794,7576,864,14693
15549,2223,14176,8141,13441,6406,1882,10465,8931,13692,2184,5736,12972,5213,1905,8981,2120,935,3705,4456
5852,3795,5912,13753,13803,12424,12521,12540,1821,10134,10226,13220,15272,9222,14458,3096,12089,1006,11204,4711
12533,10200,4577,4376,1495,10283,6601,9080,15213,3817,9727,16135,13137,16061,1046,5029,7247,4507,2508,3733
6624,3434,11416,2122,7420,14175,8183,1943,2698,7524,12645,926,5693,10438,11767,3205,14420,3277,3983,5014
12665,11838,11905,15548,11217,11983,7288,13132,15785,2790,8518,6992,12363,9348,12806,16086,13045,8738,1616,965
9331,429,15143,2527,14056,9555,12764,10496,835,297,10204,14052,2920,1799,14015,10408,9993,16331,1421,7947
11633,6329,86,9874,13658,3911,11063,7280,11622,5756,10804,6351,507,3450,8911,10028,6394,7086,5734,3409
5786,16284,5131,11531,5804,11894,2579,6968,2008,70,4616,14784,4605,12462,7081,1759,8032,15993,11341,2623
6157,14967,5158,3749,11358,8384,1680,10812,7986,6766,10107,10395,1901,4120,11618,11194,6168,3288,8402,5689
16327,12173,15274,15720,656,10631,9644,5372,702,9543,6793,13909,3812,12535,15835,10006,9261,9787,5109,4262
13162,6907,9154,2504,6547,9919,11634,15563,10111,75,16162,10647,4517,1606,14408,1880,12551,2798,3243,2462
485,5293,11226,2770,6739,2628,12593,3658,12276,7623,4117,172,16049,7597,3826,16000,7678,4463,14725,13563
4655,5908,10732,6103,4704,3987,2582,404,6200,14059,11321,14952,1584,12592,8038,7230,5251,92,15812,9057
5079,4219,5934,11275,10770,8059,13758,12794,8007,10261,4508,10790,48,13287,8230,12727,14299,9144,9992,10917
972,431,9437,10937,3415,16361,9375,4291,14258,10690,343,1747,3567,14121,16313,2620,16103,3131,8215,3295
8927,1527,11415,8111,1655,5582,2310,1994,11060,5988,7639,10015,2772,15095,8635,4135,11274,16062,9420,5035
14310,3741,14516,3856,5950,3715,2842,3674,1649,949,3593,3359,1993,3480,13141,4729,445,11388,9912,9486
4107,9911,10265,5093,15463,400,1248,5490,2329,11319,12675,13174,11126,8134,11095,12029,13561,10493,1827,11306
8804,363,7552,4142,14107,9604,12261,4892,6119,5421,10435,9226,10143,9887,12660,2498,13248,7817,1775,12091
210,1165,14498,5668,7443,13382,3605,8035,12865,3625,12397,5389,13060,11643,6502,11263,12447,12135,784,6830
2065,6620,11314,3636,12759,160,7284,13943,11662,3696,2052,3076,15450,12787,13551,12062,15951,14546,13795,14239
5004,11842,330,14912,11016,5522,13509,15059,8567,8514,7602,11997,12736,626,13391,12421,11757,15204,7495,5657
6776,6921,15945,2177,5040,13549,1613,14461,12926,920,3452,4409,4823,6959,4486,15522,14479,10541,7907,4324
6341,4973,10184,10988,2576,12691,3088,12763,918,15171,905,13920,15187,9096,1304,8128,14859,11659,6029,12426
16307,5938,9771,218,7223,8603,462,13327,15027,4983,6520,15001,14262,8697,14161,5496,975,5233,13799,10273
9612,4709,14048,13935,12587,2115,14733,6612,1628,14151,209,9895,13841,8101,5991,4233,8343,11970,3507,13588
6632,5531,1560,12741,13332,3439,1219,9210,16227,16376,12745,9084,14289,14532,4534,14735,4094,11708,1767,541
12357,3823,8100,10241,11230,14077,13647,15416,3001,4183,9645,14134,6281,5418,1111,8289,3810,14839,7750,9576
6335,14146,1307,7117,11019,6729,11020,8809,6988,1895,269,16072,5738,2955,15756,8654,2917,14100,7729,7506
14772,2153,12496,8236,2978,6137,15178,12115,10601,3997,16015,13516,7423,3383,10131,7427,6088,1436,1128,15057
10632,8600,7450,16181,2681,14162,6831,802,15137,1094,1669,9505,5711,6401,2412,3584,4569,12817,4699,3227
2915,9936,8676,14885,15341,9904,14796,14933,6229,11520,9374,12804,11505,11167,1914,4865,5741,9465,15208,16018
13510,1508,2309,3738,13744,16191,10368,2665,1244,13402,12020,15378,10023,15942,7035,2464,16249,9548,7671,13966
11002,4098,15790,12334,15608,5019,4059,11684,6693,13084,5541,1492,1847,10260,14601,2692,14886,14854,4455,16273
10342,13165,4274,4449,15627,10557,10794,10525,440,5471,16199,9473,2616,4516,1370,6451,9510,14728,3453,2256
13772,14800,5974,4249,6714,1579,5817,2432,13181,437,13002,11356,14023,5828,12149,10404,5050,13640,16256,11799
3824,14276,7392,7385,16001,14131,878,2290,14197,7511,8728,10751,4034,13038,11436,15634,12489,282,9451,13496
14410,7344,11097,5230,3512,11854,9107,9972,8799,8757,11251,13151,9212,11632,6099,5366,5235,7453,9684,821
4195,6783,15497,4627,820,8614,16321,15165,8612,567,8660,4446,6032,7740,14283,14213,3800,15287,3682,11175
13702,8369,4368,9091,15729,11071,9871,11570,9520,12425,9251,9070,12642,11007,828,5502,10931,6578,4383,5677
1548,1652,5573,11264,14395,14826,7398,1071,7767,1985,16344,6258,8468,293,10659,12834,9009,13629,4423,7798
5645,1903,1164,4230,4244,11688,8254,990,6237,3232,12636,8051,9765,5400,11509,1554,2330,11490,13350,5608
10060,2433,5831,13541,1984,2819,8992,9147,8083,12580,12851,12768,14396,8351,1581,12359,14485,16341,13596,4680
503,2646,8747,12415,5537,2921,5453,8791,11115,11944,796,2816,13745,11726,9925,12946,10587,10912,976,7466
479,7187,14604,9914,11739,13040,11116,9737,10887,10817,11599,14710,8088,8105,10130,8177,14686,6973,12617,13288
3765,11642,1558,14245,13630,2783,7431,8054,1704,10776,1457,9417,7240,3028,2858,12747,1432,5587,13450,9585
847,395,2186,1535,2193,5964,766,1916,12904,15011,12586,3655,7504,5330,9566,136,2418,10801,10884,14442
7289,10795,3432,8010,13679,15947,300,15197,10756,9432,8861,11609,12957,6367,16318,14377,13305,8471,13217,9430
13950,9293,4421,13581,7881,15181,8889,9752,7220,16292,11377,4223,1503,11112,9931,2192,7079,6840,16117,14915
7129,198,1403,5570,5309,14589,10197,13225,10474,12548,7121,11788,5649,13203,11164,16288,5654,7263,1996,122
9449,11433,10878,7711,3319,2369,3906,10338,14874,4398,15230,2928,6144,10399,3918,3348,14384,14227,524,11033
4838,10757,2180,1469,15009,10904,11022,15138,12131,7648,6156,3268,7984,12264,9532,2670,13274,1173,13395,11687
10819,5332,1077,13337,8783,640,15079,4402,3297,5855,9526,8906,11027,10641,14230,11110,12790,5935,6492,6557
15023,15130,498,3210,299,2244,11268,8068,10367,4674,7809,1582,11038,4392,127,5937,1570,14699,10640,2401
15474,7095,9478,8339,7191,12775,7285,4176,3742,15062,10570,139,2931,6284,4143,1662,16245,9738,2515,11009
5266,9581,11911,6527,15819,15775,15533,13616,8813,6990,14804,13614,4969,3381,5272,6711,1450,4965,10499,9621
7323,938,5120,14243,12336,14389,10336,13432,5892,3157,15640,8291,11382,14862,14878,13872,7106,3455,9138,10151
298,8302,9943,5509,109,14115,12187,15359,10108,14820,7587,7837,6388,7384,1578,7459,16350,319,1667,11298
10512,16104,3197,15285,13611,15929,16124,1419,15314,1921,641,4132,16196,5547,8324,4140,1595,9123,3060,3411
13138,6198,5748,8584,15379,9845,352,11703,13456,13486,2970,15457,7844,446,1336,4752,10895,110,11621,13680
5212,2275,10568,3518,1888,6094,15495,8364,3851,7705,11833,6300,12735,13817,2029,9741,8080,4703,10837,13940
4110,13875,9397,12616,5620,13927,7440,2107,1541,2808,4007,6717,6587,6127,13861,1240,7434,3562,1731,7237
14454,14883,8048,10565,4093,13661,6302,14017,2935,2148,548,14991,2911,10959,11051,6928,5840,14894,7170,5006
13573,2270,6646,6885,6603,14651,11740,1817,15387,8912,5234,325,15152,7351,10873,9679,11676,1956,8428,6049
10896,3596,2846,15368,14570,14446,5961,6842,13637,16358,14010,1755,12087,3394,4387,3830,14057,3182,9092,8434
3580,11725,10696,722,14857,15723,10071,6695,13820,12302,11585,4434,12272,1710,16299,14856,11668,9965,1368,14496
2071,3492,3162,13911,4500,8881,5204,7808,3753,7902,8441,7180,12896,5854,12831,15857,3729,7594,8965,11386
12809,14829,7390,547,4090,15944,14480,4400,11428,10802,1860,13295,9531,13258,1402,14863,12821,9453,6860,26
15061,11483,16098,15376,8295,752,10809,8858,15200,8739,6868,8488,14452,6835,9000,6469,8948,10485,6887,14805
6950,16084,11198,5819,7804,13527,5782,646,5520,730,13380,931,2408,3551,1936,3026,8175,2530,6047,13241
13125,9662,16359,11145,14437,14815,15127,5076,12931,10970,11715,2402,7787,12376,13902,10433,3336,1216,4607,338
9295,16372,12570,15820,15897,11655,4722,12994,4433,9773,2632,3410,14088,10340,10360,11523,778,13253,16366,7780
15478,5807,15715,8290,4279,561,7404,11441,12544,9246,749,14217,11951,5518,2517,764,7875,10352,5142,13724
14898,15149,2834,11380,143,6058,11402,2838,10699,8884,5393,13483,15872,15552,7588,14249,15034,1175,11435,4480
8121,9177,5015,15639,7995,12596,2228,16319,12431,13938,14102,1259,8651,16221,5996,8012,8533,7111,3213,7157
3324,5210,7345,14251,66,10677,11040,1806,13643,13810,3899,6608,7934,1095,3676,12322,5126,15028,13226,527
3852,15677,3048,3016,9638,7901,16205,2638,14559,13778,7456,694,12396,3292,3366,10501,922,5613,8588,12222
4886,8225,5605,15681,15543,14962,382,10737,7491,15494,12601,13149,12887,8221,884,11221,4634,5701,9377,1740
16355,11706,3058,10697,16125,12252,7864,11234,6974,11760,11858,15813,6724,7014,5477,2179,10459,15264,1924,10219
9945,4759,12094,5683,15843,1158,13585,3147,15845,10549,4714,8645,14664,9997,7416,5727,15271,3905,6633,13047
14297,1267,15431,2605,12940,3171,11949,10692,8209,14272,15692,2825,6123,2640,13933,2712,6630,3064,1830,13878
3937,8358,14302,2824,4649,15356,9039,13575,3081,1661,2064,2882,15682,10689,11578,12997,3782,8004,9270,6847
2392,15032,10016,9016,16022,6271,627,13635,7922,4228,8200,4691,5078,14722,9050,12310,10158,13245,14391,993
11269,2817,6267,10738,5223,8398,15483,15360,11072,2098,7853,3380,7271,15333,10488,5140,3695,16243,9209,1583
6725,11915,4728,1660,7574,5058,894,9097,12129,9958,7937,12480,9072,15683,15211,9663,15235,4452,6811,3003
14539,13400,6867,8895,12438,5941,4803,1201,13020,10194,5698,14493,5416,13494,11786,10726,853,5125,10533,15762
8956,9595,4565,1748,1877,13313,13434,8168,9415,8571,14504,9691,11076,6241,7655,6261,7672,6256,14553,5299
5638,2774,11166,11891,2447,6880,15641,13517,13074,16088,12827,9652,188,1412,5749,3654,5187,10412,10984,3608
7810,5088,489,16322,15183,1245,13222,4395,1850,4172,6184,10225,10344,3422,7189,3577,63,3302,112,3262
15648,8788,4341,4890,3929,10013,3498,1171,14223,15251,13686,9435,13638,4996,9677,517,15803,9243,5548,2303
11717,2730,11775,9436,15801,1096,8242,14726,6470,9333,9239,15289,12340,3008,5063,15854,3766,12643,14824,8323
1793,996,15604,13011,271,8692,16200,3606,6444,5880,8647,14688,14763,6234,12190,5761,14001,13615,135,3613
13210,11042,4955,11614,6369,7586,419,3972,9100,9867,5739,8196,9823,261,12176,11595,14149,11067,13983,13092
3303,16045,4898,15584,10469,12248,14961,9252,7605,12390,4346,2691,7242,7006,8852,14671,4185,8882,14044,11873
1543,1788,9685,11605,12522,15718,10855,3247,15517,4581,10827,8120,12043,2700,14298,323,9984,13344,1685,15606
11704,7376,9149,14171,1874,5519,4834,6938,12106,10634,104,3638,9094,11941,3700,8827,10264,11270,289,14650
1516,12318,14720,7467,12267,9866,4784,8116,605,13093,8401,13193,9410,4901,12840,4340,13477,12014,10463,2161
4807,5836,1965,14127,12177,1798,14394,13797,14117,13698,9920,2426,15008,10018,3957,15459,7679,9651,11934,12903
12839,12116,529,12007,7595,2404,2032,13555,6101,13695,13511,3121,7860,3426,14349,15026,1323,6750,14499,7954
11756,14178,8021,16093,2963,16276,13612,556,14248,14028,13558,16211,3384,4066,13709,9613,8847,9542,3868,5442
8867,9022,11917,11665,1478,15535,480,4490,5894,12317,3441,12265,16228,3461,3581,6314,14531,14079,15073,5792
10277,8593,793,11443,3841,14128,10813,5162,15136,714,15941,16320,12486,13315,6020,6081,7703,13207,7709,545
11387,15933,11836,7438,2528,15763,13140,15721,11593,12184,12680,15219,13939,14950,11700,16013,5906,2279,2572,12679
2434,6422,8020,12388,13251,5403,7378,2345,11800,2840,8946,11181,11373,16143,2007,6576,2591,7449,14256,15099
4812,15090,1294,7024,914,7782,1043,2820,6688,4415,14673,1103,7115,11752,12242,11872,1439,663,1803,10221
13285,14849,4850,8945,8580,14441,14666,5440,11215,2674,6233,10434,79,1820,5226,13301,15808,7249,12750,1979
5100,2755,2335,15660,3398,6760,2641,12934,12529,14020,14369,944,738,15164,12495,2869,12485,3136,13184,12980
3618,15147,5208,1766,12584,10373,14434,10691,13883,8497,570,3335,12278,13453,7347,13133,8953,4021,6135,14173
11090,6468,909,854,1211,6417,9460,13115,14439,11383,14229,11338,14064,13681,13624,16054,3968,2111,16203,8671
1644,1771,12582,1784,13110,2971,8363,7490,15922,12192,2993,1097,4671,12613,12033,14547,1829,13373,2092,2631
10419,14858,14581,5609,13675,8282,4282,12595,12646,67,6744,10441,1488,12743,7549,750,9105,3184,10233,5921
13889,9468,16367,356,9819,15313,12291,14575,12120,3466,11417,6278,4884,4428,4753,13479,2063,1465,2883,9391
153,13176,12298,9323,15921,3417,15222,13196,16187,10834,13407,15232,6269,12841,12444,449,3341,5427,7161,4118
4102,1202,6920,10251,6350,214,9843,11353,11394,15551,1387,1602,10962,2815,6904,351,2936,13946,13589,12639
14047,5027,7101,10135,16132,924,4975,4908,15131,6404,16234,1915,658,15981,11178,4075,11865,1429,11868,9500
10907,10449,11497,6638,6985,3012,4057,9128,14062,453,6764,10259,3198,12171,3656,4169,8503,2856,657,11686
803,10193,10154,12543,5267,15382,8817,4698,1397,14902,3986,11603,1052,11472,11969,11291,8481,14142,2176,11430
15630,15135,13195,2952,8110,5619,7669,12417,15048,4163,13053,481,998,7315,2507,16134,14881,9557,3904,1883
7630,1815,8447,13080,690,7295,14070,4853,1795,737,4695,14985,14629,10147,3697,6015,11223,1341,777,10115
8172,3304,11408,2137,5630,381,15013,455,1481,10063,8104,607,8304,934,7312,12724,13154,7498,15767,15908
4443,10195,7726,7519,9696,11957,9469,2461,7580,9159,14656,1534,7762,4382,3914,3669,13424,11207,2550,1040
9565,15658,5152,8531,16177,16179,9495,12599,2288,11978,7099,8075,5816,15141,12082,13139,4419,14889,5256,4417
4851,2018,2976,14096,40,6939,2768,499,15995,4002,12876,12825,5037,4529,10838,14764,15296,8078,9407,12710
5080,15413,5946,15747,71,2960,15562,10552,12959,12068,2274,2181,12737,6348,7673,7395,5017,11297,4141,358
14495,12502,1957,9199,6678,7647,9908,1418,3395,3327,7961,2852,3483,13234,2044,5060,12772,10302,5543,12360
12979,10387,12713,6674,3266,11777,8195,16195,15018,14872,3259,5708,6745,2156,11081,665,686,7088,6272,5982
14440,14388,13028,959,1269,7794,12687,2918,1619,4930,15738,15519,3347,6787,10346,11479,11162,2276,13518,12915
13284,543,10679,6738,6957,9762,9623,8049,7797,12046,6700,5889,15358,14910,14514,1598,14709,8639,8319,13191
1272,11918,14443,14566,3185,11135,14529,15890,1663,6095,5464,12562,9181,11432,3465,8629,7637,9294,10279,8064
14508,1109,14884,15689,3163,12073,13787,2100,8472,3931,986,11746,13870,10680,7528,8109,4824,2595,1744,2622
14169,904,9369,6265,11352,14530,13887,6731,12629,14897,2934,13649,11954,6613,15088,11209,8082,2424,2880,12461
5379,1283,988,13891,12123,15128,13853,6255,13116,8779,4385,8996,15329,668,760,13512,4614,1420,4869,8452
14719,292,10791,5356,7085,9660,11569,2514,16340,1247,14255,6391,13804,8229,9988,14959,5176,3572,15381,5904
4273,12195,15114,15990,8040,4081,10733,4124,3075,4040,15834,15487,15768,14766,10053,5357,6345,564,15108,14444
12826,14246,13562,5616,5527,7304,4563,706,3068,1963,1504,14919,6405,2313,12683,13818,5967,12065,7735,15309
10254,11083,1106,8559,12366,12902,15107,15205,15782,9185,13387,13796,8975,14456,1853,9250,8744,3265,13340,14099
1091,3010,7332,4921,775,10317,14960,16076,15384,9426,15425,6464,4027,16074,15446,13163,12203,5280,14002,5057
9280,15538,314,15317,9477,4651,5480,8585,7710,13667,12,602,15704,3276,6215,2680,2009,1284,10289,16058
13438,14011,1163,1485,11316,8759,16219,1681,13259,10919,15252,2183,5128,14770,7687,765,1293,3425,15980,12894
13362,8721,12581,4811,8493,11057,2502,9141,8094,11898,11831,14989,3815,13593,6109,15316,6567,12674,9627,9317
13383,13707,14678,4771,3397,1357,14835,3365,14324,1639,6556,14281,14381,13982,1693,7186,3650,9422,11749,3941
14668,6006,15353,9790,13096,2902,12010,13497,42,13499,6353,13505,2129,7889,15653,10760,2780,15415,14075,5247
9345,13677,9746,1620,12042,6984,10468,13910,6946,3801,15133,10633,8155,16082,15004,7640,3485,14494,5286,9706
7368,14205,4951,6910,9554,4364,15671,12913,7555,15035,8833,12545,14998,6673,11647,6837,7924,2521,11494,11143
14426,15196,14593,8860,4289,12541,6486,11438,229,3533,4200,14419,12721,9933,15072,439,108,11052,4497,14359
16202,12367,12351,1958,9002,4618,1635,4265,4967,14491,13621,11419,5197,9626,6458,7910,14503,8330,15024,13042
12163,9614,9065,14365,15470,5862,8828,3921,3634,1064,12118,15432,12479,16354,4212,162,3305,3186,10850,12644
324,5612,7136,16112,968,12560,6382,11729,12370,1050,12504,14037,11499,13720,6057,1841,6785,6960,3910,3785
4389,9188,3980,98,6796,16095,13805,12418,134,4399,1170,14760,7283,15735,3241,4381,12767,16264,4923,3537
8238,10391,76,1684,4447,2906,7722,6590,12948,4871,14432,8897,3127,13656,14238,7792,15278,2101,9668,6483
4111,14724,16216,2688,3043,1520,2334,14513,5373,6730,7291,6598,4925,3820,16220,5047,14336,3049,10421,203
6110,2263,6374,288,5056,5538,14242,11937,12761,12274,6577,11824,201,8138,5730,14920,12847,8646,7171,2974
6390,4731,8210,1239,5336,9296,14654,6773,13200,1911,13710,6060,13973,2806,11225,14807,12492,10532,588,597
16006,14802,10069,4513,43,10749,5097,2657,6516,13953,9830,12632,9508,2870,3038,15687,6435,11550,3915,11929
16274,2810,11886,13467,15868,10597,13349,15041,13150,14636,12878,5144,7566,16269,4525,15081,5344,8968,11573,10685
13595,68,13474,12157,3510,3602,9419,735,13006,15975,1463,13046,2677,11131,9541,14418,15327,6418,15508,2203
7894,14083,10872,2411,10655,1184,11154,441,630,12641,12990,15375,1209,3275,10232,3639,12989,6644,9267,963
7004,12670,12407,6615,14515,9244,10068,10983,120,3574,3331,3183,14006,113,9620,7330,3614,10573,5478,6224
12034,4358,6893,4472,4418,15101,6947,15007,1273,16136,621,15195,6077,1185,4535,15373,741,6961,2273,1742
9061,1401,3746,2208,1828,15192,12018,8638,4344,8473,3993,5595,15129,1048,15030,7815,13341,10575,3475,4410
6292,1063,3258,3528,13659,15998,3489,15920,10305,14226,6964,10613,12776,15525,6082,2040,9042,9115,6115,6479
3457,4318,3944,11900,4241,4736,4760,13083,8777,15241,9029,15456,7874,11420,807,11459,7258,11317,9985,7931
9309,318,27,10,4146,15716,2539,15734,15466,11023,11351,372,9725,9248,8541,8961,12092,15777,10991,6782
13532,181,4450,14660,10012,5329,6824,24,8405,13462,10268,11313,11863,5525,2113,15600,15948,13469,7849,1618
10290,7938,10664,6323,1123,8087,2490,410,861,4981,7923,7757,2619,1918,15414,1557,14067,14946,13672,9817
8540,158,6399,10759,13689,1464,13129,14814,12689,4375,402,5086,9574,611,7426,6027,8185,5328,8086,15769
5451,13851,242,13476,740,10315,2086,11258,3145,13215,6600,16025,12031,15045,12207,14631,8770,1732,6940,7227
141,11811,4948,10400,592,14827,12352,8995,8239,12391,1604,14808,8949,2818,13156,10330,15433,14810,15172,6987
6919,14880,11451,258,14565,6505,6380,1897,2966,6696,409,5283,15800,15174,374,16236,6371,2215,15472,11285
6909,7446,12955,12774,13748,12908,10891,2362,321,4345,16324,11860,14376,16106,14562,4625,4953,8466,7089,1670
1407,4825,9989,1270,137,13759,11723,15503,5413,14640,3722,1521,15217,2839,13913,4795,6605,16213,6517,15649
10963,806,2073,14830,10860,11017,474,9606,13989,1533,8432,5720,1346,2196,13224,8904,13738,9249,484,15523
14679,15672,6141,8667,303,196,3731,5890,10325,14357,8137,1990,12039,3285,1726,11731,8014,4527,10084,9476
10452,10114,1415,16184,9546,12450,11589,9655,15242,8910,4880,10529,16197,15304,8315,9376,9257,1242,15786,13238
4134,10231,7656,12045,7871,14750,14552,723,11161,14561,12758,15744,11930,3743,13055,5443,13969,5680,14329,6771
35,11082,2551,7300,3019,3032,6507,7308,275,9981,8160,4122,7033,5408,10128,14896,9811,11733,2277,16005
10682,10210,15263,13763,4377,10947,6154,11280,7543,16158,1796,569,11224,10569,629,8362,6142,12912,8863,301
4982,11252,15531,3882,4306,463,4907,3954,8194,13403,2312,7140,13931,13270,15077,10671,13446,14038,6643,13088
2648,3565,14670,12748,1833,8417,14399,16240,10555,587,1654,1864,7394,2456,5167,3009,7273,13275,3244,3148
4690,10090,11999,6352,3407,1507,1130,10035,4872,1332,13807,6450,4171,1741,811,7264,4896,6102,6705,15846
14996,10415,6489,11519,14598,15581,8013,8687,11542,464,7836,14406,6037,6202,11236,12814,1972,16042,4603,15717
12653,128,8034,5762,15460,15389,6810,13504,9457,2703,13854,7933,11295,7892,2867,14744,5032,13515,4205,15515
13746,8558,4960,14022,599,9686,10466,7475,13798,2709,8751,8913,6236,15899,14069,1031,3034,13716,10932,13925
1842,3759,8761,15471,13357,9488,615,1471,13291,15190,6282,584,5473,5640,7068,6031,7774,15154,14385,4261
4024,13564,14433,8764,715,14963,8972,15978,5134,9840,204,7305,4675,4778,1992,6263,1174,6426,10240,15301
7327,13452,4868,3611,13262,7029,845,12857,1553,1496,14569,8275,5672,16297,1716,13871,7200,4221,14518,4575
8631,9156,2260,9788,10397,9844,8506,10510,14548,6124,8149,8489,3981,11883,15637,13703,5394,13172,15500,5687
7743,12304,6437,85,166,14222,5664,14185,13800,6619,13923,2022,16059,12482,5466,11442,5860,3433,3283,15893
15319,5796,14502,15265,13812,3150,12995,1012,14392,3534,4420,8659,11203,290,3550,7845,10464,1110,521,12944
13599,10973,1889,12611,7176,11644,11956,10832,6192,841,11068,6549,13766,1382,5407,3541,10742,7017,7796,1735
4167,8457,3761,14166,10173,11904,4887,11481,11008,15960,14618,5670,4503,13685,7468,8074,10661,11914,1066,10986
3689,14296,14583,3662,8682,9287,8353,14219,16275,1884,1302,5726,5691,14732,12179,2011,9117,8665,11561,7500
14313,1070,12459,1605,15570,4843,15956,5376,14136,11087,3617,15498,1607,5314,4147,901,1132,11255,8366,13404
5909,10982,6506,5503,3310,12212,13095,3401,6080,651,6789,1131,7563,14882,712,4897,1567,5279,11503,15534
11945,5273,9339,1502,15903,13607,13359,2217,4405,8879,12534,1563,10088,2027,8355,12668,15737,11182,2573,695
2012,11163,14060,7173,9341,250,13292,7015,5426,12122,10495,2850,2132,8389,1305,2389,2492,10224,4518,13713
4354,2055,1863,13729,15103,9474,15733,346,9967,2394,15797,15986,9928,7539,14438,3514,5618,7877,4250,9126
6268,10914,12647,12781,9714,6788,4654,4071,2060,6478,5055,13263,8090,5062,7135,4740,14025,5013,7807,9021
8748,3130,2512,1140,5745,13886,1023,9529,8056,8167,9968,5559,15652,8047,7204,14182,930,13730,8806,3994
14899,5319,447,14560,10275,8797,7888,1255,10034,14696,15594,9828,7824,8620,6821,4404,7572,14564,7391,4290
3938,9667,12526,390,8016,4298,273,9284,6914,2135,12151,15418,6177,3554,11753,10401,12260,5087,6283,14315
13482,9197,9849,12699,13250,9329,5371,7367,12436,5505,4160,13774,13830,15326,13789,14734,1286,10523,8119,9043
6117,15044,15292,5861,5010,14353,2314,3969,14345,11283,14081,5663,13155,14797,11189,4727,13912,3354,16174,4632
4523,6342,1666,6114,9778,10921,15530,11936,870,13330,1887,5666,9891,12361,12833,8298,14852,4676,1001,2895
6423,1359,15473,10326,15702,3039,13740,2069,15859,8340,1868,13732,11592,11946,9099,3118,13863,8502,6801,3962
1015,6392,12306,1263,1092,8133,1215,1153,12697,7613,13895,3014,8653,2067,16051,1192,10274,16048,2759,9405
2351,16363,13169,5623,102,6143,11222,4350,1433,6648,8212,5184,2727,11101,10375,9821,1354,4913,7848,4210
7702,14202,3377,10636,16349,11502,2529,13750,11506,16091,16215,7134,12799,6642,11828,10922,1564,13422,14871,5300
15175,5452,2269,7627,13266,14350,8936,716,11304,1519,8367,4360,14586,10981,11302,660,1060,1499,888,9944
10339,4454,11885,14240,5200,856,183,2655,6308,2143,5848,4713,14257,342,9860,6614,9509,3839,8345,3430
14619,8792,11028,3160,14374,10041,12520,16329,9722,8072,14344,16126,219,4032,6472,9947,13050,10792,1600,12531
8346,13540,14093,12469,13309,93,16365,6591,14657,782,16153,2751,12084,14842,11045,13924,1105,15144,15091,14906
7275,11134,13980,10051,9008,10574,10856,5045,14683,4179,7529,2050,8655,16075,12914,8039,13999,4501,8820,4479
14662,10153,13104,14316,2035,16335,733,14867,1188,6321,9666,13605,2112,1009,3437,2675,14039,14252,11102,2760
15886,7406,5258,3548,13298,15279,5679,13981,11516,11369,101,10798,4314,11001,15650,7412,16123,4148,9551,6209
13622,8241,3245,8769,5468,7074,8793,3428,13353,15481,15065,6221,10540,4806,1456,16255,872,8492,13776,4427
4351,6846,10539,11041,16311,14979,4931,9903,15445,5264,2600,14065,1075,16169,10543,16031,2752,1449,4313,6188
286,16298,6056,4301,16325,12150,15691,2089,4591,6174,8375,15760,10292,7830,14153,14999,14942,3111,8594,1876
13144,8186,4998,14527,14905,10783,14741,6484,10146,13152,4494,669,7141,3281,5764,1934,11391,10602,8334,10779
8662,2317,8950,8717,3702,8161,14111,7712,16201,9393,8017,9234,16312,16166,6264,16239,3563,1361,10183,14694
15162,7514,16182,10849,12798,418,6862,14840,7065,1705,13185,12797,10864,11005,2561,7164,15541,653,1845,15014
1390,9269,7287,8117,4935,4860,12558,1295,14585,11916,4848,12943,14877,4008,9607,13547,6150,12202,12823,13780
15244,6585,13879,12998,12226,11495,4363,12988,6768,14317,2034,3487,15371,4718,7481,15075,15409,15577,5296,5434
4631,14940,8986,2696,4106,14964,7813,2479,6553,7301,12419,8246,14009,14768,4573,941,10357,3382,12374,3314
6689,3523,7684,103,11184,9217,6908,2333,14029,7681,173,3429,9445,12147,17,8136,1251,1797,2315,3933
9413,11613,14904,9601,2746,2373,5992,5760,15589,12051,1342,1358,15260,5051,3850,9648,2320,509,6030,16171
9880,5192,3597,5103,15679,4470,838,9750,15792,6922,6430,10334,7346,1441,6820,178,6093,15758,14040,15161
5793,14179,51,2489,15655,1978,6850,8373,6737,788,10793,15938,14164,502,6697,1843,2848,5043,9528,10457
5024,10206,12716,2996,15322,7791,8937,8162,1764,707,15827,9119,1782,13342,1683,13013,15925,15572,12069,10683
12951,6891,4915,5536,9305,16052,10821,10376,5643,12401,7373,14832,4281,5635,1190,14163,7160,14587,2624,12138
5316,15349,8028,500,13584,7851,6672,14291,11276,14472,1650,9047,5919,6522,14584,13206,14543,3808,5825,16016
361,12356,10589,3859,15405,5591,13501,6852,14375,10132,10066,15372,12633,12049,566,4952,7571,7145,1373,2191
553,4180,14541,7873,14119,8276,12219,12004,2701,15969,731,2372,2387,9940,2287,12211,5590,6703,15245,14925
5463,11155,12198,9321,13890,16175,11308,12285,9245,5188,15441,14938,14005,6813,15700,7092,5011,8523,10866,745
13209,576,15461,15807,14703,10786,2025,2933,3896,9404,8393,9225,5576,2715,6932,11819,194,6310,5656,15873
6189,12964,15809,6955,13733,12331,15984,9135,2170,213,1477,7852,3017,10764,9675,5295,16161,10920,3350,6460
7721,8984,9924,5667,15784,3872,2031,11148,3289,2711,10082,12966,15386,2942,1658,10157,4920,10417,12873,11682
4052,7415,5201,1177,769,11730,7233,14181,15452,7007,8781,6074,13815,10378,16225,12974,8371,2450,16129,1351
12669,9190,4203,14795,13838,11332,15532,5025,8824,10847,360,1777,15719,2565,2127,16073,16345,4553,7485,6936
11466,6719,9014,1826,1910,3105,13459,2460,3159,8940,5723,1155,12395,8643,10498,14928,12262,2070,4845,8689
3420,1350,8983,14924,9051,4630,16096,5022,15965,3491,1260,7741,10301,8846,12577,1452,14363,8700,1453,11229
6482,4403,10446,12083,12221,9316,15558,2084,5790,16060,5127,3959,4660,11231,6841,1823,4548,4756,4856,10876
14192,4077,10748,15796,7349,14250,9643,6122,193,14080,7105,14783,16090,9577,5048,12500,11711,8691,7479,6475
5166,10976,5486,9456,37,12858,2704,14148,6754,10874,843,8521,5646,9591,15773,10799,3616,7760,211,4155
308,13705,6849,302,5881,7509,8264,7538,5112,14690,3179,4258,12293,6441,9265,14591,699,4659,7697,3819
1004,12449,4186,9553,15082,10609,10091,11527,4816,434,739,8730,5150,14311,16009,6339,11272,6897,11985,8132
13063,9579,3767,10734,4031,9633,14970,13762,12324,4938,14133,862,11261,8152,929,14448,4521,923,11048,11666
12508,14224,1653,14681,6038,3592,197,11500,1739,3940,13885,12813,3325,10722,3072,6865,11157,2544,2091,6645
11282,7674,1511,15701,4018,4116,5681,10152,568,3236,4787,12924,9559,15680,4096,14154,13579,13260,12733,1101
3797,14158,14331,8801,5002,9534,14101,4959,2416,1765,13062,2708,2301,2182,14293,9146,6161,11548,13530,6761
5262,13375,1404,3748,495,379,1122,10405,6071,15554,9121,1303,12657,10987,12422,14214,13475,11968,13017,7002
9005,11125,3235,13821,15776,13594,8309,10203,9194,15753,8517,15173,12923,9499,6403,12888,15476,9228,672,11006
12890,12313,9905,2739,7999,11630,12638,11577,2805,7617,2747,5542,15098,195,14132,6565,16178,3250,8081,10725
8077,8269,13134,3161,13536,6874,10050,11939,10162,6804,7342,7694,9178,15839,13431,1039,159,16007,13231,13793
14555,9539,6025,9902,7114,7034,8566,14409,4977,16057,13363,4820,6544,15111,2211,15248,6064,8602,9868,2647
13444,14848,8970,11294,6073,1859,1265,12110,15557,5196,837,563,6580,8420,13880,971,13470,10366,15337,8139
7525,7884,3387,6525,13183,16130,3888,6279,10490,9327,14700,4054,10014,2149,126,10526,2901,7728,11446,2505
12137,4390,11336,15043,13102,8812,15150,2941,16094,3699,34,4792,3070,13435,1277,11626,14201,4809,11654,16128
8085,6331,7946,5003,7483,1812,5214,7730,15823,15936,13570,4656,10361,11793,6213,9089,10149,6140,5352,14901
3511,14892,5287,9511,3499,14469,6285,9037,12493,8308,13534,6334,3201,15176,15636,7022,15539,15611,3532,13502
10980,14186,7282,984,15597,15362,7856,16250,9058,15398,8184,13674,15764,5821,5227,950,3522,8512,15633,11073
10595,9040,8615,10787,15467,14235,6358,13634,1473,163,8708,2843,4613,11333,12837,14847,1673,1022,955,12148
10645,16286,6694,7732,4225,8636,14278,10985,7704,14633,11344,5719,12199,15216,14774,4448,10611,6349,9813,13187
10879,11360,246,15276,15770,3246,9815,13078,1229,15306,10009,1789,10458,2414,10740,10592,468,15501,9564,9038
6958,12081,2406,9349,15588,8723,4761,1056,4594,14318,13249,14403,10333,14189,14074,13958,9168,4609,15063,15170
4492,13109,15430,10475,5930,15005,9034,11288,14126,9676,497,6767,8787,8894,14138,15536,8448,13609,9584,8262
9596,10723,7754,10312,4964,9233,9713,8463,7358,8740,10169,11562,6359,16056,13417,15876,11117,6595,2944,697
14397,1840,13322,16260,6183,16111,13669,14616,10997,14948,5920,11370,10073,4239,11456,5030,11032,9710,516,11913
5662,11498,11212,9131,14415,14031,1442,12442,7132,6206,4207,13425,13833,15916,16287,6815,624,6726,10451,2710
14997,8114,1490,6463,9395,5211,13974,15180,12565,4622,4485,15870,4483,11554,1460,14622,3932,9069,10439,15686
9877,13471,4857,3231,12140,15308,14698,2855,7455,5865,7579,7142,4862,8450,1687,2425,6927,536,2102,15397
8532,604,12284,6493,2520,15527,4092,15844,7906,482,2796,10979,4797,3988,15229,12194,7512,10998,10374,4945
3786,15609,13848,14511,10185,10118,7437,16148,2511,1142,7313,3949,2427,456,5174,3408,6288,13488,8930,3721
7232,15320,6723,515,3779,4552,13590,11348,10971,4260,14917,6535,3804,11036,5556,15731,405,12463,2051,6257
9544,6610,13428,8377,13808,2601,10239,917,7062,15699,8607,9782,7638,3690,1384,15352,13049,14990,670,15881
7953,7386,8204,6888,13143,15490,2291,4604,7897,6809,13059,5488,6277,6084,12205,9907,10840,7959,375,5963
2385,13310,12910,5250,7265,345,15499,12432,12158,11127,12546,12860,10159,8868,11170,7846,10678,8279,12246,15591
15772,5092,15259,6434,11246,15617,13389,728,378,7001,12067,7167,4242,6616,2986,11150,152,9048,6453,4277
3692,13994,610,12290,1,2538,3373,12663,8350,9340,4976,9859,16353,6034,6162,15086,15243,5439,15401,4697
2045,9814,2509,8918,7055,11853,3413,6747,10371,881,3964,1396,4520,15781,13039,14823,6041,5721,11177,16339
230,5412,6068,5857,13168,6338,3495,14921,11074,6759,2526,12005,6926,6182,9589,11401,11214,15628,7893,8569
8317,3345,16032,6432,9004,10426,1869,2038,7618,6668,11368,11889,10990,15399,493,12864,6383,2033,14195,16186
14682,11078,16254,4882,94,16138,15479,3462,10386,13846,9875,1707,5028,3734,2173,4588,15491,4805,13480,6111
5108,9337,2395,6526,2117,12564,12232,10381,3579,5489,8418,3368,3254,12625,6981,11938,4546,12572,7518,6121
542,11398,4300,1454,3861,6886,13281,13036,1802,1033,1800,7008,10483,12765,8816,14779,13131,6487,7209,1330
5870,14775,2458,8507,12869,7917,10916,12961,49,12677,1960,3372,16030,2255,14091,6474,12119,1542,8763,7439
16119,1587,231,9357,9753,6661,5304,13660,9575,1589,2555,12353,12749,8611,10190,10379,1849,9010,11910,6062
13756,2328,758,9796,8537,5600,11933,5712,8331,790,187,12862,2705,3543,1677,2596,3202,8688,10086,3961
8617,9130,10048,12498,9054,10590,1353,14343,1973,13457,13136,9364,6666,7193,10673,3050,2889,5069,11823,11496
13085,14684,5105,8628,936,8163,9929,9196,1894,3703,4020,6462,1688,13922,591,10881,13227,3067,5737,45
11375,1223,9282,5747,622,14978,7451,12557,8553,5843,3090,10894,238,1166,16330,5949,12377,10171,8044,5074
15388,226,948,9026,5566,8582,11884,2265,13328,7048,10215,15480,1334,4240,1790,3569,8211,15742,2341,12101
8243,2603,1609,16356,15983,14108,635,5968,14098,13866,15475,14731,5842,4263,4338,12516,14263,11995,6563,15010
2398,10480,15831,6059,13850,11958,1920,13048,7559,12185,9755,11018,15833,15670,3478,7348,1028,11322,15814,15012
4672,15665,12800,12030,9930,6452,15156,14193,7296,125,13700,16139,14160,15350,15848,8178,7331,9999,10341,9766
876,10295,4800,156,4437,743,5835,4297,12197,15505,6377,11538,1318,7402,10618,9986,4685,2393,8608,7612
2171,9889,12796,11024,11935,1482,5891,1268,8668,12608,11284,8831,985,7686,5020,15902,228,15516,7131,3479
8042,12112,880,14958,2571,3317,10211,774,4023,1288,14597,15974,9619,8397,2420,5722,10004,8876,7433,531
13290,9169,5997,12371,15880,80,16242,54,7742,5410,15656,12838,2763,7298,12603,7847,15780,2271,12822,3701
10019,13742,12682,132,5307,11107,10841,8320,8073,8084,12891,9114,1721,6978,4734,5585,11521,8834,1206,9298
7993,6246,3436,6372,10797,2923,6823,7716,12958,1928,15754,5143,9444,7051,3930,14417,3228,3279,12454,5563
14661,14474,2381,3418,5863,10138,652,7339,8361,1545,9976,14692,9586,6542,14150,10954,12648,15830,13662,4629
4370,15504,11652,6191,7558,15403,4037,222,997,12947,9272,7413,3316,5384,1493,4746,9011,6449,3126,12755
10823,13646,15664,9365,13103,15895,14386,3947,14535,7855,11309,11808,14930,9203,13066,4885,1074,14125,12969,13915
13306,9625,9865,12099,10102,10724,13374,13957,6212,7012,8782,11232,2382,14893,387,10536,7936,4197,8994,10172
4397,7768,8271,3934,2994,6145,11,14596,15923,12075,14813,117,13845,5390,14914,873,430,16306,7104,144
14,9734,6046,6211,11139,15788,77,5954,12292,11850,8283,12527,8245,8814,10995,9836,15112,3560,3950,14984
15882,9137,633,6706,3615,15832,8753,11857,16020,6013,7753,5278,7108,13161,5246,7610,16173,10213,10430,1844
15281,11761,15706,10281,1818,898,6131,3349,13493,7535,14834,118,7396,2929,15489,2897,3363,12060,13012,839
10865,6386,2861,9055,7940,12932,9910,5141,13761,13929,2210,11463,7409,3230,2922,2899,3576,3015,147,3352
15448,12579,4053,13717,9636,1191,3020,1724,9263,12694,15918,6581,13825,15354,1480,8124,14592,6828,512,14833
15261,15444,9952,5018,4144,12404,9450,9111,15390,6254,2585,3195,4688,2702,10423,681,4732,1723,6319,5119
15794,10293,29,13736,6446,16374,10948,4758,7400,5742,9639,12058,2484,1529,10721,1717,6262,15840,9324,2238
4061,16108,10380,5809,14184,12237,6176,1691,6716,10833,8657,10646,11735,5364,12818,11039,12188,3675,1207,7654
7609,11784,5222,8902,5832,10946,11062,10651,7863,1016,10816,8150,11129,12416,14794,13126,13436,6370,14752,14055
8164,6316,2873,7773,3467,3854,10027,14873,14975,3054,15842,13019,12993,9192,3831,4039,8449,13272,8427,8835
7321,9951,10556,12573,14965,4138,6639,3023,4436,1349,10448,5121,15113,969,14058,16244,3549,12709,1550,10600
2630,9502,12649,612,8385,10893,12700,4705,13397,331,1532,7363,14460,7989,8338,504,7592,2218,4339,9242
12738,15060,8724,7252,10422,14199,7057,1112,4247,7761,4303,713,12602,10509,1339,10286,13484,10207,14737,10390
8107,11677,15509,13676,7879,397,10318,10660,9424,8883,3351,3471,4701,7340,4044,14465,818,4072,8029,3238
5551,1005,13639,240,3843,1019,9322,9609,3516,10516,13693,13687,7802,6104,4459,1233,15117,11190,12911,9060
6521,15080,16233,12299,4560,5240,11947,5219,14891,2286,16150,12511,3866,11183,12801,4438,15565,7756,8451,2371
4050,16246,15684,15865,822,3694,15852,5053,5159,16092,9292,7410,6683,2672,11461,13739,15215,2322,7522,4954
10057,15586,6857,2246,1891,2019,13569,13682,1912,9521,9304,15396,13105,9769,12077,15224,5911,5795,16035,15262
7527,11218,9855,15867,16303,11751,13899,11477,12506,5339,12628,6663,13461,11590,1709,1896,11932,535,5869,15019
12001,2375,7932,12843,14097,9310,2216,15927,9332,1098,2792,8233,7626,14947,14104,12165,890,1416,15038,9597
10639,10752,11797,2983,11457,7990,12430,12337,7799,1690,6805,10332,15605,6232,6286,6881,59,13237,12788,5347
3203,10406,9763,3167,9881,1467,14378,13199,9118,12247,6134,2151,12640,7870,7359,14780,6009,15891,3612,5191
8862,7093,322,11293,16141,2964,5540,11427,10255,16069,14322,3021,15697,16097,6982,4491,7207,3787,14505,5876
386,7758,9020,12209,6197,4874,2854,3883,5659,11907,10665,11987,6877,5665,13864,5303,6210,7698,8575,55
2690,11532,13520,8650,5479,3737,6186,10824,13918,15033,7128,12901,12467,12343,2448,12201,4088,12175,3386,2380
4475,3825,8971,8053,11195,10038,3646,10854,7838,13955,2990,13711,14145,4822,15344,1315,5081,9898,5765,7361
384,13628,2965,4891,7593,6043,5724,4888,2455,5558,12180,9916,3330,6825,10754,4334,7965,14051,12109,4650
10077,779,12052,16193,33,1369,16145,13565,10806,11286,8063,16033,11849,15484,13773,14645,10953,1509,14579,9308
