2605,15242,951,165,12215,2318,3201,8623,4606,1491,11874,4032,1660,954,8211,1023,8034,11076,1175,13613
4322,5034,107,11720,2002,4223,8064,12330,1039,4334,8726,13583,8271,3215,8283,8926,2446,6351,1265,11159
3308,8237,3514,8134,4825,15535,13903,14605,5530,4255,13510,5823,1902,7384,9159,7741,3569,658,7352,6362
1248,12523,1679,8334,15784,840,13140,3767,3345,12045,5301,5560,11054,10605,3100,3746,13053,15364,2678,15555
1656,13466,13255,8918,462,2443,15877,6772,11945,198,14422,8432,3196,438,4026,5327,15003,1466,14417,1784
6864,4719,11612,6289,15581,2516,4664,1808,11466,1514,4008,7029,15710,738,10705,10071,12150,2400,12533,5171
7169,4155,195,6637,5042,6770,11203,9456,12708,1338,5172,726,4448,10570,4020,3701,6062,9648,1193,13652
90,12253,937,10793,6515,11801,12359,5500,6176,5317,9845,2767,10648,3847,1750,7209,8959,8340,11905,1867
2670,9075,6678,12231,10571,4627,8311,10441,4452,13094,14455,3064,9440,10499,14137,15371,10748,9804,5587,7651
1375,2994,9225,7807,6578,15406,3608,14698,1101,12868,1451,578,12519,7494,1109,6374,15094,2467,8538,12509
7249,5689,4243,1594,6358,1467,8046,6861,16153,11249,8990,9702,7141,9356,4370,7217,1406,6192,911,932
4457,9742,6393,8356,13024,5153,8069,7794,12615,5438,10581,2806,1478,9885,2380,10840,12345,14468,5032,3332
9144,10556,15265,1205,12899,6742,9032,10771,10638,14300,2862,12756,7586,9469,13176,842,143,8911,3399,12274
12495,7564,4276,4132,13088,3442,2505,10126,9974,428,15969,1016,6997,13441,1439,1564,15642,15515,10990,13567
8827,145,15675,8343,1047,8976,2444,8516,15346,820,10898,2230,9221,3110,10042,11856,11880,9852,10465,1819
8975,15768,1422,2621,6378,11149,14622,12704,14258,7505,1959,5265,15620,249,8970,4399,6298,10054,12689,6568
15280,15576,8275,16239,1253,3220,5571,10957,4632,8894,5141,7077,1980,5356,13575,7501,6039,4943,1210,480
13593,3418,11645,1513,1056,3454,4244,10856,5250,7958,7890,10872,664,2000,7397,5004,8019,2744,6533,5922
14853,2798,1955,13508,5968,5650,3130,3050,5077,13954,862,9541,649,8669,2403,1550,4844,3094,8453,10855
13691,13215,2583,16122,1697,7103,11957,9327,12199,12671,9482,15633,337,2468,2709,6834,5137,5305,4532,405
11609,4744,6063,8852,648,5145,11343,3048,13602,1458,12600,5477,4994,4349,5592,13059,618,1936,10389,13653
10242,2066,9084,1999,4592,385,1232,208,4299,12026,9749,7157,15583,1951,6139,10949,16299,8840,14686,4388
15029,15246,14878,2596,2800,14989,4196,8945,2202,10664,11894,11867,1179,15070,12228,2791,5554,6909,14005,7594
3681,10436,3142,7281,12564,11850,6019,10827,10821,4054,7218,2406,6665,15173,9487,9461,12,5828,7042,2457
1011,5913,537,14247,16233,12370,3815,12624,1298,1070,1009,2053,529,3678,2281,952,14720,4392,8377,15103
13828,1973,5184,10285,14786,747,11534,2578,11424,11102,9384,10038,7172,15904,14007,9870,4565,14835,13615,3119
1528,8315,12973,4218,9180,3661,4353,8251,9672,8576,7675,7747,9249,6486,1492,9325,5785,11732,4597,7878
5293,1855,3664,9980,7842,451,8250,14569,12703,4765,4156,2420,14899,15946,14609,8851,6880,10549,15397,5643
5283,9236,2686,8164,13107,1243,10729,12451,11806,2830,4629,4678,4559,6259,8170,8860,9988,12686,5646,14739
7037,12736,3327,5565,3512,4120,4321,7543,11008,2785,6808,9991,2043,7542,9976,12463,12754,5876,5178,8098
7979,10890,15815,1857,2379,1666,11904,15039,7306,12029,14517,2271,16316,7436,1506,10361,7996,14702,6541,3030
10105,2988,6727,6558,10358,6468,2752,15858,8910,3469,15335,11025,3062,5084,10021,7405,8943,8498,5206,12182
3976,6592,12480,13453,6942,5567,7421,2881,9213,13947,13283,11344,7600,14397,881,6029,9625,3307,10951,8602
6154,4667,13734,2542,1761,10559,3694,2282,9519,8769,16349,3405,15840,12985,10704,2920,3771,141,3845,13198
2067,985,12354,9484,13979,5185,16346,11872,11974,11697,1119,16359,13906,14556,796,1126,6740,3452,15720,7292
15403,14051,289,3296,10013,11440,4250,12644,2719,9615,16358,1137,12663,981,9813,13042,2912,2565,5989,3578
4521,13357,12698,11915,13858,10912,7527,12735,2529,2102,12159,12382,1748,13143,3605,8362,10307,15348,2567,1278
14596,3042,7105,5855,16344,9920,6127,835,248,12475,12208,667,7364,4799,14936,6132,9727,2816,13713,7348
4056,1446,1806,11972,1444,5921,4941,8359,7307,11585,2055,11244,2755,11268,15214,1484,6293,2322,878,2575
696,7160,5423,6407,14927,14351,2243,14790,3433,4582,7881,8960,14295,6387,3478,15824,13895,7800,9218,10310
13914,10053,891,6373,8317,1830,1699,9222,10414,12459,12988,5607,1688,268,7598,3451,7883,5676,3390,1145
1280,2008,8757,8124,11100,12136,8546,13340,13041,11762,5461,11442,1766,11350,6034,3791,5706,16045,6000,1080
9994,2297,6901,5800,2183,3159,10396,192,2349,59,12609,3232,12075,1340,4285,9632,9098,10986,13363,4072
6872,12945,15562,5932,1706,1944,7223,14887,1111,15065,7443,5488,14191,825,15521,5721,15947,4271,11342,2681
4131,12311,3712,2453,4234,3326,11651,958,1685,10335,15817,2307,9038,8730,5625,14600,1292,1899,9182,11764
6902,2487,3068,13301,11057,12293,3736,2837,10312,7731,4439,4385,5987,542,11500,6151,7536,6332,2842,5849
14734,8569,14893,5910,9745,1638,14840,2007,10176,15607,10568,2619,4741,926,15953,6111,9606,12058,14665,9287
3052,5096,10781,12148,14256,9301,4141,3705,3027,2373,6791,11692,11467,5585,12319,5331,1287,14768,5962,3214
1675,8209,11391,12414,12244,2086,16226,10249,12076,5231,562,4115,11291,10279,11247,3904,7652,3012,15597,8647
8462,3370,6086,4886,304,15434,14188,10531,2617,4987,1461,11629,2652,1127,10623,11015,10260,4670,8247,10284
14904,10334,4831,7445,7606,294,12117,13983,2221,4711,5174,12442,2493,16357,2942,14407,1803,7431,15933,7919
3591,1834,4566,8178,3179,13271,12546,11885,5017,15492,6217,3182,13243,2255,2571,11502,2360,7553,7438,10783
5979,10322,8048,9775,226,13157,929,3222,2331,4475,5516,76,10988,8091,14337,11759,774,13629,4422,10820
2754,9305,10516,14041,3500,11134,14683,9248,7857,2014,3102,2189,3223,1575,8435,97,10150,12254,6577,16067
10742,6989,806,13867,2804,8249,14229,2718,11938,12091,4047,6230,8155,7449,14780,9932,3297,9757,1546,2431
2916,8751,9924,11217,3146,1676,8172,1711,4462,1790,10420,2436,14908,11113,14112,2970,8158,4971,11990,4821
5243,9532,12411,3627,11813,1218,3277,13522,11719,10972,6960,1829,5066,6927,8205,9928,1956,11960,15507,11171
1753,3580,7484,15234,909,10000,13657,11148,15409,5022,4064,6164,8873,4328,4109,4841,3184,2807,5296,8785
9886,9582,8041,9605,10379,3334,499,11245,7131,10186,10734,11221,6409,3432,14954,3838,8439,8592,10885,1578
6915,12185,7548,15643,2404,15943,14272,11933,2231,13051,1357,11535,10220,131,3582,16362,8323,12040,585,2803
6605,10859,6493,5370,15132,8037,5520,9285,8132,5374,4158,7374,9380,8693,244,3360,11280,6088,7109,14722
8522,7139,10480,445,5402,4046,13736,2489,9201,10005,14726,567,13270,6399,12667,10463,407,5864,6116,6233
4005,7812,9748,4199,2969,877,6479,8459,8709,13379,7336,12887,11994,10624,4734,7759,10237,2001,15508,8997
6025,3517,2569,15907,8536,7089,15405,14215,2917,7308,1498,5139,4552,2447,5297,10714,9559,6280,9394,12405
10106,11953,1962,9981,9306,10884,7591,9746,11805,5688,4992,2580,800,3207,10710,3381,2164,8802,1315,9328
1261,2290,8509,8327,11684,8608,9548,13956,12350,1641,6412,12525,13154,109,6603,5309,2388,6743,14890,9596
7709,15012,609,5445,16086,3091,9759,4995,2196,13710,8081,4471,7196,9827,7516,13585,2401,6131,6007,6368
6365,16145,12203,12608,11172,5149,3003,12986,5009,10429,9200,12544,9157,599,12456,271,7997,8889,15712,7210
12008,12322,2234,12296,2703,3684,6073,15661,13402,681,13124,7791,5681,11788,750,1824,11158,2599,2151,16072
9826,2283,8570,11136,3013,4662,9860,4735,16171,6457,11267,12174,5591,213,7653,3621,1532,7978,9531,13751
15551,11050,5006,5338,7932,3183,14769,16228,8126,8097,8165,12397,4891,5911,5740,5682,11701,11075,12762,7375
3663,7696,2832,4762,8401,15318,3622,11782,10195,7918,9893,9024,12469,15711,2023,6975,12817,11232,2574,12559
11361,12795,2081,7703,2011,3648,13451,4900,5738,15440,4531,12840,5028,1713,13467,3482,14206,1920,11944,9194
2855,4040,10127,15203,16040,11240,11784,12960,1425,8674,8660,5215,5322,10073,1866,11578,2111,616,2328,6887
8163,15876,9820,11709,5281,7317,597,1621,3372,4117,1222,11594,8443,6570,4834,3725,1260,13805,13392,2475
5098,8557,12656,9065,3742,1770,5749,4473,5224,1943,1147,7095,4294,7441,8324,7167,505,11781,5079,9049
603,12635,9362,8895,4269,12258,2124,15192,1555,6867,12234,13062,6242,4058,12214,4791,14414,4666,9734,5247
3031,2810,14837,11305,16172,16066,3805,4961,4111,13733,11101,11332,4528,1523,10137,2691,1256,3827,191,15083
7547,555,5397,424,13950,15343,5263,33,1698,15362,6635,11662,804,1200,2967,7991,14231,623,6610,4495
11459,8370,4928,2158,1395,11067,4287,6100,14142,4411,14222,2898,3596,8700,4303,12634,12728,4768,4315,338
5737,15950,7792,11599,713,3690,12338,9099,12403,14082,1455,11712,13712,3462,5210,2854,4651,2019,10109,5069
8701,10999,91,8085,1989,1655,9314,14548,8788,1156,13995,9526,5457,5783,4899,10919,5541,3798,12449,6986
1658,15199,14717,9522,9592,2593,7605,4596,11793,3246,4509,4955,5378,12568,5627,5226,13632,8641,5562,7400
1877,7153,13782,9217,13073,11505,15870,12270,7891,3826,511,3782,13796,6005,387,2633,10766,13897,7960,2025
11480,12518,1263,610,9239,1026,10080,12778,15135,9424,190,2135,2209,13863,10717,7799,15144,7617,9106,8899
11992,14651,5598,2584,11393,13931,12420,3292,324,8630,912,14816,10950,13641,13735,10229,9528,13839,2554,4053
14332,359,10128,15112,10267,7716,10562,14186,4885,7988,6159,6875,1551,11969,6282,8144,6565,9999,5953,13566
7513,7467,9590,1712,1841,8500,13892,16013,9778,1793,3423,8183,2536,8103,368,9969,11137,9729,3652,8358
10665,5608,14852,12276,16366,5238,11060,6926,15890,2466,12123,15389,564,3972,633,2572,13229,4763,2343,2104
12445,4626,10495,16190,13085,829,3113,12280,258,5045,6907,12491,8973,5509,5986,7481,15769,159,8352,5156
3205,13047,3901,10829,7034,5380,11916,4488,13119,4614,87,3799,6271,15764,4963,2906,4251,8071,6701,11273
6103,3271,4361,4060,1388,5482,7087,5956,12165,4359,2336,11531,3764,11321,13269,6717,9347,8929,611,12706
7121,12452,2087,6249,4469,1606,15779,10158,1852,931,15619,8978,5746,15674,8380,11429,1481,13352,13225,7424
8204,6537,13681,10684,81,12552,3696,15281,12194,8299,15129,7409,7801,7819,13353,2195,3234,1501,358,15024
6384,2636,325,3840,11368,4493,13842,15352,12717,1572,5013,4778,13194,16224,9792,1891,4927,15965,8678,489
15420,2211,2610,10215,4062,12627,15110,6623,14175,8711,3842,3628,32,10063,8076,1112,8661,6693,1410,8671
6390,5268,11407,10893,1241,12861,6656,10324,16193,2945,7970,9290,7385,16052,13343,14044,5787,6237,1473,3849
624,203,15657,4018,5192,2333,6430,10031,2136,15716,16279,10906,12404,13619,280,5484,5856,11175,7061,8303
284,5367,4807,16372,14902,9355,8122,8386,2515,12726,9587,14227,13561,2190,11150,4094,14234,4170,1221,7732
11228,15820,9399,10138,16085,4985,9395,2047,12651,8363,206,15689,8917,5468,7183,3328,3419,7464,1452,10123
8478,3937,13952,7457,3915,1361,1833,9912,9930,5684,10211,12818,4573,10995,3224,13116,10984,3060,5027,11162
3961,14946,15889,15329,13348,2317,3270,9808,11668,1895,4750,6560,4836,7972,9209,4695,3371,3527,9756,7403
13581,15160,7083,11661,7862,4675,11878,12803,7623,12512,6641,6166,3028,15486,3506,8680,6789,6820,7629,6359
8413,11450,15238,1332,7415,496,9553,1558,15895,13022,2359,10144,16130,8195,4288,13507,7368,10454,2272,14359
7903,9388,11728,5654,1106,10522,6842,6211,2350,4027,4330,10510,2923,4696,5328,9110,16236,16042,15813,13631
15706,12918,5568,2085,8042,7934,8621,4278,14161,9185,8108,6894,7767,7839,14889,4940,4423,5035,14118,16335
8543,5993,15107,2783,4208,5103,36,7096,11857,11083,880,9817,1540,14950,11415,11055,6769,4728,16301,14567
11403,14704,7071,9021,2112,513,8508,15213,4386,9321,9691,7102,5203,7622,9810,3088,15570,4219,1165,7018
2885,6052,1731,6,3073,9423,1185,2827,3198,2262,5947,10659,9857,7948,8346,15339,1284,7959,4918,9076
15322,6397,6938,5976,14775,780,13821,5915,6300,3924,7971,16098,5990,605,5967,10355,9064,8286,14318,1391
9199,7844,11302,4043,13149,2932,1020,10871,15588,2624,7358,11041,1620,9349,13029,8337,3906,7074,8066,16343
12111,8492,3774,13940,5211,8691,6950,11372,8998,2946,6966,15503,8298,5018,8468,10634,79,14268,313,4486
1041,4144,686,11410,3852,13949,10278,11419,9671,2459,2833,2299,10968,14690,8909,1273,4302,8887,14543,755
14865,1619,394,10343,5508,4811,2675,14658,9987,3688,838,12499,4152,5255,214,236,12178,516,8330,8137
1141,15332,252,15810,10613,493,7130,8242,2472,2682,12865,8865,11826,4088,4572,4833,4805,7362,12334,11259
5436,9089,4339,4496,8724,15438,8062,3144,10264,14239,10597,2796,8068,9158,5321,15137,15604,3710,9645,4537
7470,6265,13268,10037,6424,4605,9934,14469,16305,10561,6823,2246,1378,3245,8754,12964,58,8497,7737,2689
6198,367,7473,8408,14959,10987,16334,678,4732,5002,2989,3558,14763,5872,5306,6728,11120,4365,14306,7255
13714,4174,2534,4182,11862,9613,11673,11121,1796,4424,3687,10225,15878,3644,6491,10952,12121,2451,895,15695
15388,8601,9444,671,3609,10732,14907,5884,721,7327,7783,14152,4953,10348,465,15298,11860,4650,11663,9374
238,9263,2958,15435,6726,1716,111,14855,3555,3853,16157,13813,52,1059,12555,13232,360,15696,1878,14863
3209,6977,2015,1048,6459,12880,9243,7585,15023,4100,6650,7735,11258,13142,6735,7097,12566,6959,14392,4845
1097,15453,8533,2991,14029,3367,9915,1511,1356,3166,5966,12364,2664,12306,2722,7664,5709,3346,5332,2440
9721,412,2541,7287,12746,1919,6937,10430,8898,11786,6575,15424,2704,5602,10816,3839,3702,2438,8290,5631
5653,9872,1818,13126,8520,1244,7643,9069,10676,4525,14491,13331,9684,4623,15127,3936,15019,10207,11048,6749
7189,14547,9141,8763,11503,10301,12889,2168,14245,11670,14456,13131,1828,8609,3718,16297,8063,7377,573,2820
4950,5870,7922,13180,7493,8397,1000,2590,4093,13806,12175,15268,14338,3814,14088,4879,14599,879,15489,6778
12441,1457,8800,9169,10927,9417,2962,6647,12786,14130,7075,13537,2559,11521,15442,14802,14097,8051,7627,15831
1214,4050,3269,8454,5848,12263,8193,396,10576,5564,5710,7601,14263,342,10293,14391,12543,4547,8595,3921
5489,4236,15146,2657,9850,4372,13010,16253,13111,3543,7723,15297,1013,12946,5235,4637,5131,452,2778,1928
3465,10382,14526,14280,7134,12998,7280,2006,414,14168,2808,15392,15342,11040,12245,1071,4522,10425,1309,2072
13690,6124,6598,13060,12691,788,5335,8236,11639,3914,9782,15262,1004,4202,828,14765,1240,4176,5052,6498
7761,3818,10416,979,7700,1521,632,11346,12870,14813,12221,10243,1249,2004,9137,2579,9371,13586,3411,4539
4435,15341,14333,2142,10849,2046,8801,8231,2107,10924,6375,6594,4713,11284,14212,11307,6291,12242,3250,11901
2907,6509,14537,253,3673,1593,6893,6212,10836,11288,13671,15616,11383,4306,4282,14687,11667,9604,13412,317
4366,6544,11007,16090,7930,9198,8616,10592,2155,5669,14924,10314,3568,12734,9012,7750,11896,1645,7442,4189
13740,2726,13159,11749,15678,4203,924,15786,551,5903,6247,9951,187,6602,16082,9551,9521,1151,6040,14838
3888,2120,3883,563,700,1995,12766,4668,8254,6526,7146,14067,8919,15660,4756,13244,10696,5478,16348,11776
6138,13178,9701,14261,10992,5065,2469,6877,15593,4842,13969,5558,6175,1529,14969,13175,3468,14364,4733,1196
10477,5067,3919,12362,14172,10689,6593,10738,5940,10813,13383,7286,1128,5955,8073,6214,15047,4029,8862,10119
5605,5177,2524,14117,8915,5220,12971,16095,1672,12859,8858,7500,11387,13424,10366,10395,13055,14917,6324,11396
3342,15980,3421,14376,3356,12095,8950,847,9666,3872,3695,10598,2902,7679,14812,12267,8391,14437,950,46
7676,16119,2279,16244,6433,1950,4578,5033,6085,3755,3584,6200,7808,7266,16011,854,8535,1036,7341,14637
9131,12921,1405,3545,10300,12427,10715,1896,15139,15116,3242,6917,3358,4418,13799,15811,1333,4860,15235,9771
15413,2528,1024,4652,5393,15532,4013,4443,1382,13715,11855,6994,72,11844,13427,7265,14809,10406,7035,9660
5398,12384,4726,3401,3106,9884,10081,889,9428,1760,14260,12102,15426,1132,5777,10223,14498,2566,3429,3069
15275,7667,4923,8166,7135,201,15227,3926,1826,4485,4360,15454,5229,10486,8735,12886,15387,3378,3649,5711
3350,9220,7531,10609,4980,687,13646,14401,9375,4583,2356,15058,3336,16180,14165,15634,3085,9434,6566,8017
8575,4766,3241,14675,10261,13904,8783,14255,4272,11020,9010,13350,14762,15684,4560,9768,12399,3539,7085,9910
6114,4988,3531,12487,11470,14321,13455,5629,163,5556,176,9819,4716,1816,10233,6724,14721,7290,15314,7099
378,3886,8686,14819,15537,14993,8974,15117,6935,15068,1479,7242,4516,242,13471,10364,3365,4722,5469,13667
13741,7165,3321,1050,6238,13518,15468,13849,8882,4622,1557,1561,5386,10163,6908,15952,279,15992,3295,14723
1647,14033,6228,1659,12109,7144,14614,8794,10653,8578,10336,13846,11037,4319,3759,16256,890,11246,13857,14680
3890,11491,14462,5092,10162,15917,3039,4503,8266,2762,6014,66,6757,10374,4852,3747,5948,5197,4758,8257
13058,7632,3475,9030,5515,13187,6336,12578,15153,8238,2659,3129,16092,5366,3430,7082,10636,456,4304,8512
1094,8024,9148,3785,4007,6658,13818,436,13081,1584,4997,13473,14796,390,2110,7647,636,3557,12054,9188
2658,5572,8989,5298,10400,14060,10538,12716,9080,15069,10297,1669,11378,15338,831,12914,11976,469,12622,16026
5466,1922,1262,15565,9761,5254,4114,643,14774,10319,3535,7784,2521,7455,10801,6028,14028,7411,7156,7184
9816,5615,3104,10797,3941,8014,3880,12514,2781,9663,10017,5068,13292,11482,14473,7478,9958,6304,3188,4465
13362,9612,9898,5951,5647,10088,14281,5860,6643,3084,3524,6113,3676,13339,157,4908,12623,14369,7154,8952
8388,5274,3907,3877,14423,6239,7048,6197,2182,8278,1815,5119,13959,7338,5697,8455,3255,9412,2901,13763
13836,7388,2114,12069,16361,14974,4191,13257,1702,10617,8573,3905,1250,3495,6347,12230,4972,10350,8239,13918
10181,3487,6964,13040,6087,896,6930,10387,10035,5523,11345,9186,2012,15574,14309,8925,4420,15104,5294,8224
4434,5240,7877,11166,9280,9470,10508,2630,921,2650,3991,2513,3261,12421,11198,7719,5498,6075,5895,10130
15850,9360,212,12115,10351,6548,1247,2162,15738,7683,13389,1005,14575,13792,4925,2564,8185,16166,10918,4084
6135,13765,9837,1055,10671,13529,13002,4982,2687,12678,12594,9004,10258,4273,3056,15993,2874,3076,5014,6303
2059,4220,12783,8941,7363,15248,2386,3865,10747,10944,1743,8940,9130,8964,11516,15375,3848,14429,54,14054
12317,5517,4022,2115,5248,10256,5758,8896,11600,9022,11097,9278,12179,7818,8121,1103,6654,1783,14139,1268
11416,12169,1762,7320,15921,10156,1789,9936,10187,3783,10363,1605,6535,12920,10862,11074,2080,5836,5972,8083
11404,301,5351,10682,8316,53,1133,6472,12072,12259,2845,9031,1488,2171,3943,122,6372,6023,41,4305
11510,9488,1116,9302,4937,14789,7925,10931,6819,5827,13876,10842,14451,9677,14079,3761,7179,942,479,2938
10235,2889,4383,11937,749,2123,9146,1684,7917,6330,15926,13056,7328,7563,6463,5939,12563,7380,8056,2315
5312,9121,6669,7110,5505,7257,7222,4645,1871,9483,13385,4745,7764,11451,2175,12596,8117,9763,12256,13989
7763,10500,3909,606,490,8489,440,10025,4074,9557,9839,601,9623,15021,5142,14728,5510,4185,2768,15022
7681,7345,13634,13614,8331,14176,12389,4240,1744,12368,2974,12059,7452,6081,12412,6068,6379,6155,3802,1290
1148,12181,14914,8779,10806,10776,5037,7751,977,5640,5016,8295,9150,4137,13496,6600,5537,11847,4206,7296
4467,15481,4912,5781,1143,2601,11242,7832,5790,5455,7992,11968,11401,347,13698,16313,4924,1372,12935,14194
14653,13323,9569,8350,11236,13318,3553,858,4379,9246,7780,16267,13355,3455,943,3787,7064,1782,7912,1942
13401,6317,14091,8752,1184,15200,2711,6793,7497,13315,12105,5316,6618,7587,2249,9324,3330,4746,2550,441
4580,6702,16075,9053,5934,7173,10512,7425,14151,5167,4402,15080,10107,9779,5471,7407,14850,13747,998,8162
14331,14310,334,7188,3379,11888,13413,2637,12940,6933,10286,6667,3595,4615,13129,14677,10718,2950,9035,9116
9392,1587,10309,5353,7318,546,16204,14516,9405,6936,3453,16141,9561,5080,6737,655,10048,2093,11685,2518
1701,5462,1259,11557,15095,2790,13442,14719,8581,11959,1044,3352,7640,369,6312,8199,9697,3087,3803,2312
6033,4585,15932,4543,10799,13649,11954,13871,447,6117,11209,3889,3789,14440,925,4947,4687,12890,6439,8732
6814,15527,9457,10904,565,9562,10110,2320,7240,2414,9370,13371,4316,16192,4567,3744,3590,11851,13144,7344
4530,916,3313,12233,14406,16257,13893,12454,14330,10804,8963,14971,11439,5878,10865,13911,3588,2216,2265,26
2225,4911,8233,14106,13727,15751,12875,14944,8345,9079,12983,9566,10296,10437,14467,5060,9420,11200,5148,13181
6753,3659,12432,2143,4715,4945,1508,4545,1370,7243,2977,8582,6475,14410,10217,4646,7936,12307,15899,9945
2870,2323,1881,3882,1879,6069,5373,5333,14779,2504,7351,11248,4274,8012,11456,7649,6201,3917,14090,5671
13797,6569,4909,1384,5460,4039,51,4169,1319,8190,4067,13551,1542,9359,2775,15609,4261,14710,2205,7450
11073,12633,3993,9890,2813,15538,5360,4096,288,12255,12470,9125,449,8635,11913,928,1628,14571,15097,4408
9564,10152,1613,16235,15998,6800,12639,13498,16091,7708,3632,4011,6839,12380,11530,3382,5152,506,9773,2986
4593,3879,12841,8009,9203,14928,917,6074,14570,7472,7124,15956,4853,3447,9085,5329,15367,4432,13236,13884
11012,4256,8353,12606,10240,3571,12826,4884,742,3137,9740,4148,14049,11891,6845,6487,1553,9477,245,9
918,1972,2258,16261,10398,4657,1245,4631,15944,6587,9096,10075,652,8760,11596,7324,12257,374,13199,1631
11807,11577,13166,1456,9741,3337,15313,13431,3957,6471,7325,14101,2651,4935,8875,7525,14107,1312,4660,14061
8277,16079,3510,7486,731,779,15054,1445,8120,4663,5390,354,14282,2700,6503,12847,7583,4002,4703,7423
5575,9737,11358,2366,12473,14288,391,1437,5030,8612,7795,11001,6339,6868,12510,15059,7140,12050,1197,7284
2639,7370,15241,10467,13630,8180,4504,13696,16306,5082,2592,5960,16088,809,4188,11122,7433,8870,14170,13528
4413,11196,4639,13345,5340,4835,6706,64,5221,15909,2260,1166,14703,1277,12524,7488,10226,461,183,13375
6036,12579,4266,13974,6628,6058,15444,3797,5120,14886,5984,3268,5745,12271,14158,77,11448,3756,4284,5776
12450,5186,10142,16116,5873,14184,16136,1202,4138,6759,12037,9479,14325,5830,6747,8025,5789,7998,6352,8748
3902,5880,11748,15036,1805,15856,1493,5566,12265,11796,9350,9271,7695,16049,10787,4720,6122,6912,14253,13980
1538,13866,13214,6047,5473,2860,4960,12126,10457,2245,9897,8477,13374,980,8562,13605,7078,9156,10735,10452
13817,2365,2156,7657,14408,9351,13346,1046,10880,9252,1449,2477,1811,4165,12392,2174,15608,2129,7853,6370
14076,5001,5925,14037,16241,6833,8642,1172,9508,8047,4689,10887,10675,2537,3383,14270,13746,7985,5881,5942
3034,4754,11455,10716,5485,2560,14990,2240,5963,5651,6323,75,15165,1970,13795,6782,708,10077,10808,5276
7466,1573,8854,4574,5266,7575,2998,14918,13930,15838,4863,5324,12808,5970,690,14606,1167,627,8565,16102
5307,10299,15449,4548,8869,15761,3400,1160,7603,7962,4922,2026,12398,4777,401,13752,11389,11745,13482,6366
8681,10683,8618,3612,6859,2448,575,6264,6661,5063,13656,11907,5674,10117,5840,15691,10642,11377,15395,11742
4973,5961,3572,4800,13604,14209,6761,2236,4948,3319,2979,647,1869,14629,7027,8059,6707,10834,10913,3127
14792,10920,6923,8793,4291,556,10979,15105,11063,709,684,7355,13935,14063,13571,6591,14545,15175,2478,3147
6822,7645,756,10763,1961,10360,2068,9589,7776,3620,3018,10724,14646,11432,15025,6064,4113,6432,14336,15498
1465,2490,10009,12341,14058,3833,16004,10991,6891,13378,3481,14441,9719,1756,11087,5165,116,1983,362,5388
3611,724,9296,9398,10768,11201,12539,5341,1768,6685,9442,8835,12107,574,5493,11229,7678,5614,3685,2984
10385,7660,8880,5982,5479,4517,6092,16041,12205,9507,12593,4112,5233,15347,6055,11483,7301,6680,2734,5832
12883,2680,1476,1804,4575,6245,9713,3132,1447,4526,15193,5802,1325,11327,3563,7031,3975,175,6037,4257
15902,6590,11059,12226,12160,8382,14714,13316,11799,10050,10213,6779,15513,3635,5630,3619,459,7232,11865,4087
3866,14700,3002,14026,15972,12017,15391,3388,5536,9567,14896,146,12290,960,24,8534,1900,11108,6464,13928
1991,11334,14930,10197,1967,2378,10800,8174,7942,548,9165,5416,14583,9178,13776,10604,14940,2411,6003,15115
14881,1979,4104,10028,15299,15735,3979,7487,12318,2030,4080,16263,12979,11253,9733,12505,9736,4127,5667,15363
9841,1323,8464,3200,10767,6442,14648,12155,14831,8834,14381,8807,13359,7555,4362,9786,10833,3779,4802,6619
729,14608,14616,1851,5472,13643,14874,2207,16002,15033,3033,6918,13235,7541,3629,504,1721,8171,15101,10688
6082,255,15800,9127,8656,3559,5815,2602,7372,15819,7128,15882,736,12507,10644,10282,5357,3751,7545,13907
6108,14705,13084,5875,12042,2294,6106,11139,5661,8574,10440,13200,4331,6236,2666,12942,10746,10290,8274,8422
12878,16315,12198,11328,2480,9598,6240,4880,15748,4128,2740,14644,5039,4581,1423,8692,8402,4506,7274,13141
6209,13625,1468,11631,1986,14094,4375,2760,11546,12924,10575,12896,12266,13135,6948,10095,9451,8696,5658,15749
10975,10326,549,15294,11556,11275,5936,6404,11106,13917,13777,12856,7402,9379,13324,12906,14353,7758,6272,3938
381,9003,1318,5409,14273,15202,5046,13049,2671,4929,3610,4826,6723,3236,13464,7002,11215,13400,16320,8227
13273,1161,11474,2103,6147,8746,6204,15726,5074,7871,4163,11882,1351,3777,15529,8668,14808,9011,10630,5323
13438,15832,1632,15851,5858,10262,8057,10877,6443,13934,12365,6703,4320,7215,5941,2825,5290,8936,14983,15207
15780,2449,8186,4160,3410,8993,9887,2358,15757,5050,3015,6892,11270,13838,3173,5008,14315,1379,3125,7898
3409,9863,15366,12211,4205,3657,9419,246,12118,5766,219,12436,14395,1471,705,4061,16062,2795,2170,9192
14640,14595,10573,4279,6696,9846,557,1923,62,3306,8555,3396,2966,13944,983,9647,9063,7024,5995,1369
6863,13368,11458,7738,5744,9473,9054,13370,12141,14089,4628,9411,15785,11910,743,8092,8000,10883,1076,3180
15164,14019,15920,6170,14324,545,6235,6974,4404,11641,14977,5415,6862,10402,296,5708,10216,4949,6356,1603
15114,3206,4840,10844,4883,15379,3843,6714,14866,6490,984,15541,1643,8267,11766,4139,14732,3341,7953,8074
12830,150,15853,868,4122,2836,1562,4259,12010,7671,5216,956,15064,9766,10129,14478,15783,15702,10754,5354
5683,15099,7111,11032,14832,4513,2828,7717,3762,12824,8921,7674,13781,8105,999,8814,9618,3581,3977,15845
15595,11103,8994,10375,15898,5213,14673,673,5902,7382,759,5862,8821,11705,3518,7492,10362,10253,10674,11364
14342,14681,8626,1845,4010,6218,4364,8806,12289,8070,10513,2784,5490,10814,591,2956,15989,12153,13209,11053
1367,3502,6549,2426,10241,14285,305,2677,9578,8381,5452,8815,16105,12360,13786,1860,14799,5371,126,6437
8816,13718,10224,8107,12483,7828,2878,5952,1543,7065,7404,11624,5652,4862,4599,7867,14115,12573,9709,15441
272,4688,2648,1264,6922,8837,2,16272,13970,11606,2338,9907,7193,857,9823,4934,2381,9881,7725,14964
12551,13987,6313,8715,2742,6403,16135,13666,202,2875,10546,7093,7107,12994,6562,11226,2471,11129,2179,7526
8433,9253,8809,3804,10690,3903,8937,12139,4983,5769,2673,2305,263,13332,584,14390,7756,2585,1090,4209
10166,7092,7285,5887,15279,9348,9643,14432,10470,9396,11177,12839,13590,1031,5117,42,9835,966,5619,6811
1764,14036,9959,6686,9602,3955,13334,3565,12597,3966,6444,7326,5829,12885,11044,11950,16254,7271,5668,8914
8830,4487,10963,10491,11955,10448,10964,4598,12903,6009,7528,10007,4859,10864,13516,14148,14885,12316,3393,14301
10550,6506,7483,9880,3549,6173,6802,2390,15293,7896,1121,6553,10281,8094,9406,10915,2632,2090,14873,7039
8687,1067,5866,9041,14515,11092,4297,10528,15390,9815,9957,7312,4052,4286,15349,119,3978,7332,3158,13171
1418,906,3484,5924,10506,7291,12173,11311,4369,1065,2549,5342,88,13640,12036,7503,9418,7852,6456,16173
4335,6041,1975,14393,3967,14138,7220,1755,15753,13004,837,9873,11714,291,3776,1939,6276,10778,13069,4897
830,784,16176,10733,8389,5236,6152,1502,5825,4658,7873,704,8203,7990,6392,11967,2897,8379,12531,4708
6013,7369,5893,9610,14883,10492,9527,1485,6609,8383,15,8790,12549,4154,498,5757,12713,2407,11263,4700
14986,11555,5550,4767,12303,10741,3398,1949,7040,10496,8259,16182,6340,13525,13543,939,8449,8823,8825,1320
7556,11961,3795,15167,5271,2270,14634,8347,11481,4769,4445,4829,6664,14271,7028,5666,4290,12763,5767,7816
7216,9953,900,12811,3520,15431,5747,7771,5179,7581,9921,3711,6049,2372,5763,7639,6998,5381,13481,8429
14411,2075,2788,8373,654,6556,9923,23,1639,315,14174,4344,7576,6795,8301,13542,6855,60,12857,10318
3832,9686,1032,7549,12592,1739,7000,7711,13544,6150,9184,9653,14635,521,12474,9751,14132,8225,596,13377
1515,11138,3353,10831,2771,5081,7843,16222,5553,9822,1399,1082,7869,10622,8649,9288,6288,6718,5579,9717
949,11971,12665,12077,15725,15073,8983,11023,13807,13319,8143,9998,10713,8268,11233,13122,5513,7803,16018,14431
4078,8501,3598,2622,5983,1726,14140,14489,8544,4839,3191,785,845,5807,3934,14062,7882,6219,205,4823
4031,13810,10670,10022,8598,6302,2370,1797,11573,7798,10544,12586,11051,180,10347,5125,11923,10280,5382,12326
10807,6835,1636,5217,3178,9633,10557,4431,11125,15396,1136,306,3218,1495,7574,7187,6586,11644,15149,13099
12676,12638,9765,2690,882,10657,4613,11316,7214,10817,9908,6897,7920,4371,2699,11164,6682,13415,14984,2274
14322,4939,2517,4444,14047,11920,4033,10265,15422,4838,8486,7713,6421,8146,6968,10419,8717,8819,5451,13793
15879,11771,12530,11504,14785,2924,12161,2402,15869,15359,7957,14580,3491,14910,4861,2298,7935,2706,9145,13433
10175,5535,15690,10869,12966,9676,3780,12980,8043,5969,4023,12637,15630,12138,8288,10399,15037,722,2698,9060
9407,3230,12120,6275,9132,4066,7427,12978,2968,5634,4931,8451,6167,16071,13745,7814,6292,15772,6010,11301
13738,12116,8716,8749,6129,10809,12132,14123,2865,7701,7659,13416,35,12295,9472,7315,6957,8481,14366,12247
3363,6838,15888,1926,11237,11634,2288,8515,10736,12277,4015,14050,10049,10846,1316,5003,14527,8154,10371,9896
14667,15460,12062,13626,1464,9329,13145,9318,9576,7570,7453,7874,11647,2057,4966,10174,2465,11999,3312,5755
11767,5330,12321,9072,4757,13172,4498,9905,13097,711,310,1810,1073,11179,10468,16150,10933,12249,1187,9830
8188,16218,1730,15625,11447,9117,13654,8136,7608,9703,8750,1734,1077,5971,11013,4193,12196,9094,501,12162
1876,12268,12905,5010,7439,15140,13492,7086,15109,8452,2427,57,6453,11437,7100,8067,14225,14617,1272,4307
4872,10555,10373,10405,14444,7335,7200,14708,8956,10941,16081,3494,8886,9119,5691,6854,12574,5729,2891,11757
4751,12164,11205,2694,16021,15197,3416,6306,12931,6947,6768,5143,1963,8965,5814,8537,12240,7149,6519,8213
12235,4038,1823,13163,9113,10654,1074,6741,7908,6128,803,6335,6186,153,10607,568,16341,13526,12809,6709
8313,5170,6369,14070,4472,15120,14173,10548,4264,12761,6583,7529,6465,3749,3887,12907,10517,10625,14848,9244
4673,411,10339,10527,14999,1517,2146,2060,5859,3156,10728,4529,2237,9309,12366,363,1475,6956,15126,9073
15750,8513,1304,3412,7270,6627,10349,5528,4438,11318,947,2092,9626,6450,9917,9585,13322,8425,2839,6514
1497,477,14942,1609,3304,6137,1735,8753,1108,12064,10792,1494,6910,5408,7011,15978,10731,12355,8472,1849
569,9597,5808,11326,14458,10481,7782,3821,11931,13190,1785,6480,3005,8550,9674,8161,13827,6193,9282,15621
5869,11320,12898,727,6990,7847,1908,2876,13823,1667,247,11512,7339,14160,5107,13202,13398,9338,16000,15519
11734,11260,7846,1938,10431,15747,5053,13879,1661,6144,345,679,15990,3679,1510,13576,10287,11185,9659,3928
11665,2302,11592,7760,5837,11528,8617,9292,8532,10966,12472,7178,12085,5155,12658,1049,9716,566,16365,8314
8514,2251,9363,6078,11810,13843,10745,15892,14947,463,6803,7625,4554,2957,224,7468,6244,1153,1171,16074
8676,12300,2413,13564,10450,8499,15929,5261,10755,2364,6932,14418,12437,7901,15330,6969,1025,14185,9438,8262
13628,7744,15063,7272,1571,861,15849,12758,3322,6344,11952,6563,2071,16115,1131,4621,10001,9570,4409,12661
6382,110,846,3646,8256,1740,9238,12739,14208,2395,12163,2553,8971,466,2905,15060,4086,6733,8054,4068
14623,4216,6452,8781,7726,776,2844,12784,7451,6856,8369,7755,10501,6764,10948,11724,1376,13569,2713,9028
15688,14435,4903,15334,8436,10101,16188,10850,9361,14203,14072,6780,9688,16356,5104,10449,15244,11737,777,7965
7809,4797,1727,162,10686,13317,7386,12916,866,15874,7833,13779,15151,9056,14777,3099,9690,6125,754,12641
7120,5504,11602,9714,13015,16380,2955,186,14205,2627,3047,7902,15166,8563,12976,4289,302,3090,7334,7773
11583,6567,15995,8969,3656,13592,5817,4036,4215,13909,7888,13868,5056,14380,14195,11630,5258,8319,9341,5414
13425,8743,15154,2638,9215,6299,11899,7775,9475,6952,5232,13647,10014,13913,6500,8727,12743,6294,10036,9621
6084,11755,3253,893,12892,4326,6925,6184,1836,4590,128,3499,5511,11581,13994,12478,6477,15158,11313,15598
12812,7262,11940,3900,1448,7,3066,10587,5400,6255,12952,16325,11848,13548,3985,2062,9955,2393,10200,12439
13720,5999,6895,9055,9963,9494,10191,13860,10413,1696,2041,11722,4705,9669,867,6396,7749,13337,7572,6321
8881,6614,13620,15500,15914,9439,16033,1302,12212,9478,4803,8151,3490,11405,10059,2435,10,6254,12189,7304
10595,3111,10488,1146,11598,11243,11797,14996,2947,1195,15821,7766,2188,11686,6269,1229,7340,4025,8631,9876
11741,482,8333,14520,848,8099,14349,10328,11947,3210,12662,12534,12967,1228,5105,7367,7479,7885,4712,9497
4500,264,9940,7774,3089,10188,10947,13832,9441,2628,15345,13253,16037,15089,5795,12434,5794,3175,1780,5888
13205,15312,2948,15854,10761,9410,14250,13924,6775,2408,10466,6648,6963,11066,1897,1788,4374,12618,3662,6734
11991,3043,6805,6301,5699,9138,6308,12911,14129,6638,4600,3407,16058,7728,5497,6279,5988,827,13759,7752
12131,9269,7706,2003,509,8191,15931,4153,16323,217,853,7195,13249,11750,404,7698,17,15015,11290,1582
7122,13277,10474,1618,7461,12353,2058,6119,2424,8394,9391,12745,15026,10695,12922,14674,3855,5908,1990,395
621,7331,12481,1231,9489,587,14420,14357,9449,1183,3134,9949,9270,6355,12377,6094,13958,8597,9832,1627
1432,7205,14238,2772,8245,117,13580,12977,6505,15833,10178,5950,6848,8450,1321,9966,8619,1246,6364,8409
8637,2629,11492,619,4150,13227,10160,11371,9299,1801,11529,15652,15226,1911,7523,13237,8884,3624,15566,707
135,15319,5245,6338,1779,5128,8446,2163,3698,864,3525,8378,5214,8683,7026,5384,15239,1099,6634,9875
2157,4363,16014,2751,5417,7518,4449,3145,10306,14259,2134,398,6903,8106,8902,13222,13570,9437,8893,16001
10780,6815,8953,9100,10321,8475,9435,6538,7654,1409,11426,10726,8181,13420,10620,3953,3748,134,14576,11951
9317,8859,7739,11572,10345,6183,9607,9764,4809,14604,3675,14801,7950,3061,8931,646,13208,15198,12787,8613
169,9904,74,8504,12591,9555,9902,11892,10245,12902,6213,13326,547,5773,13071,6429,10773,1747,5047,8861
12997,2607,386,6597,6629,10937,5289,5542,11084,14363,792,6810,2139,15269,10640,11306,12248,6540,15986,6876
11736,16322,10560,8962,8721,14183,15957,15296,6905,7365,8695,11181,4407,9616,16087,4850,6438,6983,3963,13933
1931,8463,9134,7313,589,5,13241,4682,961,1807,9849,5021,11214,9916,3768,7604,8479,5150,10196,13092
7021,6973,11566,6354,4227,422,9891,1393,11197,7164,1091,4247,5126,1535,13480,4479,10861,9738,2348,3059
5334,15568,6730,6694,4761,6458,1385,9640,991,9600,6708,8366,4993,2138,9744,3754,10377,15806,6061,10536
3366,5686,1752,5091,15163,14039,7158,12545,3895,2141,2930,669,3318,1933,10955,7047,14784,3770,11079,6105
10752,9092,6866,4049,3810,9448,886,12339,13248,2634,527,9919,8759,8471,9219,5920,5636,8797,11727,15469
2570,5892,5833,1413,2133,14662,355,2794,14277,5494,13716,12349,5204,15744,15168,4932,2018,9416,3496,13298
13815,4313,7597,6865,8293,12458,8707,9689,11620,10004,13388,3238,15534,8342,15823,10030,5733,8168,7459,9230
15681,14823,11069,2227,10594,11140,5188,137,11501,12202,8423,10668,6581,5437,12287,7252,15147,8004,104,15072
15760,2597,728,10473,7289,12016,8789,11155,10758,15196,7779,11285,7633,11347,7050,10131,3864,15983,16007,10926
6739,10157,15356,10532,13419,2818,8722,10159,2154,12584,5168,11711,2167,5038,7610,1198,8776,2656,8877,11272
5945,6829,8318,1890,10901,5350,15445,361,9983,3275,16245,5524,9711,5343,4589,8639,7208,148,10315,6203
10342,9436,8223,14679,1795,1918,10646,9367,420,9333,6216,7850,13565,13623,9104,14804,1430,5410,1773,15911
967,11625,4085,5750,13800,13440,16117,1416,13057,9772,6322,11808,4661,9481,4318,18,12626,2620,4021,1058
15599,2177,11988,7669,14313,15290,642,9122,818,5821,3470,16124,14153,737,16296,816,4333,1787,10391,14794
13452,11815,11657,2074,9723,12038,13327,4179,5223,6766,4277,2289,11375,4702,3899,6046,10094,14487,1749,9228
4211,6251,8089,4512,10911,8629,7152,12653,3317,13787,528,11005,15719,12396,7637,3436,12696,1914,8075,850
8484,7288,10133,6940,9326,9136,799,11152,14521,9002,3128,68,10978,3045,1123,15221,13998,11518,2089,209
10916,4468,8322,5664,2079,5590,10479,14264,2334,2499,3323,5369,8428,7482,2069,2344,2031,7260,10111,5114
1952,8110,10857,15523,1976,10201,6513,14360,6341,15787,7101,230,532,884,14096,14228,14956,3723,6552,14533
4323,14396,13616,15494,10900,8606,10234,15868,9468,3574,12688,9941,782,6361,1124,3801,971,6809,11234,9617
4463,13309,16132,2608,10870,7804,639,15432,7379,14394,8008,12024,15408,13404,7630,7224,6545,2145,1932,335
13314,10421,5809,16275,12152,7754,12188,7568,1414,16274,2847,8662,14220,1865,11256,9785,14150,10928,13036,9111
14649,14298,15912,11586,8559,12204,15447,8551,10084,8039,6660,12063,15171,10145,3149,6243,6134,6954,10316,333
15145,2823,15113,4262,13921,14725,13785,1500,7796,7033,15797,13723,14724,13711,6451,15045,2642,503,8529,2725
14474,15176,6277,7371,15157,13533,7342,10837,1827,11174,1279,9667,10777,14237,11710,11212,129,1772,3249,9496
8434,10432,1745,2544,4034,12647,13304,629,2992,6794,173,7870,10015,7560,2558,8418,13264,13105,15638,3098
9636,181,6608,12279,6518,14021,5487,10505,13540,13312,118,16123,16308,11145,988,2802,11541,383,4595,12197
7041,8505,2295,9952,16008,5648,10582,10232,13840,14046,11560,12583,5303,15386,3248,6327,10041,2603,13689,15493
6847,8061,3463,8372,5678,11908,9529,7275,8677,6394,3392,16127,1537,15081,6826,10569,1310,4555,15152,8336
10069,9594,3213,14156,12927,13454,6949,10679,11227,4810,1894,12992,15530,2527,10408,7781,15091,8072,582,5358
5693,14824,9267,262,14023,8412,4393,8799,8611,5326,8798,668,3480,13965,4877,12956,13568,7447,7694,6179
7230,8252,1480,1946,11289,1507,2130,3284,6999,9273,1483,2971,11216,13110,1164,15267,11112,10288,5252,14800
3108,13847,8545,6195,5662,1006,6190,940,10822,9854,14759,14701,12694,2765,13386,9715,4481,1633,11979,12429
12629,257,13109,8030,2789,8287,15567,5760,7191,559,7895,520,7646,7509,8697,16051,8219,8086,5499,1625
1844,5085,4991,353,12582,15208,7592,15792,10523,2939,15585,15376,675,11392,8349,16370,5752,3564,12373,15575
14998,12388,9274,10815,5943,13539,14303,14009,1220,15997,9061,8539,11096,7145,13725,10125,2153,9014,2214,12143
7151,10016,2165,196,14226,7517,5442,3041,12128,5918,10703,7554,823,3359,6177,10078,7485,5076,8403,2869
11768,293,9387,6481,1313,4225,11751,1174,5110,3683,13946,4167,12106,2479,1343,13730,3139,8679,5023,7884
2981,3395,6516,2911,10032,98,9944,10697,10639,12218,8357,4698,8666,9048,229,13387,15679,5992,7995,13560
15355,12660,2194,7894,5346,8528,7977,10487,5538,1921,3252,8495,10392,3560,8344,9809,2096,11461,13610,12602
11513,4466,7823,910,4009,7697,10652,15423,7534,13033,8442,539,320,16300,9619,13964,5621,15667,14198,13519
13981,9965,3567,7127,10851,9343,14320,15522,4246,8603,2127,11525,7805,5089,1935,7626,11484,11658,16223,11642
8473,5093,1579,11394,4161,15394,6666,8891,3285,11823,1574,4233,4301,9044,11803,12604,15360,3115,14669,8214
16134,3672,10011,3946,14125,12932,14962,6630,14017,9906,14454,2257,10179,16240,11985,10311,2859,919,8325,14830
8003,7444,13577,6967,4000,12776,2736,15038,12912,11779,2332,13999,9445,15964,4454,15774,12497,9556,5439,15836
12777,11170,2519,14957,12193,13486,9538,14053,1045,5613,5935,13098,2132,13523,12575,1443,4868,14610,962,7234
4747,13557,14663,14884,12374,13794,14590,7268,8118,6958,9770,13288,14948,12003,15637,14555,10098,7636,9097,768
10612,4425,7354,6878,9888,4723,5507,7480,70,444,1650,11119,5843,2355,9695,4089,4843,10433,11637,16364
12282,7059,14888,614,8234,14421,8841,14294,14290,9961,6651,9447,7469,16211,15936,15852,5623,15309,5573,3920
9593,13587,7655,3116,7621,12536,4357,15002,11869,8944,15252,15075,3682,10959,10810,6716,12680,6771,4956,15653
2993,2357,13006,913,594,5954,2091,8742,5687,3282,5198,14367,7928,2387,2470,222,13460,12489,11962,6831
3769,3123,4617,5732,13708,8586,1635,8152,12764,12130,144,8100,6331,1853,12369,13407,5175,13426,15930,9340
9322,6076,13771,3329,5434,7838,11453,11543,11369,13456,5973,2161,11388,15610,6417,5754,5620,12963,2978,4401
12207,12923,5576,7900,14524,12225,1624,10357,9783,7356,2936,8169,6523,5310,626,9889,6626,11646,12447,3320
1838,7058,9147,8417,8627,30,448,12571,13677,4951,14464,332,4063,14882,6920,15843,3287,6796,1604,9501
7854,10471,14619,231,350,4858,12428,12620,14190,16314,6776,4538,3244,15622,2915,16054,8625,8404,2418,2192
7615,14937,8147,2562,13770,13191,8016,15093,11014,9848,13762,8149,14014,10719,2425,4534,15596,12312,1460,10669
1355,10271,85,5957,2973,11619,7562,8326,14557,8375,12227,9571,8719,9262,7825,13502,4070,11760,6527,7827
6435,4570,11792,11825,12805,4847,14293,741,10236,14627,4721,15287,13160,233,3240,10770,12122,12103,10760,11703
15729,14735,7746,9023,1269,7963,2276,7537,3830,7533,7743,13050,3153,6889,4,9364,10370,10888,2997,8766
15465,15533,10533,11478,3925,13578,12845,2429,2339,13996,3354,8440,10701,13982,6705,7511,5315,9259,14344,14991
13503,8306,11047,1178,15251,4280,12897,2972,7904,14638,9864,9509,12517,15490,9978,8714,9211,15219,1763,15478
4116,10121,8646,2899,14620,8585,4489,10103,9801,6297,6745,14004,14577,7138,13769,14154,4149,11564,10140,2228
15844,13101,14636,14561,12275,7003,1965,125,9542,12645,11849,5123,6098,10662,2667,15134,10369,11304,12021,11475
13246,28,13302,12715,7620,8406,12297,254,4820,89,4482,10509,10198,4731,12372,787,6729,11618,16282,12560
714,121,14578,4550,11411,9939,944,9637,15284,50,6202,8150,3618,719,12134,11052,10091,11457,15407,8831
4242,10803,15119,9537,2347,6371,3800,4739,16077,4783,15841,3281,4607,8795,2960,11698,15187,12415,12603,10878
8470,7765,14787,7666,1723,14447,14012,7305,13984,15618,4787,6227,9762,2024,16022,5534,4740,1366,7062,8822
1157,12790,5029,7573,7422,11286,10135,9037,1450,4275,147,15767,2799,16164,8876,13534,9668,1937,15504,13409
15601,1359,11420,14650,4195,9720,4788,12699,1381,11300,8900,12829,8905,29,5722,6285,6715,12981,5929,12974
15880,13524,12825,15480,6385,13239,2476,14307,6639,10426,5385,14254,9675,11526,1964,13517,832,5253,12011,6469
7118,7278,2900,13046,2042,4429,1411,13622,12260,2394,12538,13491,873,3315,16097,13670,10873,4118,1236,12612
10247,14506,225,9730,14538,3734,2122,8367,12709,12822,12581,10308,6109,8593,11533,10202,11897,9777,13436,3136
5228,2543,4249,13845,3278,6015,3385,13462,4907,12467,4142,5376,11022,8011,14484,12759,10645,9693,10295,4400
12561,992,7993,8503,10685,9781,11614,8148,15473,2522,9534,9095,6161,10093,13174,6174,6035,9034,14105,14476
10677,7863,14912,13589,10621,14378,14522,12881,10372,14034,3055,9183,5896,3562,9206,11836,6467,8912,659,7282
4510,11802,9460,763,12729,739,3862,5086,16203,9500,8564,3686,11595,8371,3427,15305,3316,10134,12448,155
9972,12184,9066,7546,5762,7999,10650,9575,8568,8848,4355,10338,16113,13086,5891,2613,11568,8561,13801,677
4760,10120,259,11294,3435,8445,11219,12801,8553,12972,4679,2125,6712,10026,8210,15383,14134,14756,6357,2037
16234,2582,7718,2419,2531,9450,3772,158,14436,11601,8320,220,5813,4957,3526,9458,11443,4248,13788,5978
13890,3700,15718,12014,1242,1362,9517,12733,15464,2604,15733,3260,13819,1720,2555,7448,2643,426,10090,4390
419,260,10567,12453,644,7875,12625,9311,14978,1342,11995,13211,6631,7009,1862,15217,10461,12090,9129,13065
8572,1945,12343,2456,5818,4041,8985,1420,6157,3968,326,10615,4105,8279,4492,15412,6760,4217,274,10606
10784,3835,14511,13360,1093,2208,6337,10788,8531,15724,1630,6222,9189,6380,12502,10313,343,12630,9277,4310
9758,6982,1353,7008,5048,5603,8526,871,12305,5857,5426,5526,13812,16065,10894,12223,12239,15471,7704,4824
8525,12554,14251,3391,9357,3008,4774,13685,9101,6991,7066,3071,12308,10672,4440,13279,15509,7076,5850,9068
15427,2242,13430,16035,7905,6221,7806,2684,13106,7185,3671,7440,12100,8221,13700,13303,6408,5759,8269,13000
13497,5685,9533,7692,7435,61,12137,12394,7986,7081,8786,14102,5448,7254,6171,13325,13158,4618,6773,12083
6687,5420,8667,4514,11231,4426,10018,4561,12724,10973,10521,1392,13007,13045,1888,4077,2150,15232,377,2362
1230,9476,2484,11169,10753,10214,15848,8650,8222,5712,10981,15825,12710,8981,7094,14696,8614,11854,570,13527
1224,1504,4042,908,6270,4755,11094,6898,15708,12476,14657,3070,6449,13864,15211,899,6079,887,612,5095
6758,973,4177,11814,5533,4647,11664,9006,5540,2049,987,13550,12315,14002,13219,4419,6483,5877,14402,6229
6016,14409,3009,13737,9931,15237,14289,10212,9090,6588,4168,12569,9408,2416,8244,8866,12217,10434,2526,9614
15743,11225,5985,10151,10020,12695,11569,15554,416,2391,15525,11127,5514,12070,15250,6065,13639,10067,2016,13011
9698,5295,200,12748,6314,11547,6732,15170,4902,10723,13756,2488,3837,14607,15673,9722,4901,12424,821,399
2769,1705,11591,3051,4785,12832,6840,9795,9149,5702,2193,7892,5975,1885,9946,16229,8125,7753,8494,7811
5861,7293,3997,14095,9812,14159,533,5720,11828,7256,13048,15835,3586,11787,13910,8119,12558,2367,12151,15353
12060,9901,5586,1144,1390,15666,9580,6070,7550,12358,9523,4398,7297,5704,15628,10317,16345,607,1610,3237
15450,10996,11690,9258,13624,3063,1947,15443,9595,7394,7789,2371,7923,14514,976,10961,228,3508,11725,197
7914,7045,580,14906,6704,6830,11485,15292,13390,12701,13423,9840,8140,6502,13182,4962,15901,2198,6978,8966
7975,4478,12144,15996,11132,14243,786,1880,9492,13115,11068,6858,11538,8737,3633,10100,1648,12361,9115,10526
7656,16005,16367,7638,11835,1400,4986,7944,8111,9753,227,5302,10108,13704,12000,8285,14960,13108,10661,14922
1940,8712,7267,7510,7117,9413,16292,12213,8988,13306,2904,1363,1757,16069,9518,15404,6130,11187,5070,11363
1692,2215,9289,12610,1916,2229,2872,14836,11553,8977,2908,4813,4887,8718,11049,9354,13274,9353,3854,6156
8013,7211,1817,11090,13687,1677,10914,576,11218,15647,11879,2314,1825,6798,6807,14428,3876,9685,11919,3483
6290,11438,11072,2009,1765,6530,14630,4354,3677,14911,1088,10577,6511,6406,1083,10860,15590,10867,13553,4680
7170,15417,9877,322,12191,7418,5467,11678,8258,13112,10641,3445,4804,8778,13079,6223,11660,8216,95,3995
2925,12893,12873,6924,11576,7159,3793,11632,1334,1954,9550,10764,7670,1360,2309,651,12797,15685,2035,10173
9491,2101,4644,8018,14008,1029,184,15939,8736,11252,595,5300,15111,13680,6507,615,15098,3674,13005,240
1778,12041,12687,14471,3446,16295,7889,16352,12820,15005,13945,4594,4480,15421,13929,11520,11489,1812,193,3347
986,8153,11623,3309,15224,13877,8868,4866,10275,15573,4692,12501,15007,10251,869,8138,3599,9806,12675,15960
8284,2696,11693,11292,10092,1530,9155,10006,10230,15136,6263,14776,12443,7837,4557,14741,4789,3693,6126,15587
8090,8511,11324,11859,15721,9415,8364,5851,12670,7504,10148,10600,16089,6038,10841,11635,9088,3283,4876,8930
11430,9432,8755,6573,15822,6423,13476,16144,9365,13531,10529,4073,4770,15479,5428,8648,12664,1539,14895,13287
7876,10239,12804,11963,7933,15543,8029,235,16373,9525,4343,524,13308,6434,9168,13761,14501,13588,8294,4776
13595,4603,8547,1427,7813,6546,5771,13382,12080,5543,3973,9673,9933,10118,10782,15414,4827,15378,12984,13822
8291,11104,4119,3969,14347,9834,4917,10276,6906,250,9164,14207,16328,15935,429,13835,15276,5874,15859,577
8920,11464,11000,2683,11683,7017,16332,14730,2511,5116,12772,9005,3713,4553,13153,11752,9627,11397,10720,11035
11241,1387,3501,8934,2286,11881,3548,15291,8961,2990,3467,6781,9788,7512,15254,6096,14626,5525,6931,4867
13366,10199,8922,1276,3025,13030,12915,9658,12532,12325,15613,5761,9499,14760,15320,12371,5270,3616,14087,12677
10367,10047,3896,298,9513,9811,7036,12816,3869,4958,16064,14114,11868,1235,5917,9404,435,11105,3944,14305
5841,13282,6914,9071,11322,12598,15088,6224,13185,10935,14815,2975,14859,12599,11590,4324,16333,8360,10330,8590
3792,5701,9443,9431,5218,4336,13658,11900,12781,13743,995,3891,11077,7490,6571,5431,11398,7619,10892,3302
152,2702,3485,4293,14523,8992,10794,9780,6690,11395,13437,4889,295,15905,4045,8784,9167,14879,4162,13256
1729,3229,6194,3150,8028,11582,9335,1499,12304,16107,14582,11829,7947,1014,13885,2509,5011,7736,13014,3001
8206,11593,6684,7456,4759,6489,2268,3443,14877,11902,6512,6870,5496,3472,3670,13697,13367,9536,4624,2368
4775,12515,7236,13089,7595,8710,625,12009,15644,16271,5108,1934,1396,13469,9196,8867,13221,12683,5194,1303
167,9303,1052,55,7416,3974,9678,10497,15649,4584,12333,1569,4238,4437,3989,6904,13701,13396,11080,6799
7788,8192,9133,14449,12407,7551,13165,3077,10074,2219,10524,7611,9560,10428,10403,12025,1717,15777,15181,7253
2780,11804,11016,15301,11276,16108,13043,14372,6178,5421,712,4905,5191,10902,7194,3529,13233,9732,241,8594
1168,11846,16326,14297,7840,9429,7321,4499,15627,10076,341,14598,535,16207,4587,12335,15017,12418,2715,5798
3386,6110,15351,3533,7460,14591,5923,2890,2363,14531,5072,6869,8396,2078,5207,5019,4933,14269,12401,10320
4232,14283,14709,10489,11700,4281,11993,14745,11463,5965,6692,16103,8615,6584,2646,7245,3040,12744,5336,16199
4916,534,16138,8130,8818,3825,7924,10039,11650,7241,2304,1694,9250,15046,8077,3537,4136,15857,11370,5644
13364,1007,1725,10751,11515,2949,6348,13218,15172,7702,14592,13854,1317,3004,9389,10903,9480,5853,3942,14748
1586,10725,15646,1118,1909,9505,2940,15945,6441,5743,892,1958,13562,3355,3272,13285,2422,9231,6476,15872
753,170,16020,14092,13993,8811,3348,12327,4145,14180,538,752,3868,12850,8932,10182,7496,12278,508,16209
3010,5129,4856,15866,8437,9620,6199,7458,10564,8467,11753,9874,5474,1407,2623,21,10303,4946,7521,5909
3233,9504,778,9935,8297,380,3594,11082,11028,299,3824,6657,8129,14374,8634,15663,723,766,10876,96
14931,5225,3638,1714,2547,7475,4851,14828,8842,15602,14136,13891,5601,1519,13212,10923,9943,4686,15190,4910
2959,4490,11887,10057,5444,13976,7330,10858,5113,384,1326,15799,4738,13206,10003,13927,13095,13240,2463,15928
12755,11030,6615,11941,3860,1107,8768,3929,9208,10259,11213,11310,801,172,1348,5751,15419,3289,10169,1898
11406,3996,7982,6676,5838,9574,15071,12119,14508,10628,11680,2846,13417,13035,13278,11269,5464,10655,4484,2056
3118,9986,12068,13790,15572,3680,11444,5819,2300,494,14167,11021,13755,11702,14182,13459,15053,15756,4474,11469
7848,1626,13260,5199,14291,8496,12209,9726,502,9925,15130,14892,9016,7831,11607,3259,13224,9979,16294,14284
10019,8890,938,10476,1490,14010,11111,2546,11210,9511,3193,12951,13802,5064,8725,12834,789,4938,12201,7147
276,9603,2615,9962,7204,2850,14587,12955,9279,10397,6207,1775,15201,16309,1957,8644,3603,11840,160,12877
6181,8653,7506,6985,15704,13137,14715,16214,10146,12690,16112,4102,5387,2235,15328,5348,3556,11408,3267,15754
3291,16068,13679,14488,11161,11655,12674,14752,13003,6913,14479,12731,13830,11195,5563,2259,373,10635,12301,11527
10222,9871,10879,7142,5389,3583,11549,10417,9177,86,13748,6528,14146,6307,3699,4520,9547,2759,2714,1438
9694,16096,340,15231,13675,11422,14201,15302,14093,11356,4410,5637,14966,5057,7247,1597,14071,2514,12807,13889
10167,13702,8506,7446,14806,6951,10693,1842,4367,14935,13495,2486,7353,8682,14472,11946,10750,13775,4059,1997
1710,4694,15514,11352,10478,9918,4812,3049,2005,9687,11811,1671,10910,8160,12067,5539,3072,8773,9644,40
692,4436,6599,8694,10359,8744,4677,15671,541,15331,13749,15755,13220,8792,875,189,10775,8456,6520,10344
6510,15177,6786,7430,3692,13648,16208,12900,8521,14466,9495,13591,11679,3870,8530,11707,2319,1285,14439,10380
3626,7381,6683,14981,12031,631,11431,14197,4846,8001,4147,12310,9109,1068,2928,14639,8708,11191,1368,8296
7106,5396,12462,13341,14304,243,6890,357,7489,488,4395,5780,6256,8400,1239,8079,3344,1536,1526,2645
14287,1700,8173,10332,9544,8229,7261,3324,3037,6261,8664,1417,13342,4204,9268,12108,2848,10942,12291,13512
4035,7569,1255,7199,11746,10194,10853,4920,14350,11987,6158,6123,13372,12848,9611,11333,9642,13617,10708,1331
15361,366,12056,1531,2415,12526,5731,331,15240,5618,7880,6021,15916,645,5626,1040,13705,11168,10418,9989
1344,16230,14810,14356,10502,12838,15549,7395,8031,5797,2745,10563,6133,5449,9045,15344,15922,6260,6020,7203
10061,3576,9865,3541,1115,9026,8457,9862,2385,15623,10666,3884,5801,6391,14482,11924,14211,12874,15723,16331
872,6636,4612,4546,6976,6928,10427,10583,1470,1653,15300,6785,5267,13991,8579,15809,9040,3885,15589,4541
13500,8281,12529,16017,1651,3387,14425,3394,3593,8307,10603,7961,8112,11812,9706,2094,12012,12621,14854,15051
11254,13021,10422,14693,7432,14755,5981,16181,4184,4551,12425,6419,16286,11604,14413,4895,3257,814,1994,5867
6447,2732,1534,10210,15903,14795,3546,11559,14736,5405,4464,1974,10698,443,15884,12294,9803,8673,12871,6695
13195,1822,6853,15428,13596,14354,14905,819,12619,1901,11548,14972,8197,10340,10141,12438,11672,14056,12537,132
16280,6345,5249,14311,12815,2782,12722,3703,7851,3874,3138,2777,10889,1518,8949,7949,14529,8502,9381,11675
9027,3141,12855,2669,14370,10539,4134,7734,9696,10660,2352,3212,14843,9641,10774,10443,2186,10632,12747,11747
5432,2353,11982,7001,9336,3413,14551,6589,11649,1953,11870,12785,4822,3497,5649,1509,12127,3587,11574,1728
8791,8264,6817,10843,14655,14965,11081,8184,12386,6849,10943,12968,5518,2409,1008,9103,11488,11536,5570,13992
15148,11373,5673,11975,8461,4332,10519,4564,8273,8104,14385,1903,11026,14807,13344,11312,11287,15223,4143,751
11193,10072,12285,3530,8096,885,11494,11190,14171,2821,12367,5639,8395,7858,12617,12542,8897,1169,5670,8765
2840,11545,8300,423,11061,15796,1792,14379,14224,13682,1832,10971,2730,11580,8663,11893,7310,9927,6309,15968
3911,815,5239,11188,2985,14387,14632,7025,2421,2501,6585,6879,9009,9171,990,6751,13833,12222,15528,6777
1060,15008,1019,543,10203,14540,13070,856,8226,15614,7943,1117,12154,6953,10663,8605,3614,16050,15794,8946
3639,1522,5792,5919,9001,16031,5094,8540,2021,2753,11765,8542,120,3428,558,5816,4327,9368,758,11524
11716,1066,4952,12828,13009,874,15563,15206,11365,237,10388,9683,100,12494,6066,15124,634,4697,7399,12079
1769,12901,15283,2201,11039,11098,10378,9266,8541,13966,14613,11514,11046,11550,2442,1889,2441,5140,10712,5083
7410,7830,6633,12541,4511,3431,1588,13444,11296,7471,2776,13113,5138,11838,11211,3552,6320,14783,10168,4405
13923,13474,10762,12852,11033,6250,13408,7233,1915,6551,1352,15569,15304,4001,12393,10218,14731,9883,12363,13607
6024,3790,11853,6668,11674,9498,6162,9471,13597,1373,14997,7125,15648,13251,4221,4848,14221,7658,701,1771
5160,10795,3655,16056,12180,15260,12007,4376,2688,3380,14084,1314,1642,1840,7952,140,14065,15333,5277,14196
5949,7166,14544,9707,8524,3479,10404,1524,1211,11038,4998,12417,15162,3461,14382,3807,1835,6674,14500,735
3606,5774,11723,10647,10699,14157,12611,10818,4814,13311,15463,9393,9807,2982,4197,9276,10932,417,11402,12387
14219,12005,9093,9866,13546,136,8780,1912,6097,11986,5375,14426,11088,9257,4337,3875,10172,936,2750,661
9510,510,9699,16125,13773,1581,2077,11713,5288,7115,11689,1520,10826,7038,2034,11613,1102,12882,3140,9082
12485,11338,11146,13973,56,2128,11348,5883,349,12246,4254,7060,8957,11858,156,2805,11335,10553,9514,7984
2576,7419,4690,12613,2048,8368,7539,7014,13039,588,13850,15951,12700,2185,6672,9319,2918,822,641,1134
9191,9520,9599,5696,934,138,6653,8127,9467,5020,14867,5529,10250,15762,1948,11965,6559,13295,2187,7634
775,12416,2113,13948,10209,666,7864,11819,12061,8622,8850,3176,15372,915,10687,1152,12884,15273,2437,3362
5501,1186,11770,11329,12863,12176,7186,3154,1663,7685,12720,15752,6624,6497,13957,10694,8820,15900,11694,10458
13905,12251,12344,11117,14618,11399,5804,4389,4602,2027,14659,13458,12298,6642,7376,9516,15658,14712,5418,13493
4494,1861,11656,15871,6143,3515,13228,15680,15548,11717,6882,7727,6148,15451,3290,71,15713,13074,4588,8189
3024,3273,2313,8690,5578,4914,12685,5404,14494,15790,12572,113,12771,14939,13299,7383,3980,5730,13874,9298
4779,10472,15191,11544,12503,14031,6422,2203,8845,11562,14737,4198,2606,453,13478,970,14116,16260,10231,5898
657,5318,3650,5926,15672,10930,5703,10456,5714,6731,1349,13384,1177,34,1412,10922,15496,11495,13226,2144
3728,1617,10494,3262,8747,2178,2266,760,2212,10446,2218,11984,5158,12588,11131,14664,13579,11178,13150,2160
13826,11718,8704,3667,11180,13886,11832,2712,15896,2308,4442,13025,11031,13559,4103,11917,12821,13721,9911,15808
10484,16285,7136,14727,11354,8476,14485,8972,16303,7228,3999,7201,7519,9926,16258,12982,3298,9425,11554,11027
7631,7054,3822,4268,12961,3338,14166,4107,9563,2076,7163,3294,2835,106,9985,10681,6536,5786,7360,14909
11822,9386,12220,3131,3457,5834,11473,11428,6746,11206,1966,10353,210,10779,3727,6273,5632,5399,9546,14126
4428,5991,11497,13254,308,1839,11617,3364,7032,1038,9342,7396,8109,7273,12112,10796,11182,3781,13574,11157
9086,1436,15357,3709,791,6267,2964,6681,6367,8027,859,15662,9743,14100,7616,15715,12053,3719,1512,194
10534,12413,9204,5994,14266,5078,14202,2931,2100,328,13896,12851,15687,3103,2439,14077,12580,1322,9264,99
8393,14022,12712,15263,15807,2792,8217,1297,14513,1207,8738,10493,11452,14341,7584,14707,14177,12157,11382,9700
11336,6012,12351,6612,1328,3181,6225,6611,11756,10451,7350,151,8065,14317,10572,8826,14035,4871,2761,5863
13901,1566,7913,3190,16342,9067,15258,3534,7010,13320,15106,3987,1386,13925,11255,1299,7231,3778,8458,10464
14856,812,12385,3263,2692,989,9858,1814,1275,14970,13880,7197,10939,1063,2492,14389,15650,13238,185,6089
10847,7856,2345,3613,14757,13853,15626,8607,586,6165,8548,4181,14081,9502,11785,14020,1415,2817,1678,13156
14265,13170,15611,6622,2914,11167,730,16044,13146,894,10184,15257,12933,14111,8878,9383,12965,6045,5606,10305
421,3617,11980,5839,14553,1657,8447,14143,571,6788,2430,11615,14615,15288,12849,13414,3892,4648,15448,11909
6140,2325,11898,5269,12444,12125,10945,15278,14323,11078,11861,8638,15491,2649,11004,13328,13188,5927,16216,13265
3602,3716,5244,9485,7778,9800,13943,437,14446,15472,1968,2099,5424,3152,14011,6574,2533,7665,10515,2033
5905,9486,8817,11611,4977,7044,13744,14120,1668,3325,13068,6496,5413,251,14504,581,15078,6617,1998,15908
5073,12093,3829,1600,11551,2705,14825,11204,12390,1350,4012,433,1421,10438,3078,12975,13603,14502,5904,6414
13411,2474,1188,15582,13811,13627,2050,8782,15485,11091,2376,11462,11186,3357,9162,14782,12479,13016,3819,16133
6919,3956,154,15771,12681,3773,10064,4110,13133,10589,13197,12402,2738,5906,15013,6440,13276,14006,127,11303
718,13665,1012,13289,14348,9997,11261,11283,7072,5124,710,8053,473,11824,9954,4970,11207,11454,762,14149
10921,4691,5241,14955,16110,9982,5146,3592,1288,12508,1474,5279,14448,7015,11390,12170,13280,15988,6955,4497
4919,4065,10791,14223,13196,4175,4527,9859,3765,4329,13428,3331,13599,3812,3794,7786,6944,15272,7213,7323
10070,6389,9013,7929,3665,3029,3109,1924,11911,7939,3666,15233,3276,13968,3859,12782,1733,15958,10739,14217
15102,7628,82,3086,9853,11935,1904,12030,12332,11821,2306,13008,10327,7428,11250,7119,8672,13706,3738,14647
14024,10584,16200,14532,5055,2010,5519,11677,4006,6231,7742,2614,3971,15229,10896,1719,15701,9118,9681,11964
11490,4724,16019,13547,8044,964,1585,6836,406,1061,11744,9017,12065,14603,14384,12264,8361,5259,16029,15550
13750,11621,8292,13900,650,12727,6022,3988,15337,9372,3660,15470,9882,13784,7250,15906,8084,13663,6027,7927
7916,9422,5933,6499,3449,6318,2045,13349,15321,7887,7976,3163,2660,9291,12039,13429,9760,6846,4226,11628
1691,7006,4894,8302,6136,920,1158,12323,9047,4166,4806,6093,14839,13707,15050,11669,16363,2088,5638,3589
10252,15763,14897,9856,9170,852,14155,4633,5319,12232,6478,11496,15707,2500,7235,13881,15745,6427,11912,15919
12725,9682,432,1754,13621,808,15204,10828,13484,12823,12718,15814,1301,14465,12779,12229,16350,694,9774,767
4502,2301,16232,6461,14232,13573,6189,12652,15557,7768,13961,12853,3397,11222,7909,15133,9232,1674,5974,13369
7251,5088,3017,15540,6606,9843,9705,14880,6448,7406,3615,10255,1549,11932,1547,11251,31,6663,5544,15938
10208,3521,6346,1741,3706,3528,179,8157,6004,5391,12742,14933,11800,536,14994,14642,16093,1189,1401,15006
10823,6485,11017,12022,10097,5502,11565,15954,16278,12142,12789,1985,12167,6071,9755,11116,13672,457,15377,6754
7329,16175,15982,16317,11942,14312,13123,1291,15605,2774,5617,10283,7495,3219,15615,3743,4782,13674,11939,14581
9656,277,9821,8263,7956,9879,5285,8444,13699,9750,14048,3908,16195,7964,3964,3177,9789,11011,15358,12631
9581,5577,8633,15096,8260,6700,256,14424,6349,15860,13403,3954,11487,3082,7277,13354,3186,3960,9805,6710
12835,12948,4649,13676,10291,11769,7705,13692,12262,2485,10970,3750,14241,2741,3424,11958,3509,11929,16360,10205
6981,1665,16252,10056,1428,382,9490,124,16219,969,10170,2727,2405,13468,14267,16375,1732,11126,8923,5200
11925,15865,16151,11427,14365,6283,1155,11479,7682,12269,2548,403,11476,4801,7314,9665,4601,6168,11558,7826
1873,3846,2863,12288,13664,5379,3439,2496,4665,5061,16070,8832,2893,14164,6804,4717,9791,10633,2455,9708
13831,16100,13731,9661,2137,8438,5642,1180,996,11086,11507,13054,14075,10490,1913,9938,15910,16262,1081,14510
10248,5101,7938,7790,2895,5695,2450,9202,8460,4706,11608,4996,10155,7940,10352,6979,11790,13521,10956,13490
1884,14276,11434,13953,287,11339,6454,1364,4892,15477,9503,1114,2662,13899,13703,11202,7544,14594,1283,9050
8729,14032,13549,15086,6873,14027,10034,11780,1394,16139,1612,3949,3474,2535,4954,314,14099,8843,15446,14811
9799,12605,13472,10244,14968,1854,6504,38,689,7599,16251,6101,13922,9655,5820,11761,15325,15632,5582,8507
13600,1252,7088,3486,5734,11264,14383,12585,15546,5799,10785,4346,3913,2588,13808,16099,7237,10656,15948,1463
12027,12616,105,1856,855,2232,14210,4055,8655,12792,15018,2589,4406,11638,7477,9107,13878,16137,13457,9403
3122,4292,1758,9308,15436,4913,9549,5135,6697,14550,2563,3438,5406,13281,10204,13026,10574,2598,12043,14751
3945,7007,6736,3871,3752,13064,6398,4125,9572,8659,11928,4780,7420,2028,1110,5635,15556,6525,239,12409
11956,7973,470,11833,12133,9960,8927,7785,14530,12732,10863,11831,15846,16024,1742,4076,716,13435,1615,1589
7057,13275,572,935,11934,7777,6783,388,635,10503,12168,8113,5459,3417,15437,14460,13210,2525,748,2786
8007,13321,9172,6350,11616,9793,797,13300,7540,3235,7207,6529,16266,965,10909,4611,1799,7815,7248,9046
12329,281,10206,1634,15640,7171,6561,188,2530,9993,11996,1010,8020,10905,2481,12183,15686,12006,12589,663
1397,10116,11262,13128,3054,11109,622,512,2545,11970,9210,14845,8421,9535,8114,6965,13397,6659,6774,14682
10122,11930,11379,3105,14377,16201,10043,15971,4373,13902,8643,8838,6607,5280,10068,2147,1693,7357,5260,495
7538,15184,13293,3932,11895,11758,11552,5031,8652,14979,3720,376,5313,15286,1296,15118,6572,13829,15056,12087
3585,8904,10908,6153,5784,4634,757,7414,12954,11688,8846,13960,5201,4083,330,13184,4794,10289,9179,8938
2913,10331,13772,12110,3019,4213,6030,11973,3760,15143,12842,8901,11603,9153,12477,15354,15327,11409,1225,10925
3333,16129,7319,14847,16276,2432,14480,3402,6018,11666,6017,8984,13449,11729,292,13223,10180,7192,9160,6188
15594,12430,16290,7155,11699,11627,10680,8996,9190,11579,14554,15416,12460,8115,6550,12636,15259,3933,4571,1670
14213,3165,13443,13121,15668,9174,15506,13754,7769,1987,5264,6921,1182,7951,12693,12548,13250,955,12697,6812
8060,4037,3221,16379,15155,10769,4981,2399,316,15011,5727,7349,10917,7722,15536,14921,12236,7724,11147,1556
16311,3155,10482,7070,14147,3796,215,15770,5169,10907,14926,11386,844,12166,2557,9784,15188,4921,1883,10631
15641,15476,9074,11863,10365,8810,2594,2787,303,8999,11715,11042,13555,12457,12219,7343,13851,4764,13558,15847
6818,485,15891,9193,1996,15683,3254,6220,1433,683,9300,14345,2377,2445,1525,7635,11588,5447,5845,6163
4265,15225,12521,1662,13450,2552,9346,12799,1459,2383,10518,1960,6343,1592,9634,11099,3786,16027,2826,15867
5700,11477,7983,13962,11282,4082,6329,15495,8419,14108,8276,11997,8218,16183,15466,5394,1602,8159,12084,13942
14127,11903,12461,7514,12989,1086,5291,6806,4396,12146,450,15009,3647,4368,3314,4743,6008,12640,11413,16368
3816,1737,3406,2054,6679,14670,15323,1140,3981,5237,7190,6048,6916,92,10024,12730,8903,9052,3823,15778
11133,12261,8907,14038,11297,12705,3239,15677,13114,5144,6044,8,11978,397,3745,16147,6281,10730,1092,12876
2943,5938,9235,5427,2252,9836,2346,10866,2961,10219,4832,8305,14204,13865,16270,14995,1870,15999,1339,15979
11659,8723,12632,15977,682,161,4630,8847,13139,7642,16273,12309,3923,5412,6883,4106,3107,2013,2036,3247
1863,8087,11441,7148,2280,11385,11351,12937,8310,4654,7112,1037,2206,2337,16186,10257,10444,553,11610,12250
4870,2748,8856,1096,13869,12780,7567,16377,14045,2491,8588,5506,3691,10459,7098,14399,6828,2173,5882,216
8411,1906,7580,865,15520,14302,12970,13563,400,2118,1072,16076,12646,14697,13972,5930,1017,13852,15864,10085
12791,6688,15798,14386,10045,5546,4591,2894,6691,14346,2159,8196,15315,1271,4519,5768,13941,9339,13505,14334
14018,14973,8441,11584,2335,4129,5450,486,2180,6377,1173,6059,14074,9474,14216,454,3634,14078,8589,5753
14666,1794,11315,525,12595,4942,5383,3597,2926,7699,6258,8390,7426,3311,5162,418,12794,805,9588,5026
13231,4685,10485,13380,11977,1002,4674,20,45,11777,13152,14953,3841,14509,1258,15816,9015,4714,5007,13078
8628,12002,9992,13399,221,12643,14898,12556,8982,14678,1335,6431,2626,11864,1104,13584,12097,14668,5657,1347
13719,5100,13978,1163,3340,2595,15266,2921,10008,14829,7797,7612,11123,12088,8220,13192,3811,1781,13117,115
12331,372,1988,3414,1336,13445,13297,12872,798,5886,6929,3081,5522,4752,8874,15067,13803,13310,9427,15100
2556,12378,15970,8699,3867,4212,5495,14525,10997,6248,662,2169,1001,5446,9293,7566,12342,5890,12990,4459
13,9175,12352,2117,14546,3199,7707,4620,11465,15220,12140,12073,11024,6149,11794,14869,11921,1419,4140,15512
3053,14534,6146,9120,3014,10424,2109,483,4701,14746,5377,8689,3856,8770,699,14764,5831,3279,5811,4356
10643,12328,15973,13732,12302,4643,1307,6295,13155,10185,15923,9948,12511,8705,11355,8078,8560,13916,9790,2326
3083,4577,14791,2887,14565,2032,14573,10830,12156,3169,9838,2454,2999,12004,15766,8215,297,7730,14941,472
5612,14412,4098,7474,1664,3035,10588,4358,2250,13499,12426,5106,1977,3948,13841,11417,3513,9123,12200,4819
9454,16307,9638,311,3440,12659,4338,13650,2721,15802,11357,2867,14013,9205,15401,15937,13485,13164,2498,2022
10304,10565,5532,6501,15216,3808,13294,12673,10346,12570,7056,4352,4873,10626,14611,7968,13076,15455,11818,15264
8348,6462,415,5433,10143,8604,6466,4959,15030,1969,1786,4091,11353,14121,1527,8387,6180,1043,14803,439
5403,2685,3243,14477,7861,12650,14992,5025,13729,561,5998,6083,15955,1069,957,14015,6871,2793,13717,8202
2473,5770,15676,982,13683,11107,10899,7710,5304,7175,14903,10023,7520,6107,10897,2663,14200,15894,15505,11002
8675,4258,9814,15961,3079,5299,7212,6057,7845,14535,7337,15682,10585,9833,14699,4300,2396,15178,10709,4730
6972,1907,5205,6405,12919,10442,8480,10246,3642,8312,7836,515,7793,12928,8980,1042,3551,7055,6474,13612
11743,2452,2852,12049,3310,9540,9868,9176,133,10854,13669,7322,9894,12423,5024,9042,6428,9294,9385,1982
14292,5196,8839,680,14496,2728,7931,3460,11498,5151,14915,10805,14661,3075,4210,876,5810,7413,5359,7023
4186,7491,5641,15057,13207,5040,4875,5180,11435,9539,9108,3858,7974,15373,9692,16148,270,8232,12482,10333
16106,8131,11366,2148,3036,5483,14438,16249,2995,9629,13138,3766,14822,13361,3293,518,826,3731,1703,2672
12668,9909,12433,6383,13335,5715,13926,12357,9752,3951,14299,4523,15430,6400,7239,15571,13193,13017,13848,9796
6056,266,4183,4135,16374,11735,7558,3194,14326,10740,14481,10552,13031,7373,9452,3912,14797,16330,1590,4542
15842,5679,164,1611,16321,1192,4172,4533,10772,11652,8123,7810,2275,6755,7907,10765,4200,14512,15603,1377
14242,7316,653,14340,4099,3171,10410,14738,9345,14145,1442,6824,4192,12089,14861,7150,48,15061,13082,2256
4456,15584,4864,993,13501,14841,824,793,12034,6644,1831,16221,10062,3389,14562,323,3733,8577,2458,1570
10702,6970,14625,13125,3992,3669,4378,2980,4263,7309,9851,11817,83,12846,4881,2410,8600,10757,9995,7946
843,15600,11523,4704,3420,2665,14876,14335,12567,15734,14597,8883,5724,3959,5756,14691,16310,7872,640,15834
12104,2512,13203,665,5256,2577,1138,11460,11691,13855,11360,10504,9565,12147,9112,15482,10580,6415,3916,9195
14415,4796,963,13824,4890,2922,5659,15940,11298,13258,6334,15433,4608,1300,8640,1289,11589,8657,123,14475
10113,14230,4798,5435,7690,16210,11499,10087,9226,1374,6837,6473,10228,4014,8426,2273,9102,8879,8519,15949
5616,3256,2653,9622,12324,5937,3724,2316,13861,4430,13446,8036,5292,12527,10619,9397,9680,4619,4579,1122
2191,8864,9152,15180,3143,11036,13661,10535,3095,8407,3730,2340,16259,11010,6673,13259,6744,6353,11575,5624
14059,10706,12774,7068,4808,14098,14621,9284,2105,10058,11587,2267,2849,5190,3114,672,6971,3448,7049,1329
5441,3444,16084,12752,14113,4749,3167,1203,11643,1874,15862,2857,12941,3636,327,6576,9639,12707,4416,15694
13618,6554,14328,12562,15368,8474,4727,177,14361,15692,12135,14490,13636,5521,1098,13296,13177,13148,13183,16061
5163,14124,9275,6832,14450,11425,6187,10958,8049,13637,14559,12908,9608,1910,6689,1843,6315,9462,7688,12765
9265,6388,15174,8035,12944,12190,13506,4896,9081,3092,5407,2609,10060,8005,15697,3121,3231,16237,695,10590
9967,13545,15141,9937,12590,1346,6844,12773,13504,14585,14814,11173,3504,7712,2226,4681,4461,10543,522,9543
883,12929,12446,3228,11567,1718,2483,12540,10164,8175,637,4446,14246,1270,336,6026,10627,14453,2095,15182
11071,863,16196,13118,9712,7046,8523,2654,5871,4415,15399,1402,9377,6621,6401,7817,8777,7073,5219,3217
16078,19,9181,285,2757,16227,7614,14275,9664,11141,2739,14103,11774,12800,15032,9330,16046,13798,16184,7347
484,2880,8265,1820,15918,15381,4729,14772,3112,13789,6813,14358,12055,15161,3757,9710,8427,4325,4683,10040
5347,11183,1580,1541,15499,7821,1237,2864,4828,4709,16142,8552,5051,5580,8935,12001,1552,3809,3265,9802
12504,467,4693,1738,3032,13739,15863,15000,12649,3737,7579,2944,531,13329,11522,769,12422,4380,9970,6750
6011,2494,2625,15913,12484,16291,174,15577,2697,7013,10953,14144,11153,9070,14519,312,4245,6072,14329,7063
13432,1722,9216,914,15885,13898,2461,6655,11085,10272,12336,4455,7588,9861,12738,1021,7401,5665,16012,2097
2729,434,309,15510,3689,7571,7994,15812,7429,1034,8045,2233,7522,5611,15830,3965,15727,12158,5234,14771
7043,7915,13336,3566,3732,6860,15967,3753,10875,8829,12490,12113,4964,10541,15365,8179,11367,3492,14652,11056
4157,11468,15659,273,5486,269,13520,3970,8392,1646,351,3561,8772,3958,2707,9739,11622,15564,11671,14770
16083,14988,16036,5844,5164,3303,5401,14945,13103,12320,44,1503,11433,278,13463,84,4342,7906,2084,5739
7689,8587,5308,12210,3577,12702,15475,11299,16016,7866,12904,5931,7911,8808,4984,2954,15044,9237,10993,3498
11130,3456,781,9409,13448,4969,15656,12959,4348,7116,7030,13290,14660,4340,1777,10790,5806,8775,13100,3160
5425,11798,13894,497,1548,11279,7462,10455,12408,795,1194,11124,8272,12101,12854,7279,11989,836,8101,16250
8892,8040,13887,13963,13915,15545,15561,14817,9679,8410,10934,393,4483,6671,8398,307,5273,14558,4381,8567
7294,4815,15804,2716,11542,8739,8787,7067,10967,4108,13760,8571,12493,5278,3630,6488,9971,1404,851,16268
6881,2523,9818,9524,10649,13252,15927,15462,10802,7299,6460,8813,1358,13373,5912,10737,2749,14982,6032,15987
2149,9704,8688,15665,15087,15612,14753,15014,13381,13291,13651,10845,7748,602,8385,2083,1150,10079,9459,10139
11605,10329,1809,8853,5633,5491,6446,10270,10721,6843,4384,11791,8942,14563,6445,7729,10998,8145,16060,12488
7080,732,6722,15732,2951,16189,3305,13912,7198,290,1305,13609,14929,93,13179,9630,2532,2856,6002,4296
8939,14689,9895,8491,10982,15855,1992,12737,14055,6208,1496,3022,922,11738,13263,10089,4312,1078,5583,5127
7757,12086,8351,13975,329,10044,3408,2063,15295,14352,13971,2428,12614,13230,5545,7981,13044,112,507,5551
7897,16264,15253,2210,12767,9922,2520,16179,2737,4576,13483,9018,703,7168,6961,8485,4869,11876,8448,8248
16131,8466,4173,11423,2896,408,8756,5581,14851,6531,4609,13494,3202,8128,6801,6821,9140,11062,8021,10835
3204,5492,14499,8636,15709,7258,7126,5222,14980,11184,11472,16351,8849,5181,6395,15249,1565,3834,15212,15759
10593,6333,8958,8058,9323,8947,1560,13728,8855,6360,1577,1640,14985,15271,14030,14631,13875,8416,7886,5604
6104,14542,11376,12019,16121,5440,6257,5392,5842,1337,14857,15350,5272,10537,771,2612,4237,1295,6996,3351
15592,8654,9229,7772,8684,8518,3878,6677,4044,16128,9281,15247,13338,8632,10566,15457,6939,14798,9245,11918
617,676,1085,7392,9078,7561,2812,3538,13572,10832,6253,13532,3301,14549,12048,7613,1886,10530,2392,613
14740,550,6484,834,8469,9728,8465,13038,15382,16281,9990,6319,14457,15410,13556,11325,733,13422,7499,12216
7524,6993,9649,1864,16246,5897,15518,7577,7079,12252,14827,4944,6652,16312,1308,16265,15092,14718,15736,6185
14503,3998,7004,13820,2884,3038,10618,5470,7684,1505,11045,3375,12313,2987,9530,7941,6246,13013,15775,5325
11308,9731,9378,5287,12516,7644,7176,4231,15981,2223,15150,11845,14133,2310,8955,9646,5847,14043,12587,16187
15705,9769,15016,13686,13767,14362,12391,997,2507,5914,9105,13859,2882,13753,10055,1064,974,9124,2746,14943
13511,10383,3950,14169,2070,9033,1293,13936,817,13693,12496,9331,5365,6141,13410,12862,2330,9798,2293,9227
12938,14574,1095,6121,3,13489,16194,16202,14003,14085,15765,16174,12723,1652,5112,14539,523,10277,9568,14240
2503,14747,14961,7022,8240,9000,839,5705,12553,3844,15035,10938,8228,14343,12796,3057,13937,2038,15183,15370
14068,14528,10498,14963,10558,5159,11889,5395,15108,4069,770,3096,9025,15123,11936,1767,9797,1629,13695,14109
12894,13096,12440,16043,10874,10881,14676,319,13077,211,3000,7686,12654,13019,16159,4207,2412,5242,6099,15156
207,13405,9143,5173,1993,2126,6080,10591,11537,4187,9624,11866,590,10052,7770,12926,6386,8774,14692,12949
15873,15310,10002,4725,13594,11224,10266,2770,3080,15121,3532,8670,9091,14459,7607,14518,15380,745,4540,9242
11,409,10227,11414,3984,8804,4317,10066,5622,11238,3697,10102,15425,13284,1682,4569,13645,5429,13660,37
4017,3135,3893,2284,4450,10940,5588,8208,833,218,6042,8987,1130,15084,2278,6595,10700,14593,8102,3226
15746,3641,14066,6601,8490,6196,15722,3873,3542,13757,15340,9310,6825,1084,2965,10629,1398,475,15524,6054
6286,12528,13694,14064,14086,6896,2341,14427,5742,4004,9878,4433,4095,10848,15826,15393,2797,2929,11239,3058
3403,5282,1821,12522,11362,5097,16030,2181,15210,2695,13780,1848,15773,14862,16220,7229,2733,15474,11906,14951
11871,1724,12831,2166,3426,1623,2824,12788,13173,3604,4816,12741,744,3721,2116,7596,2573,8006,5803,12406
14925,14733,12057,14119,11199,14711,481,14695,2743,3477,12020,3570,9376,15897,16212,1736,4194,6287,15636,9947
693,15994,959,9794,10514,16277,8728,15791,14278,1075,9312,67,9297,5599,15138,7582,3651,15125,15052,10268
8338,2933,1035,933,5036,9234,14419,1426,4616,14750,8558,14355,16177,11093,6495,8026,11257,14463,1707,2506
7969,10147,8088,1687,2397,2919,12999,6884,12348,5422,3434,13990,7945,14568,16302,12286,4235,13434,9401,1981
5284,14308,15542,15740,11816,13598,11349,4549,11314,3203,4515,12577,15553,841,12192,15934,9591,1281,16158,15090
5465,9651,12237,8354,8857,9369,6420,813,12655,8142,13421,5812,14189,3286,13169,14486,9247,4075,6841,7530
8135,5735,13742,12346,948,14483,9545,9161,2052,4201,3861,4748,12066,1424,10743,13856,15020,12465,13825,9197
1199,12957,14403,4773,12692,16283,4229,901,1984,14633,8991,5209,11731,13659,15085,12376,2909,13395,9956,13888
15255,1858,12466,13951,4865,6090,5134,3187,12843,715,3668,7955,13028,9844,6517,352,12679,15669,11163,10983
6984,15737,4524,9307,13783,14645,3016,4936,1125,4283,13066,7113,13087,6934,16003,11842,11156,11949,3540,3817
15639,946,6210,10412,14788,13678,656,725,13247,9973,16289,11194,15043,15875,4241,2351,1079,12888,5087,4669
14602,13582,4505,10323,5352,9255,9260,1925,1354,10976,8758,2292,1022,9929,11570,6579,3373,5559,16178,3384
14871,10161,15028,3547,2119,10423,4071,130,1054,994,5062,3450,4024,10891,6492,12018,2497,9421,10722,1837
4656,2758,10136,16057,11633,746,6720,6402,1120,1690,10994,4190,1882,7721,69,1324,10238,1170,13151,13684
14000,8803,11135,598,3011,15547,14314,446,8685,4447,8824,8246,8703,43,1267,660,15429,5202,15439,11151
4453,8141,3828,15801,583,6206,9352,1142,2586,10132,3930,3935,14976,10989,1868,14179,6426,3836,464,15645
2277,460,10985,7849,12607,27,5944,5552,3579,15606,7989,3983,10954,15411,12910,14442,4979,5372,7824,8430
14744,10099,3536,356,15985,16,783,6191,14388,7720,4990,12381,4817,14316,10086,15511,14688,9609,4753,8510
2819,13837,16304,6145,1403,12947,4641,7016,7437,13168,15277,1751,14833,1776,10551,5772,16156,10965,11271,16010
9039,4382,5694,16347,14001,4635,2710,6582,15230,10447,2253,4790,1149,4563,2735,6539,7893,16243,11142,579
15544,15142,9914,12520,7012,7661,2641,1201,13120,11654,8951,12860,7552,14405,2861,1798,13286,870,14187,7264
2952,149,7269,3437,3947,7137,6900,15793,1462,2220,15539,8116,3339,5000,9754,5208,15559,1654,5121,6645
5672,142,5430,11506,1431,1113,5109,4671,8665,630,13515,8596,15925,14778,13513,4347,11983,9558,9283,764
2618,14872,2581,11340,4421,15962,14826,7302,11926,11626,5675,13365,14743,15004,6305,8995,8584,11274,6316,10895
10114,7202,13724,15829,3952,2834,11884,14913,14781,7227,4470,14793,3425,15324,15560,13726,8580,6787,10393,14375
14761,13487,8872,5741,10545,8038,15215,978,3623,13997,1266,5628,1434,9126,16288,14083,802,8230,6118,2152
1282,13262,8339,11830,232,11043,1872,15501,3927,5796,5680,13091,7859,16028,5549,14900,6416,9662,6524,16167
16255,7835,4414,430,12051,6296,11176,11189,4893,3910,3164,8733,5005,14493,14400,282,9670,14875,3369,15699
4562,1941,1380,13204,3126,4159,3361,15458,14612,3258,5339,1608,8702,16355,9735,2866,698,14461,4260,4556
2838,8483,16114,2082,10010,2676,552,4130,9465,7740,13809,9332,15122,6410,10294,10520,14497,6252,14199,2051
13447,1212,12775,10838,2044,7868,2747,10112,3775,4295,13356,15731,4855,16248,3986,15218,3631,1683,15974,15179
3554,6941,16293,12714,3704,7624,9977,13147,9430,318,63,9142,2172,1154,6946,15316,9635,10483,300,1159
12864,11235,4854,4930,3189,4501,14916,12124,12052,11539,15243,5122,10929,15730,7954,11065,9382,6232,178,4477
1254,10692,15700,1027,6711,4427,7020,7391,1598,5166,5311,5736,6060,4904,3404,14868,14821,14131,10149,5555
8033,2176,12281,11789,5805,3717,2121,10946,8167,12682,9942,13816,8156,12719,1429,14938,1689,4558,11998,11890
6792,6328,1100,3074,7822,5726,16053,9163,3820,13477,9400,3522,13883,15384,14286,5044,1681,9515,3476,14975
7180,517,2460,9114,8328,15040,13266,14858,1215,8482,8095,1686,3493,114,15001,12486,8376,9207,2720,10096
9059,5980,1454,15966,8805,16197,2647,8093,4230,6748,14891,13083,39,12299,11144,7129,10886,6102,6874,5826
1637,6564,12314,6542,14564,2434,13758,688,4351,2801,560,12177,4309,12535,2106,1893,6274,13509,8399,14624
772,10409,12094,6767,8329,487,5997,8924,13063,7507,13668,223,7226,13358,16101,5901,860,2029,12891,13162
12098,6325,14181,13216,2374,10104,11330,1306,15459,11412,3065,530,346,7609,5852,7865,12023,12186,15010,15128
4178,8720,11192,2879,6899,8888,5698,2996,13161,9166,12672,9402,1533,6596,1800,13127,3185,6613,7219,14716
5262,12917,5595,1544,2976,9295,10789,9601,11220,5071,13985,1616,8517,8487,14706,8948,9776,16111,11721,5916
379,12768,5690,471,9650,14541,941,9057,3489,6640,5043,14849,13552,1453,4441,7454,7123,455,3503,10154
3806,4124,3172,8885,10667,3813,9984,2963,15256,13333,1,11966,1408,1227,13919,7677,8620,12435,9173,2329
4090,3026,7987,9426,6051,720,14601,8010,1746,4968,14507,10599,15516,11319,13932,761,9899,11571,4786,10165
10051,8549,10936,1644,6547,13722,923,11095,8836,13873,11341,9913,11726,468,16298,4491,3343,2934,16327,1033
7182,12601,5584,5015,15049,5453,2717,4999,9453,5609,6043,8913,3653,14560,14932,5419,10812,10124,49,8713
1614,2661,15664,1622,8933,6699,3422,12187,13538,11682,5136,9083,7693,15369,11509,16170,348,13313,13834,5193
3151,7221,8374,6886,13261,7238,4676,13673,6995,14820,15055,15034,2354,7303,5865,14754,11981,12046,6616,10824
80,2296,11337,5728,4028,3850,15467,10027,15245,11154,4164,11883,2644,11827,8032,6284,2883,10977,2321,6762
15261,10153,16120,8255,4568,4772,11561,15385,3714,2773,3161,2631,9414,13939,12284,5557,8583,15558,14128,3225
3763,13488,6215,15336,11114,265,8052,15552,7398,7593,11873,10368,6411,3708,15717,7177,5054,7408,15209,9433
3645,15782,6790,3459,12468,13189,1649,15487,14495,5099,15076,5161,10115,14110,1469,717,11070,13709,9506,9214
13535,11927,5717,15655,5719,13305,15781,5964,4707,4092,1708,12096,15062,3264,6067,13465,1226,16126,8139,765
7860,11837,1545,3643,15698,1015,1162,12033,13330,4849,9718,13213,8341,10394,14327,7899,8261,4771,16154,3174
168,9313,6557,13606,8082,11317,15942,2287,5227,14040,8241,9867,11839,8762,5049,2551,9043,3741,10586,5748
810,16006,685,9652,12913,1057,897,4224,706,1191,65,3881,8198,12283,3898,7532,13768,13662,7393,12224
1028,4518,3120,10602,1802,2822,10678,1601,14949,11143,2462,5593,6988,15306,2871,15228,5561,14141,8828,3505
7378,3299,6205,1371,13938,5889,6721,16319,7311,2285,5778,4906,13406,7879,13245,11384,9654,5868,10337,2324
3148,9154,14894,2502,6719,11058,1567,2303,12819,16329,16039,13475,5788,11295,4784,11293,14445,1053,14373,15169
16063,3101,12995,10192,15742,11449,4976,2814,4460,9272,807,15205,11331,9051,14057,10554,2809,14025,14104,16032
1673,2693,10547,7181,7417,2539,10356,9493,7565,13001,3831,12770,9446,15887,15082,1695,5531,9950,12206,15418
14135,9058,7114,4267,11421,2600,15456,10341,15818,1607,4604,3124,4638,3266,11517,6418,3788,5481,5663,2723
5363,6115,11019,604,15066,13872,519,2811,5147,9825,6091,2464,14589,7715,4308,2224,7300,6262,12273,638
3511,2724,16354,3607,11281,12337,7662,4965,2903,16163,11843,14694,8566,1176,14628,2815,13347,8235,12074,16284
2910,10744,8384,8986,5059,10439,1486,8282,11597,12721,14920,2953,1234,12498,12292,94,7465,10611,9316,5885
2873,5157,1208,13130,1089,15837,15222,2561,14398,8954,11208,8200,740,16009,13908,3488,13090,16094,3740,9304
16339,11374,927,6945,7687,620,344,4003,4151,5476,7162,8740,4636,15531,13611,6268,14671,6580,5656,7090
7650,11706,15402,1978,9315,2200,15580,5345,7389,1435,9007,3894,1051,8554,16206,7559,3471,4882,1341,2482
544,5362,16340,442,16231,267,3625,6962,12035,2635,3211,8741,2061,702,7926,4123,13955,8734,389,1583
3722,15984,11676,8698,11739,11006,12243,12455,6376,392,691,9251,13554,8863,12149,3046,15517,903,15976,10819
15308,10065,14860,14773,14069,794,10798,11563,3441,13439,7535,375,2369,11003,12379,7855,14758,4394,11943,2679
16336,14766,3600,10511,11886,4878,15991,3601,14339,15828,4397,14834,4126,12657,5132,14178,7589,3023,14656,526
6278,3729,10507,16185,1680,628,3192,8022,1971,14842,16198,14163,1917,4345,1216,12836,13351,4214,9256,1251
4640,9579,14052,2616,10445,13034,11763,15924,7359,15795,13882,2937,2568,14016,15488,8405,13655,12943,4171,4536
1516,15484,5996,2204,2708,773,10415,5349,9903,14416,9552,5900,4458,1105,9996,14552,11381,78,1715,5251
8488,3251,11636,8771,8871,734,6172,15274,2248,5600,2244,3715,16161,6326,6425,8201,592,1887,14492,6885
5182,6413,8365,5344,11532,6521,13012,4737,14371,16168,13844,10868,13393,8133,492,6555,4792,6784,13870,7333
3939,13020,14368,10525,10453,11486,8527,321,5075,12669,12958,5894,5723,15975,2199,15776,11400,10579,3990,9029
3931,1813,22,13217,11018,15526,10183,10610,410,431,7663,6482,7276,9019,8177,697,15186,3735,12565,16213
15959,11359,13479,7820,3162,10960,4736,3300,15586,3575,1489,11160,968,4222,8493,16378,15591,14235,15693,10578
11809,4837,3897,6310,12814,15317,4926,14214,1759,12032,14249,3044,13514,12419,15893,10460,6625,5716,9036,5822
8207,945,7246,4642,2495,478,902,14584,13075,8599,3197,8745,15789,3863,7691,14742,2423,15031,7515,10012
6522,476,12936,2398,10637,7508,8968,11875,6053,9366,12827,16242,13986,4146,1238,14296,4781,16109,14767,474
4016,4659,14586,13134,4699,9128,6543,15651,10384,8023,3415,14579,1791,674,1018,5779,15374,12806,6763,12356
14934,12642,10756,11730,16080,4253,7132,5458,15497,15311,7641,9373,16225,2254,14919,10786,11445,15741,14672,14713
6266,6234,16055,7108,15074,6006,10811,1286,2611,14864,11754,12114,12410,10376,1596,12383,12751,3007,14684,14443
9135,3368,14967,15483,16146,9077,11009,15963,972,8761,1847,6112,7590,10825,7051,9842,2764,1859,12471,3464
204,9577,14987,2674,10407,12750,1441,13644,12844,10962,11493,11064,5314,7921,16353,6662,13186,14470,2851,1206
2222,283,5041,12666,8335,10608,10302,953,15048,849,15886,5111,10596,2269,11783,1030,2239,670,9224,7244
3922,12431,4121,12241,6670,14588,2065,4057,8080,8908,3473,2217,13862,11640,12550,8764,7366,2184,2140,1135
15805,14958,6646,15941,13234,5854,2892,12400,14192,12996,5364,6182,16149,5176,9020,7498,370,14505,6001,16217
14818,5355,11772,1482,6241,6031,15027,12375,14643,16162,8833,12628,14244,15915,6381,4974,12013,427,16073,8420
11446,5257,11508,13201,5879,3918,10292,15670,6943,14248,15654,5824,4412,12099,8556,8289,13778,4298,7390,7648
15461,15079,5480,16238,1213,2640,5793,9241,3982,5846,15578,15189,15883,8176,7225,11089,16025,6850,4019,13132
4507,14685,12500,8431,8967,1563,171,5610,11034,15635,8624,12991,2389,9869,8796,10411,4684,3377,5899,16118
8304,8731,2877,5115,5958,3519,10274,10839,12684,14870,13967,5765,5548,10189,12810,11841,5130,9240,6756,3195
16104,5596,13167,3573,11696,8812,11540,2197,11852,7937,13920,16155,11695,15282,14566,4101,1905,1209,10727,12987
14846,9337,5782,13766,13027,15452,14257,10435,1477,102,5959,8182,2655,15077,1003,9584,13470,8002,11436,5775
10083,1330,16143,6987,14404,2868,9463,14080,8332,8767,14805,4377,12129,7834,4967,15307,182,9358,166,7387
11323,2538,16015,9151,8194,13272,14452,16369,13242,12272,15803,2831,15185,4391,9628,2375,11740,15194,2701,4180
4742,11795,15861,10852,3157,6725,4535,4270,1591,12576,4133,5133,12895,12798,2927,15739,3097,8658,3168,12195
9847,3227,7053,15624,6675,7680,10298,2311,9554,3466,3784,5454,8928,1190,9254,3067,1062,13136,5594,9828
5320,12044,10707,15159,5361,8270,9787,14430,16047,12757,1846,12930,1929,8050,1568,16191,14654,1595,2941,12749
10882,11519,10974,16269,14434,14572,11914,14923,7578,5907,6992,12813,3550,2263,12858,9824,6095,5655,4655,3021
9900,12513,4451,4653,11834,4989,371,16324,904,9286,1274,7910,13804,4051,13052,12969,14536,2766,3349,8055
15881,365,7263,10691,5246,5503,9631,10390,6120,12934,13067,11687,7618,15827,14901,6857,8979,15289,8706,1930
11511,13814,11820,7091,2858,12740,458,11278,6649,9964,16059,12925,2020,1487,15236,3006,11733,12464,5547,9829
888,3020,4403,5118,6980,15728,14233,491,199,790,6752,16376,11681,16140,6765,10046,593,12171,8253,14749
8243,2841,15042,11877,5058,7346,12015,2935,930,4387,1087,6797,5946,3335,15714,5707,6363,1389,7672,13988
8415,14641,10254,5569,7259,10469,6142,3458,1233,4097,2073,3654,11704,15041,2540,10601,7069,4898,13536,1554
9725,11110,2779,9455,6827,500,4818,2853,7966,4915,12802,7143,12028,4417,7084,7673,5456,10325,1139,7161
7602,5660,5835,13633,4718,3208,5512,898,15579,8212,540,9512,8308,11653,14042,5718,7052,9320,9261,2829
1217,13102,2591,12078,14193,15629,12950,7733,1345,11265,10221,9223,4625,6852,13376,4252,12837,11778,139,15788
3133,12071,9767,5692,5187,1204,9855,5589,6534,6342,6077,16337,3758,10171,10354,6911,7745,2756,7019,1294
3707,16247,14073,2241,7557,16287,7829,12793,2327,11922,15326,3962,10269,2017,9466,8844,2668,4476,1850,5597
12547,4081,5189,13642,7762,2064,9583,7133,1704,12953,16038,2731,15758,16205,6816,234,2843,5337,600,10980
6470,1311,14844,5574,5154,12047,10759,3658,5443,8610,4239,3376,4975,16215,2384,5791,16023,13977,8906,7298
12648,7980,16318,2108,11277,8916,25,2213,13061,14274,7206,3170,6226,6604,10386,9390,9139,6494,4350,12238
15400,7802,6455,7668,11418,14262,4341,12867,12711,2361,16165,9892,9062,15839,15631,3726,1440,1383,7841,16371
14218,47,608,1181,4314,11266,3940,907,2040,2131,12172,10193,15502,10475,13461,1927,275,12492,9187,8280
3523,3739,2098,12962,15398,10381,2510,8187,5286,12506,11708,11471,16034,339,5475,6698,10029,5463,12909,5928
6632,5195,8321,8591,4874,10190,10177,3516,2261,2238,7434,12347,12092,13093,73,4830,7104,1559,8355,15285
3994,13307,13764,8424,8651,3640,13418,4857,975,5977,1223,3374,4978,12879,11380,13267,11115,15415,16169,1219
364,101,1892,13791,6532,15195,3280,11948,1129,13774,10616,15131,3216,514,12395,1472,11029,2763,5725,4888
14,4228,11773,6160,8414,3507,10263,10651,14319,14252,7463,14952,11118,10540,402,4586,6050,2417,2264,11648
3857,5368,7361,13638,14122,14279,9008,15703,12081,13018,11775,2247,5212,2291,7714,2433,4311,7005,6738,10273
13104,6508,11309,15270,10033,3544,6436,14236,16338,103,13394,1709,10711,1257,10401,4672,5645,13541,9573,2886
6851,12082,13601,10658,5183,6713,6888,1576,14729,14433,11128,4030,13080,5764,12866,9344,12340,4079,2508,5677
16160,6311,5713,10082,12769,3637,108,1599,413,2587,9212,9464,5090,5411,5012,10673,3093,8015,10969,13688
9747,2983,4793,8645,7283,13530,9831,4048,13635,10614,9657,425,286,5230,12760,9087,15303,3288,554,12557
6169,5275,11165,3851,12833,261,9586,1875,1774,13391,7787,13032,6620,12869,4508,811,7412,14162,3274,2382
1365,10462,7502,4795,9975,13023,905,10749,4710,9968,5102,9233,9334,13608,1327,7295,2888,12145,7174,12753
13072,11223,11230,4544,2342,15617,3117,7476,4610,5527,16048,16152,8309,10542,7967,12993,9724,2039,13037,12939
