15784,14035,4727,15714,13929,566,10372,135,11359,9344,1858,12963,1432,808,312,8367,4267,417,1485,7721
7341,7547,6561,11761,1804,12352,2401,14490,2316,14847,3741,2887,8791,6382,3018,1309,2447,268,11595,880
7942,6859,2111,13416,3335,15561,12182,7963,12914,7740,11846,2722,7803,2367,6469,4920,4286,3211,2084,1127
1065,11182,11933,7199,9903,13933,1363,6954,6442,4814,940,3471,8275,817,14770,14660,8984,15330,764,16357
10416,6671,552,11987,523,2352,2951,1017,7861,3571,6014,2680,625,1999,12639,4100,521,13926,13270,7266
7594,5595,4549,1454,7602,10644,7801,10184,11902,925,7117,485,10864,14059,4805,7670,4393,1526,6075,908
11189,814,4898,10075,13472,15831,1182,2279,4516,5837,5715,3695,4371,4761,5571,1315,13121,7301,14089,12702
9907,10894,4741,4453,10201,9389,12655,3833,4569,3844,5815,851,860,1014,13130,168,9560,1961,2509,10902
6984,9239,16358,9874,11912,5071,6689,12486,8495,7303,2015,11682,14416,3771,13503,3944,6638,5861,2363,12371
8904,7811,5947,1459,11452,9743,3313,7824,2950,8577,819,8035,10470,7902,4586,8607,10506,14962,14952,13071
760,4197,9601,2869,964,8664,2599,7890,6961,9791,1426,1079,2817,8541,10577,8134,15384,5611,6329,13666
2311,2487,14693,6029,3343,6604,1267,2791,15580,7511,1799,12280,12129,3625,3851,1744,2402,823,4921,4835
945,14558,7160,2888,10495,11058,4817,5000,9947,6930,3773,1038,16049,6642,9974,11361,3883,13661,13521,15522
15115,9730,4810,9635,15080,9565,6290,1142,10961,5150,4688,4096,7908,3770,13596,11255,349,11236,16145,875
8445,5631,8925,1143,7062,6349,10857,38,11020,2109,7867,16178,14688,2169,4194,7519,8469,3074,14638,14944
2649,7915,2017,6099,12012,9661,10547,11108,6595,14898,4217,6680,10022,7175,10393,9450,15921,6056,3966,16028
5725,9028,9215,3081,10354,2646,10223,10139,5005,5431,9243,12318,8764,5057,7498,1756,510,14063,9603,4992
1101,4183,9179,9728,9647,10792,2932,12117,2221,1060,3053,14646,7881,10491,15169,2229,6112,8006,7882,7359
6345,10037,13571,7933,4101,8144,13551,15773,1971,13406,12054,2183,5819,1500,13941,6792,7295,9987,2486,8477
2058,2805,13827,4780,5669,13215,2123,8402,5478,7318,1203,6366,7418,4458,11789,14472,12323,13004,10950,1388
1338,6423,7585,4173,936,1299,4540,10375,10415,7064,3127,3117,13030,15403,13261,1765,1727,9198,12302,2755
9534,384,179,7441,630,15054,10376,5136,9921,2871,6682,1573,9031,11914,8645,1368,4094,11133,10979,5164
4005,3136,4726,12024,6089,14021,13026,8156,6178,4917,8593,6132,4282,14982,3869,1150,1579,5285,11908,4618
3439,5798,15793,13578,13142,2926,10257,2141,13272,4256,10489,3603,7136,12006,5378,5869,3064,2366,7312,7531
4182,11263,7772,7852,14540,12418,7654,1660,5040,13761,6394,8091,7570,2609,688,15635,12548,3181,2774,2430
2283,10226,298,14480,7047,1690,13936,10747,503,1981,5099,9977,9506,12883,15310,4469,1604,3648,8216,5351
2961,16196,2202,6836,2037,11678,4856,492,12087,674,3724,111,1862,3659,1081,15098,9954,4760,3670,6389
2963,12953,3635,4429,14433,7965,11412,3315,6091,4990,24,8464,1146,13177,3815,9330,4902,12913,11958,1580
3739,14795,12780,5559,941,8700,7646,2506,11995,5483,3038,9201,11446,1964,5813,4288,15022,10028,15977,7415
3738,11906,7560,15038,10080,4527,13442,14171,5775,418,13356,876,9138,14700,12442,9604,1468,1209,11936,5625
463,6309,10846,1218,8499,2412,3188,15269,4239,9551,8599,7720,12830,10259,4894,8726,11526,12970,6032,69
9218,13250,15117,4293,10357,9220,4746,11866,3617,4260,1909,153,10008,8382,5397,7291,4694,7980,7977,2673
5340,5245,2588,10268,913,2263,3243,843,2036,5686,1168,4623,6904,2204,12180,15143,14516,506,5126,13068
4888,2370,10394,4128,2050,6976,2108,14375,8384,15724,12048,7437,2467,4543,11083,15936,4162,4234,7182,7605
2477,8051,6016,4452,14586,689,724,800,9705,3735,2547,15279,16058,8241,3627,12102,6587,15432,10316,8623
10870,1392,2970,15037,2298,2116,5088,13924,3433,6843,3878,9109,16128,5691,1107,14062,2578,4808,6873,9241
5479,5266,5442,162,1634,12317,13016,13175,2577,10311,9160,2701,3539,5041,6259,1568,5492,4771,10262,3957
1331,15808,15461,2708,6173,15093,14713,8811,7090,13542,14979,14655,13110,105,15409,5585,2992,14498,7795,12797
2395,9608,13094,12287,5979,12338,1123,2490,8927,8582,13940,1596,4114,4753,3602,13597,6912,6996,8481,2399
10054,3814,3256,8538,10805,12018,8754,7131,1261,6119,1997,2707,5486,12189,13234,14254,3382,682,12786,11330
9026,171,7164,726,10373,5109,6237,5799,13112,7546,14791,4336,8427,15322,3046,3458,63,10637,5984,9476
6544,4298,3079,6987,3311,13422,8578,15979,779,14510,5703,1942,8067,5882,12612,6809,2692,597,6536,11502
4025,4249,6962,9914,3567,5918,13686,7817,4401,4723,15674,12221,5854,9318,8096,7445,11556,2953,143,5156
1029,8757,6616,9285,7872,5346,13479,10683,9321,4520,14796,6896,1840,918,6161,11631,6175,4236,3820,7637
1290,7644,805,5616,3179,2923,3499,475,9410,14899,74,3487,6881,1106,3033,6144,544,8364,1661,15557
12427,9689,12875,15786,6999,3974,2187,4926,12739,8633,3979,1083,4724,6528,2025,9072,1326,12844,711,3989
11481,9296,6438,13624,1563,12207,2068,2834,649,9576,11618,15257,8525,3269,637,1258,3638,6736,10246,12142
9983,15009,13003,7158,460,4444,9707,652,9989,1229,4409,2862,5044,5644,4916,10381,7335,11217,10011,5904
14331,13108,4219,7239,1860,3450,451,9394,1715,5042,3843,6078,13134,2152,889,3071,7603,7979,13438,15884
6813,10329,919,3589,16041,15656,853,9249,10951,12056,7365,5291,11342,1046,5643,9205,263,2788,10664,11820
2671,2801,2616,10099,12646,7618,2979,12022,13862,13796,3,7396,6031,212,10810,780,14703,14134,11127,6815
14816,2188,2342,10646,9081,16164,11329,5075,11054,11475,13274,4059,1548,13602,14538,1575,5771,10498,5871,13621
562,2876,16272,10819,7440,4775,15268,9434,14432,2499,14992,10275,7990,3580,3504,10072,15569,11509,4253,7500
167,3138,14875,10575,2653,7245,12791,6123,1069,6087,13351,180,7574,8285,9599,10255,12956,12650,759,67
5082,10895,14160,3396,8049,8931,10767,1311,7995,14180,4764,11563,13927,14845,10083,13563,715,574,1572,3901
10874,8771,15645,7463,5052,10069,7103,5968,12247,10658,8248,6897,939,16113,2644,14565,1721,13693,8045,15847
9504,1097,5795,2468,9917,11242,3036,12406,8000,4595,12016,13413,12792,4881,8256,11606,5241,11252,15904,9839
15533,641,1689,5230,1652,4250,7557,4830,2943,12459,670,12853,14534,3655,7499,2517,10674,9051,4877,7515
11406,4927,15626,5079,7316,7823,3703,9165,15665,11337,8783,5849,329,9365,1085,8553,15094,10111,2451,5004
16147,1975,6892,6219,14621,12443,2074,13984,13204,15833,10353,6747,11391,1559,12310,4615,10444,10499,2173,15563
12749,1809,1818,9804,3281,4796,3128,1866,3783,2955,14921,8694,6707,9085,9830,7459,2394,12314,5141,7436
9709,14152,5016,8903,8587,9250,4981,10606,3945,2032,7650,21,9772,14195,752,11868,15624,604,12107,15933
12717,10214,248,2553,3372,4637,8040,3068,16236,10007,13679,7697,12138,9844,5833,5735,14735,3679,293,3540
10727,3623,4495,666,4456,9779,761,888,272,15463,15984,15744,5341,2763,9284,9529,8922,4385,15982,7868
5817,11382,1921,5013,11857,9256,1683,14466,13885,11007,770,2511,1600,8435,14857,15393,727,11505,9786,12583
13689,14379,8266,10668,8879,5511,11095,6746,12137,6564,6500,9924,13962,581,2327,11694,144,12962,15082,13324
4675,8884,5724,1900,8863,11355,13255,5384,10418,11724,2613,4953,2277,11167,5518,8853,9763,14690,4589,10634
6069,5100,9780,6982,10413,1842,14724,5153,7349,4399,6630,12322,78,13762,14168,8220,4189,4900,16081,2443
4097,1380,9013,15419,1875,11588,496,1988,10666,15335,8621,7354,7718,15293,8672,13340,10914,4616,11048,6385
12570,1075,13570,5435,11579,12575,2197,2920,2356,6971,10000,10391,59,9383,14897,10493,6188,15705,6597,5567
8773,11268,9382,9938,15057,13839,16277,6921,11854,961,7850,1126,14592,9471,7267,15934,2661,7290,9174,14425
16289,14233,2031,4192,10126,6037,14391,9714,2296,16110,4630,5093,886,14476,8729,10815,7176,15102,3774,8055
1486,14827,9757,11428,5509,8842,89,3667,15030,6003,563,369,13923,12534,7471,3787,5694,8723,1025,3106
4039,10704,16335,4533,5129,1189,9840,15792,12998,14494,15715,784,12466,8416,14026,9816,2848,1023,8141,14905
1741,13201,11239,8461,12468,11753,1007,11100,433,176,14000,1685,267,7672,11483,3921,2075,5026,4882,5901
9317,3062,5593,13779,10337,7383,4038,15272,5678,3709,4682,13287,4594,6239,7477,8022,14896,3508,4459,5952
14187,14478,11779,1553,12708,2944,4017,13631,3606,15592,16038,12689,2334,12304,8148,1382,10794,12422,6210,8613
6094,7181,7144,126,3933,1768,2912,11353,6236,3767,7854,10319,2863,3277,5203,12284,8923,1032,13608,13985
6656,3453,9015,2858,5166,1888,3349,6386,11890,14742,16084,1324,8269,14891,6679,5736,9222,11287,4231,4026
7304,14084,2694,15167,13501,10847,12807,1440,14070,5990,9960,11976,10250,8473,5151,2155,14240,2828,6234,11295
12691,4909,317,2124,2258,8470,7423,2428,8840,4691,3626,10024,3011,11358,10937,10230,13414,846,11235,4442
303,2177,2456,14136,2787,14072,11610,1726,4019,5988,10701,15546,1253,11944,11016,11400,1491,4076,8519,10002
13930,5401,15343,3720,8419,2918,7002,1245,2870,14475,11415,5427,14123,11647,5802,1070,7969,12738,8044,9188
7994,583,15655,11099,11110,603,4068,12369,12346,9274,13366,1407,11644,13048,3065,1332,16249,10793,315,357
1728,15634,5539,10096,4736,14620,16043,14989,533,10276,6346,9787,9437,5563,6160,6906,3300,12052,629,4270
10414,5374,11422,4605,16086,7447,16069,8369,12451,10234,2373,10878,1132,2381,6416,13512,10523,6073,11141,5708
2319,9248,16339,16244,3681,3427,2306,7825,9664,7610,600,12951,12954,1394,41,1813,12219,15552,2622,9259
2178,3474,15783,2007,337,9677,16139,13216,9118,13430,13477,11427,13044,3253,15606,1493,4445,12381,14396,12835
11520,3500,2766,9856,4668,6001,10163,2602,2510,11299,8565,681,5807,2719,4646,10837,9226,13077,13252,2551
15547,6194,15378,2088,9281,11297,2213,12206,5945,9045,6061,13658,2069,2959,4963,2568,9899,8084,16234,3600
2405,518,14877,12078,7091,2635,2147,9855,8404,7013,949,5965,16200,10822,14593,12504,3105,11590,16089,983
1140,11300,8381,10482,3139,4144,10021,12917,10898,119,15457,3699,12278,928,2195,4952,8062,15238,9881,3949
225,14715,2257,6942,4559,2251,4980,1817,13695,14812,15896,14109,10046,15137,3067,9995,15136,2906,12132,3702
9111,7745,5201,5966,9857,5318,2854,11525,8397,6317,2448,2503,4473,16182,11349,5074,2435,12251,6619,14954
14940,10142,5265,8906,5063,10896,12470,6547,1022,9475,4265,7665,15860,8777,13453,1072,2623,11451,5697,10601
1301,6264,275,5972,5953,6655,4125,13971,4394,11106,6856,7078,4129,7116,10881,3048,11253,15959,8090,13462
572,10221,7865,1043,9406,15145,9741,14501,14352,4373,3423,12945,270,1673,5363,4317,1238,6314,6039,7146
11968,2878,1378,3099,14334,3217,10966,8399,3307,11577,5137,11034,4054,13029,4018,7343,7551,8224,14867,5958
5859,1361,8732,15366,1782,2558,7496,4781,12275,9300,13589,3007,7053,1544,4850,7701,13514,7168,3619,14580
4266,7137,2228,6808,7331,8900,2813,2903,7691,4602,8368,10330,6153,11717,15420,12119,1811,4851,712,6142
2086,4576,15431,8,5426,4301,2546,12031,12598,11339,5897,2883,1151,10153,14511,14069,4284,12771,12480,3328
2091,11655,5848,6059,8572,57,3818,3151,2598,3713,14064,2193,6699,4587,4404,12572,8631,8312,476,7627
6542,8784,15938,12634,11648,2034,1337,10967,3116,9922,6791,3089,2652,9162,624,550,9020,7040,12126,1836
4028,2910,14618,4210,3534,7330,14733,14011,3641,7964,3990,6768,10216,10425,2325,12441,8164,7286,10564,13714
3704,13896,9742,6507,10840,6353,13492,5538,3040,3726,1133,4751,4865,3161,9016,8970,1509,6095,7707,14322
6205,9128,7242,1790,14388,14312,7763,16278,10517,15754,8693,2254,7171,7733,8475,11714,6941,13775,5334,7000
4518,14297,3225,16076,3306,5312,8048,12991,7987,11378,5020,5773,2674,7924,14255,11237,16177,4625,4108,2523
3168,3574,5955,6128,11536,11967,11411,5618,3951,9499,11559,6932,14107,1645,14542,11766,4110,13198,9006,1499
7680,16159,12990,5971,1202,10865,13087,3393,15614,14903,3597,7296,13360,6716,8888,11855,9196,2351,12955,3130
12586,11291,15598,2987,10406,6325,2232,5601,13705,5638,11450,3262,4326,6662,5326,5054,1145,6126,16338,1381
15086,12321,4472,1055,6633,5207,802,11768,3435,5358,11988,8977,9751,10097,148,10906,15061,6331,8518,1207
5609,3934,7894,12901,1009,382,13392,1732,14215,15154,8536,469,4029,13736,91,4756,14720,13599,232,9375
8561,16352,4248,7265,12992,4343,14316,2001,1780,12159,1554,15997,13516,2636,8948,8379,3902,15946,7726,9149
4478,10768,13326,9554,11288,3308,662,294,5098,14184,2769,15895,214,1360,13199,9087,14446,8586,6070,5010
14143,12643,128,5696,14539,7991,6280,5362,6550,8889,6190,15532,3404,15438,14785,12505,10758,5293,3257,3852
7074,3346,5878,5103,2545,7857,2210,15150,3463,11309,10476,9017,1044,3190,5911,6311,11403,1767,830,6043
3104,11752,2422,7734,5961,16020,9671,3352,8543,14829,9585,2378,1778,5231,9489,4104,3001,2753,2393,5550
8808,6785,7362,7813,15047,627,3531,2770,2190,11770,1595,1498,7534,3452,4308,4598,3995,13347,3650,8390
1222,4430,12544,11307,1244,10823,2317,3025,2938,7769,660,14051,13765,842,1307,9234,7439,3689,10133,14614
9264,7216,3980,13251,5529,15641,13601,9100,9999,14971,9939,10266,15290,11471,8294,15292,3938,11946,11836,1854
9615,6480,14662,5133,5597,9423,5194,6713,4037,5862,7629,5624,14923,1865,14609,6050,6745,14924,3279,253
8887,14817,2278,9018,360,14920,10853,8199,10797,10723,15012,1455,348,9759,12969,12558,6644,6245,2515,15662
4381,5257,13733,15628,7105,14642,7207,7412,11592,5995,13692,445,1945,14127,8550,1001,5364,5532,9010,12699
1823,7555,10571,16245,4659,12833,3215,9334,1976,1521,2504,11228,1830,16144,4070,4515,7204,15513,15274,1187
13446,5043,1763,6628,4366,3221,15777,10530,12161,3615,7856,6766,8291,12291,3505,14389,3823,10112,906,4147
14427,6272,13196,1200,15853,16037,11840,9727,773,13396,8287,5134,12964,13135,1260,11709,998,3513,8244,233
6405,8941,1048,4982,2478,5510,7253,15034,120,10948,1658,8624,7771,13949,12148,7323,7385,10745,8659,9794
10248,4016,15611,14691,5376,10469,7548,10335,7324,14397,9521,14043,3201,4591,4563,4719,9996,13818,14792,5679
11653,1241,1682,13302,5507,13533,10030,15586,2397,5702,6429,2909,15529,8170,11643,8737,4651,15576,7569,16133
10690,2895,2627,5540,5841,9517,10680,7464,690,12197,11756,15676,2313,5938,10612,5200,2771,5762,9432,7260
3163,1859,2853,15770,12004,3908,13535,14464,5298,4057,3166,2114,1234,765,9545,8082,6832,5110,16350,3859
342,6486,11810,6141,10903,7070,3888,1400,5067,5191,15492,1511,4895,3295,5349,12546,14681,12342,5033,11357
11430,14950,1783,4358,7342,1620,1948,6293,1861,8614,11420,12071,8569,11561,10187,5834,11876,3618,370,6357
895,9299,13890,1471,9582,12903,7819,3292,7732,6461,10882,9578,5872,14820,6067,13425,5884,4071,11135,14626
14846,9949,7623,6053,14822,3224,5227,2643,15230,5829,4940,7111,5155,13331,10722,1005,766,4846,11665,11727
3691,7198,8628,9134,6878,10901,6913,11710,11875,14454,10593,15600,2128,3464,8964,2000,9936,3674,12884,12366
3498,7405,4804,1284,3858,8482,10615,3725,11915,10890,9398,12296,3961,8327,11904,5763,3399,4672,15858,5455
986,9552,1535,12088,14197,6916,5078,14853,3370,9426,14315,11903,16098,4055,3326,1314,10349,178,10094,12556
3864,8457,7288,14808,2275,7549,15501,2020,5615,4427,4820,5778,1944,7927,6676,9737,5950,5700,10183,11147
1570,51,1938,3763,15601,6905,4342,7360,14826,4671,10363,14748,6222,2081,6268,12216,12198,7630,3598,12487
7571,11042,4149,1725,1653,3766,392,5127,8837,2677,9146,15066,6885,285,8688,3698,4166,13219,10053,3298
13546,5130,5382,2002,7446,15305,3854,14164,3746,4179,1089,1522,7675,9064,7320,11486,10263,12439,6377,9348
6631,2423,3356,15223,1978,14258,6811,10408,14519,1542,573,12641,9407,12947,11793,9945,8506,15854,181,14572
3222,5171,4530,6372,1342,10734,4620,4674,4142,9421,10222,9680,5560,7922,9651,7188,10162,8255,6548,3316
9202,3206,8217,14224,7084,12010,11231,10105,7625,12005,7233,5752,5681,5248,3402,14032,3955,8016,7694,2385
4450,435,7575,5112,14880,6125,12055,14363,834,5344,5660,3113,8761,3931,15437,12746,6177,11163,12281,3483
6677,1699,5515,3737,701,7289,14752,10717,4157,15311,14777,1671,642,5430,3596,9841,15548,7254,9821,10144
262,14584,1775,8342,4027,13081,4124,14560,10737,14821,1399,13973,12498,2273,651,3501,6974,9867,5443,1496
1748,10995,6308,2803,8323,3963,6417,16270,16104,11180,10229,15894,11871,4635,3696,9014,4167,5738,13499,10397
13520,9532,3802,7370,7728,1115,7016,6157,16259,1892,367,10552,14546,7903,13457,6969,15975,1906,12889,6333
3490,11547,3296,11550,10366,10435,10484,14275,4045,7124,1230,1078,1341,7858,4968,15375,5687,3247,8701,7677
10573,8041,11064,4889,9159,801,4354,11874,1847,7643,1273,14984,7263,11663,934,10152,12020,11677,14739,2594
4479,2610,6425,15861,2093,5283,13482,7993,6430,15892,10174,992,7537,15395,6740,10249,7804,6440,5925,14247
900,8436,5749,11000,8895,5716,13719,8709,14484,3822,10520,6077,10798,11360,1278,244,1172,13681,7274,2879
5496,12249,7314,7238,3526,4734,200,16331,5123,14764,12025,14398,14809,3096,4075,1158,4957,15743,13622,13011
5168,14729,10032,12270,1902,7246,6466,1619,1180,6657,15764,13171,10219,3647,7596,5269,6206,366,12408,4548
3228,8523,789,497,5850,4758,5977,6804,1011,2780,775,423,6055,7784,3728,5760,2901,10582,7561,12638
9702,2168,8975,14716,6928,15453,12644,6691,787,9826,2102,14939,4436,13358,6396,12866,826,11225,2572,104
1507,11783,10344,4023,9307,4257,6758,7945,10541,1087,15865,14974,15043,6230,4285,6013,295,6044,11801,9381
10576,7814,14504,11670,9637,10549,5726,3233,15245,6907,14977,7361,5621,7197,9047,3958,17,12790,15859,1483
7508,4542,331,4684,3167,13792,653,4695,6607,7332,7089,3624,16345,9362,2287,1965,7258,486,9177,15024
378,13585,9175,9775,5328,188,8476,5097,10345,4490,9887,6844,15141,8375,6401,13677,12993,5460,6710,14756
16224,4702,5252,12023,1421,3301,15309,5170,1643,12483,8956,10871,10061,1951,8118,1972,7024,13349,6335,13182
12455,14585,7466,13393,11393,10132,7483,3753,7315,6958,14948,10185,1135,9210,7805,3294,3232,10050,10970,4988
4870,4855,7334,13780,1216,6019,5623,11975,4281,9266,3798,6690,5619,16282,11293,9076,204,3457,5308,4015
9790,7186,501,5662,10527,3821,4692,15142,12485,10110,6083,12684,13619,4584,6118,15350,11950,9493,768,8755
756,10494,7148,12347,10504,15794,2548,13001,6397,5090,131,7563,4918,13872,12675,10686,8610,1357,15194,7564
3276,10405,8280,4297,15489,5310,10294,1313,6042,14679,5913,6784,3124,1698,10123,5183,6085,10776,13880,10382
7777,15852,5727,2125,5879,15834,14902,3324,9617,7369,4312,9666,1807,15543,12921,3609,6994,14860,15633,13722
13317,8319,2893,8059,5569,13061,8200,3972,7791,9323,1077,6718,6373,13623,15728,664,13441,6571,14165,3900
8157,650,10931,11910,6948,10343,4330,12545,9679,10886,4575,9842,4847,5271,4237,5115,2375,3675,16123,15166
6650,14006,11433,289,7521,7099,2638,567,5893,10062,698,10525,5820,13970,1165,11939,4524,14179,11945,4264
15029,4135,11033,14931,12704,8009,6398,3545,1537,15849,6247,12124,8181,8617,13415,7030,3251,3806,15871,4413
3143,2899,15517,4417,9286,4815,8293,7220,2642,2198,7943,9908,39,4933,7509,8094,2304,957,4970,15370
7076,5051,14622,2743,1850,7758,2294,44,16286,7083,1772,3287,479,4547,12566,6196,4047,1826,12166,4271
10827,7742,4554,12457,10621,8515,8443,13146,7676,4131,6594,15736,10642,6983,4872,7102,14589,15902,15399,13772
3189,716,6909,13680,5557,4202,4845,8786,15832,11864,8686,6241,11455,14272,12002,7768,4502,4949,10825,4935
10736,5888,10630,12840,3853,12156,8210,2596,9797,9754,10077,4397,6283,15711,15289,2655,14710,8856,15791,14114
15484,7009,12305,16051,1109,2810,9004,3857,5434,14904,3031,12663,12569,13587,10228,3997,6842,13129,8185,5653
4969,8995,13310,12908,9088,3885,7104,8486,6829,10829,8716,11063,11758,9783,3671,6269,16284,13280,10068,12053
3379,3865,1577,10288,8944,14802,12245,8819,14517,10200,6420,6193,13275,14818,6508,5142,4056,1019,7592,8689
10928,83,6374,5528,12515,7165,9746,109,1774,13866,16356,3708,2105,13325,12803,2223,8276,11807,6076,6143
6459,931,5632,6403,15889,3563,8892,15710,1871,1401,4677,6788,15400,7954,14934,4091,8343,4398,5301,221
3757,5605,1256,4536,11739,1512,2540,4790,34,10146,5250,11404,12732,4965,14587,13568,10858,6558,8834,15605
12621,15490,14648,7940,4140,13918,2723,9163,15671,14972,3385,6276,1064,16148,11844,7619,6780,9535,3760,6473
5286,1832,6902,596,48,6158,7632,13478,4706,2746,2936,12892,8708,14029,4462,2914,9729,9990,8483,10796
4585,4341,612,16026,14765,14768,12363,4391,9568,3255,3643,9078,6934,12812,12084,9055,8841,3805,10844,6100
1121,5889,14325,8272,6015,2241,6284,7885,15209,6424,7709,10412,10362,15149,8510,165,10728,1781,14336,2555
4276,11557,605,6352,12428,15455,3473,4624,13101,5565,11788,10422,8339,7893,12873,11548,5666,13574,15953,13292
12000,6731,7975,11202,10109,6730,402,15076,10907,9760,256,269,5445,2426,7668,954,9627,15276,14762,16268
11517,2290,5584,7034,6250,1887,495,7959,9213,16074,8778,8296,16137,1000,358,9555,11658,909,6435,9448
14473,7283,12857,9101,803,3541,2295,8444,2056,15958,1478,11632,14649,722,121,117,4883,6391,9961,14491
3013,470,2658,4571,4768,3455,6622,7011,14987,2747,8284,8107,6437,2253,2464,14980,4067,3797,1120,8585
15681,10130,1827,15814,9292,11925,9511,16009,3051,12528,3918,10537,15535,7640,882,7469,6534,5216,8603,13388
6771,9258,4339,738,7153,3550,3954,8779,7346,5920,5414,6101,14280,1656,4353,8702,763,10978,16302,7191
7636,12136,5675,654,9753,16233,1736,7308,2736,1473,7431,8665,15766,3129,9965,3809,5083,527,9354,7752
5581,8061,3743,9686,15015,13698,12610,721,7501,12214,12188,14468,5842,15016,13133,757,9333,1895,5367,15394
13517,12549,2940,15807,3530,5944,9060,1370,15101,916,12400,12981,5843,7403,7264,5012,4185,3840,12260,14966
4914,15472,4708,14162,10834,13322,14414,5255,4365,14915,7338,3523,9713,10661,12896,3835,4369,10643,10657,13236
9625,862,11186,9918,12772,10981,5173,7773,1359,8322,12090,6351,10459,12977,4065,6117,388,6839,6764,2465
3993,2458,717,8798,9455,5176,2889,1016,9462,15534,16258,14878,3149,5423,271,16201,16107,6720,7004,16136
12924,10492,8321,13312,6875,338,8917,3807,3664,2121,8046,2051,1977,14545,14014,11605,4987,4876,6559,500
14405,12037,12223,5710,11514,1696,4823,13127,10711,4420,1991,1950,2738,11771,7925,12019,12040,277,2344,7358
4829,6327,15096,8168,12426,2972,13803,12818,13008,13908,4873,4061,5793,15617,10675,11401,3573,13037,4537,11171
5931,6145,5187,3083,7612,4578,2355,8361,8065,12989,11501,4911,4769,15130,11850,1099,9303,15064,9120,13164
3796,8331,4118,13912,13518,11405,1905,7541,15687,13758,11916,3636,7056,11162,6661,5929,15983,3553,6648,9539
3258,5506,14470,112,9461,10064,15170,5739,2691,8851,8579,9204,189,6376,1344,13742,6884,6086,3334,307
10198,10778,13657,6643,12181,2768,9069,5482,8894,786,12213,11196,88,10299,4803,7821,6773,9314,3628,15060
9268,15321,8557,8679,5781,15745,6698,8670,1389,1303,16129,14324,11459,7667,5939,13849,9458,3685,7818,2049
8277,1460,10296,10370,3024,14073,5588,6455,14568,5880,6162,11676,4316,5017,4292,3348,2460,11439,15906,10854
15712,14057,15962,11241,1281,15084,6108,10115,10400,1912,1084,11276,8007,3407,4622,12306,6496,12069,7976,5135
1941,5066,1885,1304,9971,6200,9203,16105,4606,15460,10118,13636,6790,12463,13959,12164,14790,11090,11746,9813
5032,6837,7236,10334,972,14843,81,11209,10430,14246,10480,15685,8441,3102,11485,16029,12313,6727,10791,116
3235,4600,434,15591,13669,11584,13899,4116,12627,14874,1472,13707,6320,1631,6678,7775,1592,994,7540,2732
8351,1532,5600,261,4720,7486,8474,1006,7655,7363,3581,5651,2514,5258,8734,10932,7782,6603,5821,10188
16121,14500,586,2725,11346,1414,5794,8877,2762,5957,12058,807,14892,8456,6033,8951,4337,3507,15315,237
415,932,6319,4361,10597,8140,8407,6203,13682,454,3592,6460,11894,7371,4448,4235,6738,729,12657,1564
2300,5830,1773,13228,6202,13994,6243,5870,373,10474,16299,2073,1345,3397,3723,5300,1197,14237,5521,8074
16377,11991,4241,11931,12235,970,12067,14665,15053,3816,5417,6371,5604,14442,6576,5477,10364,1488,3535,5421
14838,4423,5174,9966,6634,2752,10726,9694,645,15487,4942,1610,8848,3697,7755,8675,6797,12186,2657,8188
7085,6793,2140,9228,9474,2297,821,12979,9803,5316,6297,14435,11891,12393,9711,15329,12946,12361,8362,3289
14554,3915,11516,7060,10580,13670,13183,14354,531,13426,10458,3059,10443,14158,2991,4290,203,15052,15199,9441
218,5568,12912,7704,10912,3566,8574,11661,3740,13294,9547,10213,7142,9968,3992,11617,8790,8076,13316,1913
7830,7957,9209,827,2690,644,5497,4377,8103,15156,7480,6454,10782,28,13382,12813,594,8910,8554,2085
8268,4717,5003,13193,9668,8105,14986,8830,4148,13350,13595,11327,14811,905,5407,3784,14927,4687,10048,14161
7438,13954,15347,2957,2022,7904,3144,15734,4842,7194,1082,5719,9920,9199,6981,820,10773,4744,8968,2563
4777,5254,9267,5461,13875,12701,8070,5756,13265,16376,7931,7946,142,6201,6447,9598,582,3620,11296,14
4960,7215,10526,11280,10790,4447,12489,15510,2206,4676,11845,14893,10559,3363,14241,9123,12050,14474,8611,2227
4338,7017,12811,16157,7108,8060,15690,4494,3772,7195,2214,9397,13455,13850,2240,11965,7661,12959,2409,14238
9217,15579,2751,11862,558,5676,6546,4334,6488,5688,5580,13378,4833,13304,12648,13024,1425,6146,11680,5028
11962,9086,15172,747,8395,9309,2526,13793,4836,1293,4834,7930,8907,12508,13577,4696,7410,5524,10946,5056
13162,14797,9981,938,7887,9854,13220,9606,12656,579,12864,13848,5199,243,6096,4831,5750,11197,16362,7364
2493,7892,9390,265,2758,10719,68,5742,9660,1855,6057,511,5548,6295,4738,238,1427,4658,4567,1354
9372,14417,15188,16007,5744,10245,1560,1431,7913,9548,16112,1739,4240,11320,5359,5894,7014,8775,9272,9915
6965,4485,15776,2606,10888,10733,7268,1397,15620,3469,13786,13656,2112,10869,1137,7101,15789,13085,3415,5635
507,5244,4402,5305,13990,6649,8447,5059,7023,15176,257,5277,4583,20,5789,7815,12417,5545,8166,2217
2648,1003,6924,10548,6169,9083,12877,8136,11254,8505,9208,8101,2683,9588,1191,8666,12943,8430,7530,11703
8341,14784,14320,14333,4853,5661,9734,14520,9005,15177,8986,6893,1675,16120,5543,8334,7250,10324,7846,12716
10437,14503,2480,5754,7200,13718,8832,15966,4386,9289,2380,15613,13751,8673,657,6866,11919,12298,4291,5379
4064,2452,7800,3692,5323,6226,9946,2840,5049,11409,14901,577,12149,2143,10313,1305,13823,3187,1204,1385
7020,2984,2289,7127,11612,5905,15774,6979,2234,5343,8567,4464,4121,6350,5895,13553,8465,730,35,3668
10766,11719,7974,14641,10052,7967,12870,4859,316,12030,11637,11340,15825,6588,7307,6802,13921,11066,3098,8815
890,13911,3160,9985,5534,6298,12169,4681,16152,702,2684,4374,856,54,11654,14037,10100,1764,15995,8347
10512,7032,15446,5315,9227,3412,7468,10756,9761,5935,3003,13125,10513,14528,10045,2483,11116,1856,6502,2530
11540,9418,11645,4171,1310,13021,12567,9326,5737,52,3284,14515,7166,13914,8822,15850,12435,15929,6753,15125
11852,12980,1684,3768,9543,14102,2534,3153,9766,15217,11140,9574,5549,6708,4827,7911,6658,5981,1269,13157
3919,115,2799,2117,11893,1824,9411,16191,10385,12529,11444,14022,5943,12523,12150,15765,5263,12815,7292,9801
11026,6482,9224,10703,6920,5354,1594,7374,5085,14551,15971,13361,13463,8988,399,13469,2391,5104,16323,14453
9658,9442,14963,14382,6490,16303,12838,15121,3722,14291,15069,9699,11830,1587,13685,832,12582,12273,4716,5444
8246,5964,14306,13605,15123,9143,5399,1319,10958,6257,2619,11050,2419,6007,10565,15739,12751,11199,5791,6743
11624,2160,12510,6464,8552,9378,11458,12244,1227,4722,14889,1289,16119,8349,2181,3785,5303,8876,14732,5816
12388,13988,7203,6572,3408,13141,8812,2166,4212,5114,11841,4123,7577,1308,836,15943,5499,9895,8788,16321
3506,13187,12642,9353,15588,15602,13496,1466,8147,11806,5419,10929,8133,4508,9929,5372,6491,4930,5803,7829
9363,1384,6114,301,5165,3649,10842,4689,4991,3118,14763,4745,11120,6271,3470,14115,11598,3665,5458,8353
12445,8969,10380,205,6950,5169,5215,14738,3462,14387,11918,1334,7862,5634,11802,8591,11799,12355,1263,7366
3052,14139,6355,12600,2816,12726,5206,7706,3020,7762,11843,4364,13025,14422,3147,14783,2886,7576,7613,16053
15717,12202,1659,15377,12456,13610,11804,3569,5181,12384,11667,15018,15775,6028,958,15027,14196,2919,15021,3285
10421,6164,4511,15899,10784,7122,1215,869,10338,9553,8653,2949,5208,8159,1662,5684,10238,11103,11234,4821
14704,5484,15494,12035,9392,2115,12762,1674,7512,12799,9590,13139,11673,9236,3769,7092,8180,9662,14326,622
6871,5828,9415,182,8142,10001,9749,9387,6116,11580,8943,5741,5314,15897,14774,8896,12295,7938,9798,7956
4642,11377,7272,16220,16171,14458,12605,10141,4887,16138,7816,1286,10560,4519,2320,11510,8034,14003,4000,158
352,123,879,1898,15935,3485,14049,12622,2891,9852,8333,6495,9422,9479,6289,4662,8455,196,7450,14318
2136,12437,7727,4255,16065,8305,15590,4036,2459,6253,8555,1365,6472,11137,4497,4207,9533,3882,3359,15667
444,4138,99,10341,6646,11445,8548,3994,11984,10420,14013,6497,3381,8264,10318,1519,5256,3537,9828,5620
1437,10516,7848,1632,14106,15218,11305,6221,11158,749,10539,14361,15749,602,15799,11183,6008,512,6900,5705
12120,1104,432,12756,1422,27,7664,8833,4328,3484,2303,14046,3942,14113,11010,15464,16311,848,952,3654
3271,7523,7398,13246,8820,7086,4943,4009,13475,10569,5808,15108,12972,6891,9068,8721,2318,8265,9930,13119
9212,14524,13041,11184,13341,15434,6756,6931,4599,5825,7785,55,10429,3148,3899,10291,7008,12243,8053,12589
6949,6411,7914,11081,15033,9546,4669,10087,12611,13115,6279,8767,3765,2695,9338,1063,3049,669,12518,15381
12365,7138,13107,13295,7584,12997,2700,11381,13053,4345,10741,13805,12199,14591,10619,7230,4487,7119,8271,8173
16102,10806,9408,11170,6750,1096,2492,6150,11152,12789,13696,11087,1627,3259,10301,1539,4884,7851,9467,6285
14943,4327,326,4797,6820,15262,4146,2438,1751,5996,11805,11814,6192,10535,8950,7299,6786,15077,12255,14757
8201,10684,14301,2207,9862,8559,147,14203,11402,1787,2437,14282,13766,11086,2714,12694,13507,14133,6977,151
11664,15418,14928,12151,13904,8135,13278,4031,13851,9219,4994,7467,2560,7794,13612,11521,7243,15028,13240,8680
6798,5278,5180,6749,9335,1654,6520,12051,5937,7779,8660,1073,4201,7998,7714,12398,16361,6307,15270,13731
13311,16372,6927,1800,13357,14200,7012,6136,5592,8615,3171,3386,3907,10306,8813,5468,14645,3274,8039,7149
13440,3297,10562,12033,4383,14031,10508,4931,6947,3420,14514,12111,13920,4013,12850,4551,14076,3203,7525,1173
7388,5917,13770,8938,14189,5883,14269,92,11887,3658,5096,9973,9035,6818,8839,6521,3384,7988,7279,12430
5577,14858,4309,7565,15937,13078,9632,3236,450,1810,13299,10,10117,16351,9911,11275,11978,9838,6292,9536
15380,11849,5646,9271,3734,13515,13968,12911,6831,5583,13488,5542,6737,3280,4710,9197,7384,4849,11270,108
3376,2033,8590,1896,15153,12163,9412,6879,13646,10261,1228,11608,1118,9132,16186,9077,10688,236,8158,10175
6051,3481,9433,10872,15630,9669,13397,1788,536,10933,8238,6414,10071,2144,8189,9071,10610,8722,9512,7593
7566,3680,10910,15647,11005,7687,10625,13882,9540,6354,10180,3761,12855,15804,8678,15903,4793,15323,10156,481
15631,8008,710,13022,1294,5891,13833,1264,8167,15369,9345,13114,14937,2491,6953,14658,13879,13005,2212,2350
9044,8097,11827,14214,9183,2844,6481,9225,10155,4030,3927,8282,9591,4193,8209,5857,4432,2890,2659,9587
13559,11030,5975,9147,15216,15512,12425,6255,7538,15287,4384,5831,8527,5517,15278,11465,12301,10189,16054,8355
794,6673,11057,8634,6579,5387,7015,5668,15134,877,4492,10551,10721,8531,7656,15757,11784,16242,6600,5633
11198,2092,6807,6922,3866,10735,15760,4426,414,12741,9931,8826,12668,7588,4670,8385,6865,7599,11880,2090
9293,13379,13111,10121,6326,7329,12140,15313,6725,8803,1114,13450,7007,5772,3637,9052,10193,9691,1677,8859
11818,1438,3087,9735,9327,7067,9192,14030,12824,12715,7068,2884,6381,11121,12454,10398,2565,12541,1886,7973
449,4011,9732,425,8498,14445,7495,5116,11417,9851,93,10579,12968,1641,2885,13785,10555,14985,8026,1869
4507,9416,12356,8636,16226,11478,4324,2579,11685,11153,4629,14730,7833,13564,2727,11989,9891,13513,16371,7227
10783,10326,15462,14859,15730,10199,8219,10616,361,11317,5371,4592,11246,10877,13321,10968,9593,16330,10897,7705
11865,1713,2276,18,13891,3425,4434,11398,8996,7414,3374,7390,1937,8801,6054,11558,9740,15905,10746,14449
11528,4535,4362,6180,4875,8985,14683,12809,13860,14355,1946,8749,12765,5558,1094,2053,15970,4976,13582,4408
15065,6945,13217,11754,3357,4945,3561,3140,376,1983,4633,6209,8600,11365,10803,7169,11076,1129,6110,9490
2798,5232,8194,11929,6739,1923,8378,5503,10884,5338,1453,14093,15133,12246,14656,15252,12057,7419,1232,13417
15795,5746,7702,13549,1623,2856,2997,12471,1139,14381,12745,3677,3847,4948,32,13089,1292,6515,6135,2773
4667,2131,10159,4986,6778,14680,7698,13590,15573,174,9024,13801,355,14761,1990,12530,8878,5296,12373,12392
8115,8002,13729,5377,7275,5282,11767,3880,10851,9913,1996,11407,15855,8695,7162,4274,12767,8391,14888,13291
2605,3197,7427,3134,7336,5733,13097,5294,6072,6552,14323,9449,4295,3246,10209,7730,9863,2608,9718,12192
7633,5412,13497,13776,6242,14459,8252,6862,1274,440,4329,8485,9643,8648,13194,2825,4743,7696,6404,10128
595,5437,12632,6261,7478,12274,15910,11573,6258,1271,5420,14631,8138,1697,13282,9388,4419,443,7476,11615
5645,14128,12890,10781,6755,7025,9405,1691,8174,13058,737,8961,7222,14329,3075,5008,9618,6337,5846,16008
10845,2670,7528,13580,7212,6238,3491,11149,7934,14217,12967,3745,10165,10309,14925,11211,71,7130,350,15648
8095,10258,6582,12983,15785,11619,7333,4465,8706,15703,960,12729,16366,13538,9182,11495,6492,10019,7481,4421
9262,3799,13480,993,13676,8232,9833,15842,13768,1021,4155,13167,15422,3576,10169,3329,7397,5614,9752,14304
3920,4891,9497,4730,5398,2739,14095,9424,8302,15873,439,1302,11119,15187,11821,611,15233,6286,199,5814
3268,10066,14938,10507,14806,11473,8449,6968,7722,12097,8356,9581,1503,14244,4593,7878,5683,1447,9572,7746
368,5554,2705,2201,5946,10377,15183,14424,8137,16126,8949,15299,7219,6688,1162,570,14776,10464,1456,5307
2989,11017,4908,10807,15678,305,8354,427,11142,6267,6917,3577,10705,11993,2898,15806,10779,1328,9901,13148
5531,14080,10010,13179,1802,7327,5626,6838,49,15220,4263,12905,2819,6131,15587,6262,4871,3916,8203,12659
13006,9456,10151,3291,7552,9253,14444,4441,9391,1018,12631,6363,11885,5933,16040,8122,2628,3406,2414,14828
11347,4782,1031,3005,999,9341,8651,13096,6127,8776,3107,14522,13428,2013,7300,15349,9967,6575,4273,12531
3810,16322,7038,14185,14178,13629,11503,13537,12220,183,987,15516,14489,2829,9633,13837,12462,16344,2857,5770
12387,5832,4449,9750,1957,11587,11134,9181,3032,8440,15686,1112,557,16320,7634,12034,10387,14175,16134,6995
9631,1312,8774,5289,339,8576,16023,655,11102,9395,7305,11786,8958,6046,9972,14276,12328,11092,10800,4378
3693,6867,2383,11701,7167,10557,1851,3299,10676,12109,5249,2618,9502,11506,6608,4910,6134,10487,4223,1028
741,10051,6970,15423,16306,1852,14281,7748,8794,12513,12290,8409,8850,12768,5657,10241,7214,6817,2566,7843
8309,10799,14708,16305,10839,3323,13144,13233,13420,14222,8172,11051,1193,7948,16187,13239,13122,12500,4611,3683
364,10350,5745,438,6428,7955,2203,10940,14914,12587,9108,15653,10883,16363,9116,3795,9110,2759,279,8667
11114,8036,11144,15506,9457,3879,6347,14839,12147,10774,16039,11860,365,16184,14266,15286,3678,1476,398,1148
11895,8124,10826,14207,5519,14260,5162,11636,11718,12580,8514,3231,3887,14659,13649,4052,4041,6889,14044,6506
6406,9054,5222,15659,948,9447,3829,9756,4344,6049,9571,3184,9978,9062,4521,3132,1777,73,15372,8113
9492,10814,769,5693,14526,4923,7395,1056,8069,9703,15267,7695,11538,3519,10759,12719,11125,8403,14884,9310
4302,14953,3305,13811,7901,7729,2239,11625,9570,788,9396,1932,15707,10691,1059,15045,14198,14508,446,796
8155,15362,5556,211,13098,1566,13819,11638,1275,8346,3026,8727,9298,2662,6854,12676,11097,12357,4504,4066
5607,9231,6759,2096,11410,8102,16295,6672,1024,6627,816,714,14120,7492,15957,386,10254,2580,10056,11047
10755,2873,8383,13267,26,3672,6462,3394,13545,9148,11621,13192,9393,6235,7223,12337,7151,5048,8283,15486
990,15120,3977,7790,9650,7081,13648,12195,5102,11790,11038,6754,8433,7939,6952,6704,2055,7839,12106,13279
14129,10284,12257,332,1639,4355,7161,12898,8057,10274,15109,5523,11688,4979,161,5234,16000,5766,15691,1068
16131,12358,9667,13283,5792,1540,6592,9114,1884,406,2988,13070,3441,14295,2544,5573,2859,12096,4880,7972
15168,3536,13268,11426,5608,8165,6448,14697,6956,13838,15589,10468,12673,14623,5722,15239,14055,10140,7039,898
7432,12635,12476,11869,5637,4628,8952,13159,12079,15520,1714,8183,2137,12115,8251,16021,7072,1694,8994,11046
2845,11741,5501,2995,10104,8751,13939,16124,10980,5025,11364,15164,1798,11423,4370,1779,11040,8410,2650,13086
14726,3984,11496,8657,9628,8073,8806,8429,10452,7310,4227,14760,10673,2326,7960,13620,8753,2126,1556,4951
8388,7649,5835,13055,7692,13470,2095,14794,524,1738,1719,2877,6568,1805,9725,12158,8916,8595,1618,9624
13466,8310,14126,16221,4221,12026,15228,13166,7306,14736,9358,7935,14060,8030,13452,16300,13269,10365,8926,9656
8458,6159,1633,4074,7550,16222,7544,3652,13840,2014,8208,15886,10514,13798,7961,7510,16103,5309,1863,1565
6065,9484,11553,8575,12562,7377,753,7806,1161,10718,580,313,12339,4755,7035,11319,14871,9129,6532,14293
8955,10964,9848,4230,4861,15331,11156,246,14170,6456,3881,1602,11181,2985,12547,2216,1285,11762,8015,13659
14868,2621,7978,14577,3936,9941,1710,15192,3510,8393,8656,2942,2156,11248,8530,5280,6664,1346,9301,7201
16332,7999,14588,6613,8954,14372,8770,10113,1247,9866,3264,10315,15275,15353,12620,1557,865,5641,10697,15868
10553,6282,12007,12649,11326,10639,14743,10129,10392,7662,14074,1994,7929,62,16340,14092,11424,1074,13749,16238
2505,8131,3204,9340,13704,1255,673,14643,10456,16079,15244,473,14251,4824,14230,12395,15213,1940,9374,1915
15781,1257,9720,2135,10558,4929,12988,7737,8799,16047,12064,1730,6697,9021,2396,14077,14574,10754,13284,13448
12793,2767,8139,10168,638,10277,1926,228,12615,8352,6781,6560,12881,1877,675,13977,6465,6751,16230,6109
13266,8335,6152,2390,10243,5602,12804,10659,5810,7183,11999,7503,13725,11289,6415,7411,15493,5193,10650,7874
11787,1615,14627,1372,10763,14961,5355,7941,7558,2595,12131,8417,7747,13874,11957,14495,157,299,8661,1514
7884,7297,14628,12436,2837,9784,3719,3465,11109,12693,8620,9580,16048,2474,6058,15302,11284,10108,5064,15031
7622,12559,9724,8229,13566,2099,12493,14086,15723,9962,12059,5533,16364,15732,6733,3601,589,683,10079,8992
7277,8286,2293,4069,15669,14582,4901,12637,1206,9957,1116,6064,15412,3035,3278,206,4379,8143,12608,4184
13898,12046,696,1723,9200,8212,2651,9525,15083,10550,1998,9559,7812,1947,8448,15969,5954,13145,9976,191
777,12651,7093,3123,13066,13180,8873,6563,12517,2094,13352,10583,14232,15846,6291,15643,4349,14150,9685,14918
733,6303,4467,10607,5438,6586,10875,1583,13346,9556,4932,10848,11105,15530,14345,8018,6777,4783,6959,7420
11367,15583,11523,4178,1221,13481,9495,8846,1928,1076,3817,7968,11250,1907,14856,1250,3428,6165,118,13195
8358,13491,468,8542,4759,3368,14995,3165,12630,15644,1270,7114,10692,9721,8100,9764,442,14099,13138,7809
2280,7401,1224,5148,14564,15952,16197,1505,962,3764,4597,718,14895,7716,11611,11616,11031,13376,535,7700
1481,8669,15185,455,9596,13782,1316,12902,9610,13431,11310,12499,5350,7792,5474,8625,2030,12154,5555,10671
850,11764,15700,6526,6120,6857,6137,5844,6071,4713,288,11227,11146,13986,1586,12948,11913,7879,14746,9634
11071,5498,12869,13777,2790,1375,1680,10160,14615,14650,5856,5916,10441,14105,1642,5325,8699,4127,11059,1374
13569,3377,7835,9861,12640,2842,1525,10134,5877,4188,4838,4621,2087,12491,12494,13136,7711,8687,8187,15684
14767,9663,6612,2324,4296,4139,7417,5336,15574,4544,9988,14493,11699,15023,5572,7128,23,1868,4380,11311
4134,12535,8752,240,8214,7757,8869,7683,10835,12414,7689,7271,4367,12577,10467,13943,1349,4832,9328,8865
11212,1283,12160,6248,11795,7783,3254,11623,3290,3946,2777,5449,249,2713,8063,12193,3896,2617,10647,8314
10143,14482,13244,4177,14142,12841,10730,4560,11466,1621,11687,6129,6598,3330,13734,4323,12576,7932,10119,12602
12906,3730,8533,15383,11842,7317,164,2359,981,849,11345,12113,11628,10399,8589,10927,12256,15280,9246,9812
4954,4531,9716,12847,1603,12926,10602,8472,11078,1986,3755,8478,4512,8825,8668,14521,2806,14236,2072,7749
8195,12434,933,3066,1758,4204,3366,6794,3584,13464,4416,15829,5541,3555,12667,6338,7526,14687,4277,15124
10935,10521,12344,280,7671,922,5046,12763,6618,9278,11256,2689,15737,1729,11564,14772,1894,14450,14750,9099
3948,10005,14288,9602,745,1766,5902,1733,13018,5138,3430,10947,9304,11274,1513,15584,10040,14840,8328,12212
11494,8230,8235,5038,12781,13243,4058,1108,4714,77,7739,2915,5838,1196,15144,12936,3811,2731,14173,8946
2593,1919,4653,2750,8517,6825,5949,11354,11734,16114,2784,5030,5324,14273,11107,1841,2832,9829,13903,8493
4126,14321,8205,3043,6852,16014,12091,11813,13336,12108,8562,11879,15411,6903,9558,8013,7631,7793,12325,7269
1296,8545,9594,11870,5881,7822,6870,13594,8363,6413,10442,422,3914,1279,13019,13864,3904,11955,6537,4174
8439,5143,7345,14395,9428,13575,8685,4305,2665,14882,14930,10712,9645,14869,10023,6667,6477,3358,5178,5466
7281,8650,11763,2576,8594,1789,12698,1793,11023,1742,16,113,9481,1876,13697,7679,9252,7896,14604,13565
10860,13155,1208,12858,15767,6181,6702,11954,12391,12801,10059,11726,11224,11646,7065,10035,5456,4854,14865,10428
1812,5769,16151,6277,9654,13842,12453,8598,12098,11251,9135,14533,5801,15425,3525,7910,833,1080,4376,7686
6601,12308,10355,8847,12922,3947,7491,7206,11980,14371,1629,13429,7873,344,861,12755,9638,2761,551,4705
16052,16101,12579,15989,2993,5640,14625,9943,9688,5811,8306,12849,9905,2990,2513,2582,15439,4779,9288,10388
7088,13465,6471,8991,2779,13405,10070,10911,2561,2333,10913,4,14399,7055,12616,2663,1794,8860,10716,8707
6606,2226,4471,13672,2308,9958,8556,2868,9059,6300,7997,15346,3088,15485,8213,7962,4089,4752,11282,2962
10065,2971,12162,14548,6762,8972,15988,15131,16326,12759,12349,412,5402,9235,11195,7001,12825,1688,13505,14448
10138,15968,685,3196,4843,6140,3293,10339,686,7352,4582,7514,11720,11014,260,10438,10122,15155,2822,5422
11686,4400,11780,1718,5006,9885,2119,11932,15473,3432,16001,10959,6224,9048,692,2516,2415,2180,7837,4046
8810,15433,5080,8054,15387,184,12200,6855,10027,14612,4647,458,2434,15642,2571,16232,8642,7484,1487,1177
12703,9937,12591,13060,1174,11474,12777,15708,7442,9889,8571,324,1386,4732,9710,10653,12081,12311,15175,9850
9541,4480,12082,11815,14310,10505,14652,8544,8484,5029,2852,1879,6929,526,13721,5140,10713,11390,10440,11926
1030,9144,11394,5942,5490,12710,3633,8632,9001,10342,13189,4609,9605,7753,1555,15812,11218,12353,10974,16227
14097,5566,13348,9564,10949,14390,8728,14052,10638,7493,453,2604,590,4693,11318,1989,14999,3060,4501,15747
14461,1716,10463,6393,4978,11518,8466,7098,1640,7615,10945,10448,10390,3905,8503,2038,15113,8408,14711,15358
15646,2664,7399,14286,12465,12965,1801,13835,13547,15956,4051,4484,5388,15562,2960,15138,8939,11344,5157,13754
8573,3387,10328,13059,6310,12419,4208,12893,15435,3749,15660,12407,8597,528,14682,10093,346,10177,4967,6834
4213,13190,15845,6155,4786,12488,6988,3872,7743,4996,1333,1666,15900,7247,11157,12250,9843,4073,2917,11626
6573,16380,6260,2039,2904,11596,13510,9290,8233,10533,3229,10322,9352,5154,2945,1839,11304,7453,11500,6652
12179,4936,3344,12837,7832,14369,14786,13256,8637,811,13333,7871,11414,5561,11823,380,6446,11206,6763,319
9878,6176,15771,8588,4109,8655,2564,3712,11923,8630,4754,13381,1901,8163,7562,8344,5204,9469,11267,14676
12543,9910,13323,8570,6509,3318,15414,10166,635,9320,1708,4634,6894,3595,6501,8563,9171,15830,7244,8406
5465,9700,11192,9802,11671,15254,13910,12110,16251,11408,3503,12204,1831,14753,2247,14487,2569,14101,12145,12516
7606,12776,5390,12721,15907,10752,98,13795,7898,13877,323,15249,14121,778,8299,8795,3969,9000,5304,12521
782,6199,9577,9445,2600,3642,3080,656,10004,2118,11122,12613,7533,5728,15837,2645,628,3162,7063,467
3180,8146,15116,3260,11982,10074,154,4428,8128,3873,12784,15266,9105,13502,11266,1931,4043,9562,1351,15911
12934,5530,2496,14367,7870,1047,13878,15040,10682,7844,10777,9510,3322,13753,9066,8261,1890,966,15058,4181
658,4468,2199,2345,13277,4619,7472,517,5392,8281,14116,15342,10532,1091,7270,15450,16015,2620,9614,13117
1494,6819,5512,6233,11794,6993,12299,1822,10411,15139,5858,13825,9376,2640,11172,9067,12254,3347,10018,11575
13945,13699,10473,7073,13084,529,12157,7193,7681,9122,12539,7919,14467,12999,9942,10314,14496,8818,8463,122
8635,1052,4205,3860,3157,3325,1240,15081,6533,8674,12368,13928,6926,15817,14771,7703,222,1510,11035,864
9074,7520,12075,866,6034,12144,2471,11068,10585,16369,10055,6816,14257,7087,12359,5553,9070,3267,8253,772
15683,707,16308,9611,13511,3451,7050,13586,9515,201,8348,3135,7373,12509,247,15538,12467,4638,12063,3390
3911,9883,4049,9825,8004,3137,6197,5845,4541,15219,14653,15544,4310,5562,13456,6726,3419,1335,4187,965
2244,3212,8050,9486,14002,7372,7044,14973,13628,14434,8809,9102,5065,12724,2429,3613,14887,13822,776,13263
10695,2413,10167,10954,2641,12266,4477,3594,2260,1784,13858,9916,2521,12382,8885,3444,12340,13051,13743,1012
2591,7413,8897,11015,4206,4006,5764,614,15184,1435,9644,11853,3200,16206,12843,4903,12692,5220,12871,13931
7953,13789,11733,2986,7996,15398,4728,9270,9242,12014,6800,14347,14088,7465,209,2404,10116,14994,3929,3209
8389,10178,2894,10300,8857,9777,14289,6370,10368,13033,9151,7027,4678,4912,11859,3846,11175,9860,7866,6104
5281,15307,12497,9498,15063,4098,7170,2174,3314,12662,7638,13876,6772,1638,5424,15451,7037,6539,10811,14907
6294,11164,13609,9719,1010,11220,6729,569,8202,14684,6463,428,273,4093,15740,3198,8132,5818,13588,15158
9853,11970,9282,3091,5290,13581,9154,13519,282,12217,10518,5921,6047,3362,8953,8434,1624,9684,1864,15046
6228,555,6812,8421,379,10924,14556,7022,11922,11273,8928,15999,8999,13967,13427,8376,15891,9283,2270,7428
3100,2611,5711,3241,10743,11117,9400,16367,13557,13865,14677,943,8507,7693,15354,13104,1669,9294,13160,14633
6172,11917,704,10384,11740,4082,1870,2820,7568,10265,15104,2528,10742,3599,10433,11386,4014,12141,10432,3533
9275,5983,892,4403,8558,9672,16056,8899,14657,10795,14975,1220,3742,1398,8920,10724,12044,2265,8932,15041
5189,7408,1908,4283,7278,2410,4997,6605,14751,4574,1321,9046,13100,9191,1441,6635,1538,13817,7621,1843
8522,11562,691,11911,7189,14675,837,11490,9952,10831,163,13604,13401,1700,825,8814,9975,11773,13409,2729
3964,2590,4132,16273,11232,11210,3174,11262,1325,13305,508,975,9925,11001,15778,12003,4431,7517,10731,14608
9214,2262,14091,3587,10926,304,11084,12269,3340,10092,13113,10016,6518,8547,11376,11765,8414,2835,2107,12
6596,14721,1194,9187,12940,3185,12779,3319,2269,14430,10651,4631,13083,3520,3037,2261,11690,13362,1960,8153
5015,10510,7780,13711,2703,12282,8152,13206,12629,969,7391,10472,14194,13185,13319,2880,4739,11725,14537,14290
3006,2934,7591,15206,680,5167,9607,10818,11213,904,8171,15733,7578,11482,7597,9904,15413,11351,4280,10039
9514,3640,14157,2814,3021,2425,2693,177,14192,6343,8868,7620,14571,8413,10036,16293,841,9251,14300,12350
7966,5865,6851,10410,11943,732,9295,6478,9022,5454,5023,16115,6018,16118,13703,13873,1390,12112,16004,9075
9771,10356,2488,9738,5158,12152,1648,1373,15405,829,2757,8960,12928,5459,12378,3688,10378,14376,5564,5755
2225,3218,4747,10760,321,8698,12440,11750,911,5978,735,1254,15527,10887,12931,13132,13787,14696,3932,8719
13116,10389,9892,8684,146,12367,5440,13435,14725,15200,10544,8479,6400,5246,13151,588,11041,10729,3748,9616
8622,2765,15465,1995,13297,5209,13309,11215,10531,13913,13592,8703,11639,15148,2812,14341,8987,50,14103,13307
4412,6787,9040,11949,10317,14465,2749,2797,2338,16365,647,11974,3762,9678,11480,5214,2881,10367,11657,3543
9676,11187,10038,10073,10084,9466,14243,14606,8125,10999,13226,3939,8890,11924,8874,7416,11742,8526,11080,2403
4307,1103,15508,5587,14722,1449,14409,2954,87,9029,14218,12458,16225,1243,6516,15947,12258,4974,8259,7951
5105,3886,3554,15951,11165,10748,10455,3789,11476,15844,8415,8169,12209,4332,12222,2682,10918,14226,12501,5219
351,9106,8714,8908,4351,13668,538,6493,10081,394,12734,3360,2781,1838,13807,13489,14287,13855,15264,488
14440,10972,11941,14186,6318,3987,2626,3034,8297,8852,8534,15796,6524,15091,6525,13063,9831,2905,6858,1071
7190,4368,8442,12987,12665,11413,815,12396,12038,2489,8821,8326,14205,4852,15502,6166,15162,9399,1262,13667
13443,10270,11513,9566,10976,1410,9778,9206,9519,9491,9755,4553,15621,4463,14015,343,12241,10988,15993,14400
11981,13290,14005,13398,8064,8682,15444,10983,1035,11684,14563,8488,6795,1599,10957,7147,3207,9468,1593,6645
5612,9573,8871,6734,12876,8663,946,2453,10149,9042,10828,7877,2418,13079,9150,3558,7455,7381,9923,11966
11630,15515,5146,3570,5195,9190,11585,1416,2720,14873,11126,10561,13617,3403,3604,2554,1160,15078,5007,4973
6512,6828,9765,5751,5406,7799,7163,11352,3460,2838,11896,2127,8978,7981,1803,16254,5192,10515,8471,4526
10855,14997,16341,809,5804,219,3838,10323,13665,2442,3591,15193,5055,15729,12705,286,4457,1911,5024,9065
14557,15180,3940,9524,4395,5339,10424,16287,4081,4924,7213,12233,4564,13706,12996,8116,3759,10614,2745,6937
16198,12401,8357,1848,12174,102,8762,9097,1962,2559,12554,1582,3841,12271,12592,6717,3701,1184,13241,7255
12563,7989,7046,6036,13248,4552,11194,13556,5330,15878,12208,11942,4226,12677,13797,3982,12173,2106,15159,14229
1376,12839,2735,11229,3434,3552,13153,16175,8914,1637,7604,14054,1434,5495,14566,6344,15819,6599,11008,6273
14001,16313,13126,12859,13802,8629,14599,15798,663,9569,14250,12420,7876,8511,10738,13974,13509,9025,9361,6692
9137,15326,15876,2130,14527,11597,3272,3045,9098,15919,9413,12351,9058,5089,11542,2314,10626,1219,1317,7080
2575,6232,14146,13223,2531,10681,3544,648,5125,522,15095,9984,12966,11065,8705,1164,2044,2142,2288,12431
12410,12974,6082,15525,8123,11230,13991,11743,60,3856,3027,693,10483,7309,16075,13788,2872,1737,5205,5914
12029,8849,2170,14678,8827,8129,10020,14737,7054,10135,15319,9991,15386,12915,11851,4466,362,14946,3142,4390
8324,671,9926,2200,14268,728,12971,3424,10960,6845,9773,5827,6479,309,10772,11747,15595,10765,5898,13205
4683,13976,14951,1176,5969,7888,2783,8780,7071,8263,5491,1706,10885,8085,1131,14590,11429,3354,6946,13863
2175,12899,3897,1212,14020,11634,4222,14090,12386,11905,13573,16310,14935,3250,11705,1058,3388,2933,9997,16083
7880,11219,10989,9888,9279,16212,13318,516,252,11759,1277,264,15242,7293,3109,9494,6872,5347,3663,13905
30,15752,9221,15259,11828,11831,14529,11443,7273,2063,15558,9104,1379,6407,10832,10891,6703,10049,11143,6010
13713,1881,2809,2374,10298,11730,14155,15356,6510,5393,15314,3861,11448,2587,7807,10332,1408,12073,13067,2632
15880,14637,2481,8898,1320,4304,7659,14668,11385,3559,5415,12083,491,11711,15246,2398,14578,14383,4757,4641
15893,13303,11683,3986,11953,7529,15731,12130,6943,2712,1362,4950,13408,12900,2455,12697,956,14140,8823,9944
11467,220,7786,1217,14714,11736,3646,9630,8609,7121,8639,13652,5610,12696,14028,5233,5537,8028,16263,9549
14149,3476,13901,16195,498,6365,16266,1489,14071,7319,8081,7518,13947,1584,5603,7970,5855,2633,7849,16016
9959,10627,14672,5240,14486,626,15010,14209,1053,13572,10446,661,9414,9238,14082,16150,11832,12122,1448,7905
11277,14012,4460,2669,13644,6805,1759,11285,13091,1541,10904,14788,5047,8891,1330,10308,10202,2821,6848,14463
15035,10419,3409,3119,11384,2233,15802,16292,6249,9748,1066,10154,1124,56,12685,7240,15196,12469,5472,8315
8658,915,4627,14047,9513,1970,10787,14964,6211,4890,12725,11399,6499,9544,15359,15360,3486,13,5018,8934
1443,125,7421,11622,16011,9934,13498,10486,13188,9927,4874,3548,7488,16325,1668,9039,8989,10145,13675,16252
13035,12017,839,7426,12848,6693,3950,46,9136,15283,11808,284,11072,11835,762,5095,150,14039,7616,8496
3892,12832,5673,4944,15981,10114,2679,8800,16274,7152,5570,12785,8983,7628,9454,13176,13471,11301,10662,11948
10863,14553,97,3512,2331,10804,3586,11778,4809,3529,4143,10186,10808,5439,15697,8262,6154,2754,12730,3039
1033,5606,5370,13853,4570,12101,13197,2421,14065,15226,15440,8560,7368,9237,5886,7140,12262,4939,11613,6254
8432,11650,11003,5974,980,4040,5119,11201,13343,4610,14137,11265,12168,1482,616,576,14394,9810,7449,11493
9695,13716,10833,2101,11702,9329,10739,16327,14603,14270,4294,5313,1606,2268,3614,16116,1561,8539,12950,6138
3057,8231,5809,14686,14594,11833,9482,12836,15751,15942,5535,5906,15282,3073,591,5432,14125,4122,1649,3202
15964,1605,10628,16108,15875,12429,10490,3365,578,16355,3705,16033,1020,3716,1393,12743,14507,8079,1785,16288
10282,2807,15627,8424,9902,4532,3446,3141,5774,14890,4715,547,13073,4698,15163,10953,7645,4032,15701,984
3877,4152,11053,13296,11129,9964,3532,2004,2629,12203,15253,8608,8317,345,16017,10631,4474,15879,3496,10921
7736,10006,13632,3605,11708,10817,8359,2335,687,10383,12475,1664,5493,7251,16163,2967,10538,11148,11294,8237
10107,11363,5175,15693,14386,3438,13957,11313,15008,11792,12798,5940,10519,13437,6670,11679,9557,10812,532,870
539,7859,15055,1015,3345,235,8109,5471,13660,11002,9008,13999,4770,10078,3870,5027,10923,9124,10820,14530
11560,16072,7485,15296,9337,14169,2498,8365,16267,723,13732,8793,3684,5361,792,14536,6614,1266,13090,11601
3273,3514,10522,11722,10586,8855,6005,14016,2672,894,6434,13966,14671,13364,9814,13584,3608,4792,3050,2347
13040,9849,13468,9431,6992,1752,12533,10312,16127,15225,16328,14731,11091,14908,8032,1795,10715,10098,10769,1396
13828,11085,11077,7351,8710,13049,15811,12226,8162,5786,7259,10273,7021,13276,5237,14085,6217,16213,12764,11453
101,10707,1504,15481,14624,2793,8683,4360,10971,10700,6998,10809,5998,5035,3093,6489,2301,16283,13554,12237
13526,4807,3850,4136,10171,7738,885,7228,5704,2952,7350,12300,15237,4686,2512,15336,5060,4660,4375,11649
2792,5868,5908,13365,1502,12806,8772,10147,10708,8619,16149,4099,14906,11716,15092,11062,241,10436,1954,11457
978,9815,7666,14216,4766,9325,668,2654,13583,4087,14798,10710,10744,3751,4105,13663,3953,11323,14305,12930
3194,95,11964,13418,9701,7982,13046,10892,9940,6530,6880,6498,4666,14509,8405,6770,14265,1578,14249,6887
1199,3913,9377,9640,1770,1712,15741,13314,10034,9649,10172,15389,11877,1987,483,9277,14754,11713,15963,679
5321,9982,10095,4863,14506,10751,11593,13981,2016,12267,6334,6223,1236,3781,12093,10993,8997,6531,11214,806
15348,7917,11847,1045,5383,5145,6361,7141,9690,3582,584,10208,10218,6426,12229,13050,513,13544,13099,4372
12568,7899,10025,13062,1329,15495,13645,4748,363,9360,5836,13650,3072,13386,6538,4555,4363,12713,12043,1667
2284,13532,478,9818,10714,9673,12415,15887,9472,7325,2846,7126,12596,11738,15449,14610,9646,3044,10449,12909
9993,3711,14308,4556,8179,5909,902,5087,11442,11177,2849,16262,10632,8959,10190,2815,11168,8861,1791,3910
2192,7029,16143,7180,5011,9875,831,8760,11027,11387,8502,11837,156,12957,5413,4151,8870,8691,11672,1436
2407,12327,1387,5823,11463,16194,8098,13221,3223,2902,8763,14799,15649,891,281,852,7475,1828,2411,5264
11785,8273,559,13485,6925,411,8626,1445,8647,7895,10220,2484,13992,16024,5229,10509,12424,15998,556,9061
2697,15718,10841,9115,8671,12939,13102,12234,14219,11997,2538,10669,13639,10236,14644,672,13069,743,6504,7971
16003,14360,1644,13335,14685,2808,16264,7036,1246,3169,14053,2371,15756,13042,6933,11824,9847,4289,4313,13562
7185,4580,4396,8739,6444,2012,15442,12376,15822,14366,14412,1750,11614,5853,12316,13308,3012,11796,4103,2235
11707,6551,9537,13852,3839,5295,12315,5502,16276,15026,6163,7143,10956,6441,6198,10164,5707,758,3017,3461
11372,15824,2794,565,11512,7082,9092,2427,515,8254,4818,13209,15514,9715,15222,6914,10031,13980,7802,1880
6519,3030,7382,4503,1943,781,2469,1635,9009,5404,2392,1252,457,9846,2157,2176,1147,10660,8692,15073
5345,5659,13735,10251,1,3837,12617,4632,356,13095,3097,5389,4812,276,3421,12375,13264,11930,2830,12607
13784,11044,15284,14302,3380,96,4529,12449,13813,1062,9355,6577,14833,1693,9103,3876,12540,12215,3369,13054
10131,599,1740,3120,2685,12045,10698,699,3778,3028,12742,10511,1549,12041,11249,1190,1086,1747,13342,13902
6323,7066,12095,6328,8909,13088,7451,3538,9823,13404,8867,5617,6038,12854,10965,9747,15704,5928,3436,6584
15976,2557,13105,10656,6681,5368,2179,2305,8915,11131,11233,16329,13626,15885,10360,5967,14993,8866,2023,920
10242,1849,410,9107,15402,16307,1968,11602,11681,15577,2855,14353,9113,982,11193,8114,4209,14910,11693,15761
4200,10991,8712,10191,7735,45,2129,899,6195,5544,11728,11812,5152,9180,1917,15758,13523,16169,13359,15224
12536,5839,9782,893,6789,6449,10762,12326,16070,5441,15165,12595,12039,3336,14441,9682,8480,10599,7125,2556
11383,3061,2931,6876,14968,7154,6883,8043,16237,739,3968,12464,6899,15912,11067,4348,14900,8112,13955,336
14830,15288,16025,4868,8374,3108,5508,2772,8580,9597,13495,6275,8001,12153,397,15129,13664,6186,1178,10217
2647,14842,13120,10305,2699,10985,12477,1291,1322,13181,409,6229,13257,12770,302,12261,10082,3275,15990,10279
6048,15002,8711,10211,11088,9178,15251,11374,3631,2149,1904,14981,7860,5629,7005,10063,12047,15720,3565,13389
7110,10379,6097,12867,8796,13888,12872,15840,14955,2035,12146,1095,16246,14814,10076,14411,4225,2479,10922,8528
424,14309,11603,8130,3721,9509,7262,12286,985,7797,7767,9232,2760,1958,4538,14067,12740,10685,6113,6675
11834,4514,8093,3047,7778,400,4661,8037,6174,14741,2930,7187,11544,5068,3834,11190,14061,7781,7573,2525
12394,11498,11348,7337,9186,2339,6362,810,10361,13076,10788,10880,8769,11532,5987,8278,2162,4679,11867,11073
12333,15232,2019,11362,8802,15654,11629,15476,606,10879,14365,14357,1259,213,13983,15056,10899,4977,5485,11425
7043,15210,11838,7545,12472,15215,10942,767,10771,7061,1117,11366,2502,14635,4303,2497,14159,208,2630,12584
2827,11586,1377,11316,4258,15782,6060,14174,5487,197,1574,13525,14911,11392,6683,10943,16205,13724,16167,4186
12248,8056,11604,5757,11325,14605,3495,13982,14124,138,6115,2134,1518,13708,4113,3177,3579,7724,8295,1417
2286,6458,14723,6541,15507,1205,1470,8981,12723,9687,9820,13653,8930,9185,14543,5999,10670,3002,7192,15920
2983,13579,13552,868,12379,12553,4800,744,8222,12862,7840,6356,4079,15874,11145,2778,3863,16193,6895,11571
4451,484,12674,2353,4161,11438,5021,4709,2715,47,857,9409,8411,2536,7443,14362,7235,3270,5875,11692
12080,3429,2220,5284,12574,11060,1984,4318,3111,16324,4133,3448,3488,11454,13211,2139,1409,4130,11045,8745
3590,3392,13000,1433,2387,6972,7556,12706,2614,15668,4601,15541,2281,8487,70,12937,322,16044,6105,7026
10830,1297,8177,10285,6392,6850,3694,12736,11101,14392,6336,6358,8270,15578,3562,2368,7461,8401,6419,4509
4489,4168,8508,2153,194,4035,12100,10850,6742,13109,12727,13202,1420,10085,14380,13207,4272,13846,12364,7875
11952,6951,8119,3777,9762,2346,11368,11782,15623,2711,1771,14335,9928,12783,5086,2730,7853,6457,10764,11074
13907,13017,5050,16360,15926,10588,7237,5202,5279,3355,5045,16158,534,4007,15201,2573,8581,4198,403,8215
4262,6637,12842,16379,404,587,16125,11440,14407,7719,14576,16214,6185,4322,7339,3337,1484,14147,1612,1039
14385,10952,4196,14541,1835,1678,11745,9142,3518,16005,10725,12092,7532,4333,4907,4841,37,11151,1720,12604
10528,12718,6022,6256,4150,15922,11749,988,2171,2836,3351,5058,11555,2702,14702,3788,9034,8111,9935,13092
5132,13493,11969,4819,6227,15039,1903,14807,14513,6973,5840,6888,1672,15498,12028,12066,7542,7639,12880,16285
14437,8332,12594,11375,5851,16202,13625,11036,9473,5777,4107,13794,10157,1576,5320,12851,9877,12527,10997,16087
14279,4934,9460,7826,15923,9073,11150,16030,9542,12307,11468,13965,11286,4956,13935,3094,12128,1223,10402,9518
8965,10786,15738,3115,9722,3715,3482,1753,7937,14283,930,9158,13384,12380,6890,950,3884,5734,12190,3732
11951,4643,14727,4117,7847,106,8033,12362,3208,4899,15870,2315,11240,8980,16168,4565,771,14922,1439,10761
4712,14190,3621,15042,10624,1955,6212,6806,4180,10086,12633,3583,6111,7378,11776,4153,7608,16239,6846,9041
15382,10909,14969,3401,10524,13887,9280,13745,11552,3560,3191,871,2833,11155,5373,13881,14111,6898,5274,3926
11524,5689,8901,15049,11669,5652,11055,3971,13218,7048,13411,14358,12205,2433,186,1280,10740,14996,15575,5927
12788,11098,10173,15800,10990,15509,9858,2329,11998,141,1134,5591,15181,2698,14879,3786,155,3371,9057,3657
8425,16250,7770,11306,1531,734,1287,11013,855,8529,8197,14460,12995,7139,6801,16265,10013,12918,10663,15140
287,3361,5001,13447,11963,15368,328,12661,15815,7723,3575,7497,6412,10973,9125,14544,1340,1506,13618,14296
6443,5276,14717,8011,12733,15304,4785,2748,8372,15019,15694,3923,10603,14815,1883,16179,13647,13368,10534,2249
13755,13449,6760,2843,4311,14267,13124,465,6936,3808,1288,11469,8640,292,14667,15006,11112,4382,8052,2552
15496,15189,14669,5647,3459,9121,15334,6957,8236,15823,15062,14670,9265,7031,13934,11247,5462,11983,471,7058
11986,9505,7226,2267,15050,5677,1323,4579,4246,607,10587,5712,11635,3239,15950,1213,9080,1128,4233,15948
12227,7864,3855,15549,6641,14745,3893,14803,1910,16055,14242,4966,5084,11700,14350,3509,6106,613,4636,8516
8400,5365,6395,10859,15174,13487,8311,9316,3967,9890,8872,1754,3527,464,8893,8257,11245,16235,2154,4169
1760,11061,11118,5272,14570,15475,1423,11539,11032,335,2172,725,4776,6840,5698,6251,2900,10403,623,5717
5213,8982,15247,9613,2424,12561,5069,10502,16172,5457,6189,8454,8924,14801,863,16370,1355,9951,6451,14492
6517,11203,9657,14872,5863,12265,13944,5896,6514,6669,15468,6216,14163,10856,4440,7018,6208,3943,8422,15005
1687,7673,9894,16022,15,13339,10088,6439,16255,9501,12228,14819,4639,12695,7554,7347,2282,8198,15632,11029
2850,5262,11549,12769,8038,5867,12735,14613,2637,1403,7444,13093,6960,10693,5582,5120,7836,3516,375,11243
12982,12565,11315,13433,12224,2782,6040,3557,6724,7261,15524,12795,2246,12452,4218,14153,3333,2215,11222,8260
7936,1527,1517,16354,2436,12178,872,5923,10148,8902,4825,3706,5395,520,7173,15221,6591,7897,15234,11535
5311,472,14299,8681,15364,3378,4913,16192,1796,15809,2382,6687,15821,13002,11508,12341,5504,4214,14210,4506
8080,2907,7834,8535,11546,6712,9420,9439,12808,14698,9670,3112,10645,13723,14744,16036,12297,5356,4539,15813
210,13052,799,10041,3205,14601,6179,2028,13200,14813,2475,15079,16375,10253,2775,4314,5963,12239,3922,13975
12653,2470,3656,10536,11583,13633,15261,14941,2080,646,1717,2077,5108,10256,1825,11873,3593,9302,11898,1239
1105,8513,9932,6684,407,7952,11139,3240,3803,8974,2161,9674,11024,8976,1479,9884,14607,15570,7028,3924
12370,12021,2,7553,7010,2495,12944,1545,6814,202,14245,14145,426,8816,12008,12230,14769,2299,12828,1821
13080,2795,13163,9508,2122,6562,12135,16059,7424,13856,7595,14098,8854,12827,7765,12578,2361,2148,11043,12032
7598,8468,4493,914,15392,6011,2060,1339,6476,858,13345,1413,2061,5092,9619,1833,8919,12942,1611,9324
14018,14990,14942,10594,7249,9247,3414,2541,12210,12288,16210,2450,10286,8453,9131,11543,4439,10224,8568,10150
11937,13950,7609,14048,14340,7543,9435,3133,16154,8748,4251,15670,13643,482,10732,7221,502,13165,12778,1475
9319,15355,16279,4813,7601,13149,5275,2292,5723,8741,7241,14075,7725,15407,85,12802,5236,12522,11322,14957
15862,8126,1497,13884,9167,5959,7580,1298,11332,12231,2860,15337,912,4500,127,12303,15388,1141,7567,4878
6330,7926,923,2256,14100,3493,1452,11735,6741,2218,10060,6615,10239,13320,5985,13603,6651,4346,4801,15241
11594,1590,2189,15071,14705,15070,11811,6378,540,4925,13184,9453,12878,5418,14131,13598,14343,11748,10231,740
12623,12891,1458,7906,996,3832,989,15616,466,15271,15410,9681,11732,12183,1411,11531,14960,3572,15572,8962
10374,5002,2440,9369,9693,15157,4685,1446,15788,12542,2008,4392,3447,10699,2574,6369,3578,16135,10876,12731
7322,13956,11839,4410,12525,10439,9119,10047,9255,12268,15306,13591,9425,5664,13700,12846,13995,731,6380,7886
7505,8690,13254,4975,1743,9507,16337,6098,16122,3332,6975,7257,448,4798,12927,4802,15263,14998,6823,14699
12165,10917,6522,15827,15004,13712,14081,15803,14227,8330,3101,10709,14292,1226,6225,290,1952,5185,13152,11712
2978,8106,4673,8318,13690,15048,4983,15317,9233,6609,10453,4648,13315,1630,6348,7586,3868,6711,14403,8785
447,13701,14426,10012,13767,15545,1268,487,15945,5488,3195,3895,2625,15914,10785,1867,9145,15339,2485,12941
9240,4663,8234,12277,7172,4406,6427,1276,703,1469,13791,4199,5690,10852,2631,2968,1192,6453,4084,15639
1665,15838,1442,6340,14351,7041,14211,15883,15801,5489,910,3477,8446,15103,3662,9230,3813,7479,12744,14451
1057,11416,2026,8010,2586,14112,7889,15882,2340,840,4443,10604,193,6901,10649,609,9880,4048,12737,15695
13932,2724,5447,13353,12139,8005,12070,2341,14108,2964,14078,971,8370,9470,14144,12935,7134,9096,7159,8186
997,5622,955,9332,12752,15680,11660,12089,3023,134,6301,3416,14502,6861,13760,6006,11292,13230,1647,2742
9503,2164,2741,2476,8161,10702,5391,4085,16170,15161,6390,10194,4482,16281,5776,7075,5747,132,8807,2021
7380,169,10608,1356,5022,13867,3186,11744,12929,14083,8804,15482,1679,14870,2562,3867,15303,15664,10058,327
9306,4857,11921,65,12503,5433,12711,11971,15682,3283,14949,11897,15424,12345,11461,8377,16298,951,1248,14909
11566,719,1924,8492,5527,1819,3164,2675,9792,13830,5481,979,13375,5797,4387,5107,12374,10581,10678,10667
12447,8521,2996,5144,5188,2348,10609,6567,3249,973,10089,15898,16190,8223,1878,5375,4077,4261,13642,13747
14141,1350,6853,5907,8886,14274,11883,5720,15841,3828,14261,1597,9401,6316,12121,3827,11889,10417,11380,618
15297,9,13039,4562,16294,15511,13746,11335,16260,4784,5782,6360,15568,13300,1927,9446,6170,4701,8307,3607
13861,9864,4962,15863,2078,10407,1874,3413,4160,10423,720,172,15351,4566,15560,5709,7944,5516,7928,7326
15987,12335,1591,883,5177,13854,13536,10017,4335,1914,896,5768,387,4697,13476,10868,12658,11627,14117,15361
1508,3383,15750,2376,10479,2823,7145,4244,7457,6580,11257,13871,3417,3528,5639,16275,5342,10158,1201,10447
7280,15638,2710,13900,5522,13843,12585,9893,2866,13137,9584,6639,4141,2892,1882,13951,15867,5380,1412,2083
7684,12076,11721,8546,15088,7135,11159,6938,3004,1008,14983,9675,14780,15890,9723,8431,9795,7559,494,1369
3542,9526,14110,2009,7430,15075,15291,12478,585,4839,12438,224,14023,13561,12686,2696,8929,14978,7502,10471
7302,13953,7177,6066,5037,13756,4603,7079,13150,12614,2461,258,8627,2925,14479,14712,3342,3983,509,1295
8206,7328,6168,15651,5885,13804,13763,12360,456,9153,1681,7983,8387,15248,330,5196,5072,11132,185,13483
8418,3517,9641,8077,11996,1949,6364,709,4928,13958,5976,12330,5243,6765,7617,16100,11011,9592,14991,3092
15390,2875,3367,6468,9257,4828,7448,2462,8882,9579,3216,708,278,14958,4528,12810,7285,5956,7276,2377
11123,8336,12432,7470,2550,15471,14262,13286,6991,15582,593,1352,9639,13373,10636,12389,13154,9530,2597,6864
917,7217,5251,10302,3804,10930,2236,4699,11884,413,4454,2070,11570,1405,13009,7761,10802,2259,3875,15333
9156,1935,9090,3644,8175,14567,12294,441,2018,15652,13555,4729,13883,14773,12868,6874,13424,4491,9157,13394
10465,8191,16309,8750,4238,11009,10665,16348,8584,537,10278,3836,15324,15281,7507,7045,13859,2238,5247,13354
10102,2097,5826,8829,13915,6121,11892,6966,3622,2066,15474,13242,4388,6620,1814,13208,3146,15106,15618,14135
4604,10043,1846,14575,8089,12001,6020,300,12882,13387,2542,2322,13474,6081,926,11568,5536,13996,9882,12036
4772,3070,1745,13213,6281,6610,4050,3016,12581,6523,3610,4725,3085,389,8110,6187,12332,1170,13034,16068
1037,3175,459,8836,4906,7474,8154,9084,13235,14285,14525,11226,3524,13421,8021,3651,3110,3556,10982,9313
6342,2999,6694,6569,13147,4164,14595,7156,7756,7524,1225,2947,1897,8781,9012,13186,436,11434,14573,14854
14176,10893,43,12958,5613,11872,3263,5824,13168,12975,12879,1889,14167,14988,7798,16368,4811,8725,1198,2916
3475,1406,14447,15909,9870,2656,14876,15190,12603,14337,13169,16315,7006,1026,13262,14038,22,4985,804,11479
12654,12628,15991,11582,4904,2583,8184,3090,15581,4120,11379,15872,14597,16181,8738,8243,16208,15214,1899,15371
16010,1367,2432,8940,3521,5812,10605,2358,13075,16183,12196,1214,9404,12606,9032,5242,4645,6387,6084,561
4415,9311,5731,8193,8300,9906,2946,2191,5648,3889,11640,11691,10938,7487,14689,15236,15805,13074,12757,11499
10179,341,6964,3780,736,4159,11791,12185,15619,13161,2935,5034,1004,7112,3909,7909,11205,8921,921,4655
4476,1093,5111,14234,5416,2029,4826,2994,1490,4300,12593,9049,15955,10289,4737,13012,4175,15539,927,13773
13942,11541,13634,14663,3794,231,15753,371,2252,8862,2182,8612,634,7682,9229,3826,8963,2527,15327,519
7460,944,9117,6452,15901,677,4557,12805,3015,7842,13028,5053,103,15702,14009,11019,12116,8845,15454,11093
9373,16162,7642,12887,2977,632,3445,15706,12925,4885,2928,13886,3170,1936,16109,15338,2634,12520,14339,14118
14349,11388,2420,785,3010,5670,9648,14926,549,4612,297,15406,8644,2958,2539,8017,4937,13013,2248,2062
3717,1444,15994,5077,7132,14740,12412,14017,2678,13691,8204,9955,2384,3632,10589,617,1670,8787,5800,3440
12821,15243,6757,10460,11328,13894,9037,10136,12728,139,9002,7367,16346,6868,2446,1492,12409,9717,14469,13814
6322,8601,12263,9835,571,3666,9726,12446,14410,1524,15295,6910,15941,15713,6513,1152,6074,12127,942,3849
14629,9859,6761,11437,640,9527,2612,13210,493,3145,4405,14421,1415,13593,11609,7986,12679,9245,1130,14647
14531,15110,11825,15036,2924,8736,10340,1967,2150,239,15986,8638,11298,2146,14346,7754,9992,15954,5,3000
5261,4001,13655,13374,11769,6102,2911,3629,6877,16063,10091,5654,14835,7699,4095,8313,750,15735,9561,15427
11419,11397,11261,7590,12669,6483,15340,14512,6418,405,15470,11395,3418,4242,9342,10014,2716,11907,9367,14148
4778,9538,12560,12252,13799,12816,10280,13212,5784,8792,2756,10352,2439,130,16165,5910,7663,7184,7760,7920
14368,13391,12609,12460,15415,14836,4731,12171,13836,4938,14959,334,1318,12775,4211,15640,12933,7741,390,11321
9386,1404,11104,10770,13327,16132,15973,11881,9436,15657,6156,14947,6023,10204,4700,6696,11567,9739,1516,10648
8592,4998,4886,1551,15610,11188,4092,14181,4596,15332,6030,159,3551,16078,15924,12550,3960,10386,11960,6714
12354,12312,223,13998,11113,5759,10620,2369,3479,6252,12285,13473,5331,3941,13816,5163,6535,9767,15604,3078
11935,3310,12062,6990,12404,874,6171,6578,3630,10310,14439,11675,4033,15698,8149,6660,13847,6214,11757,15318
6986,13355,242,12167,5317,16013,14485,8178,14298,1306,10297,13938,4690,6666,2243,16106,2589,4072,7787,15790
9269,3978,15725,10478,14191,7340,6383,4455,4964,5131,14193,6240,12524,1149,12538,6359,935,14881,13922,15014
5642,10780,2040,7648,14201,12688,5299,9827,13600,13783,10567,13534,3489,5982,4279,6004,10404,14759,11674,4008
6709,2416,320,16296,10629,8024,13611,10232,15692,3183,11515,14547,5748,5514,5758,13748,12187,6821,3389,1210
13728,16211,16280,4522,5218,16199,12309,5970,13529,2211,8844,15918,16217,2309,10672,16080,907,16342,381,5674
13031,11863,229,8127,897,5211,10237,7456,5403,14384,4892,1050,4158,4999,9799,8765,6266,2570,16094,2386
1646,16057,5464,10633,9586,2532,16146,7462,11522,5172,11258,3364,14559,15374,12571,6339,13831,11668,5081,6549
7113,3234,6566,8875,1195,4733,6191,7845,5788,6728,12343,160,15265,13007,3156,10753,7109,5783,2457,13500
5409,8491,13103,1156,8274,11075,8250,13369,6911,7248,15531,15663,14007,6220,14263,7094,61,10235,9623,11803
6027,3286,7855,7232,9708,15352,4411,3244,8438,15404,1857,230,13678,12672,4735,13015,5866,4154,13057,13338
1979,14549,14199,477,14373,13744,14569,7174,11662,3009,15301,12495,783,530,7435,16269,14045,7059,4510,6574
15118,12750,15416,9385,1686,4654,13399,11094,1092,8428,14804,3975,14805,13857,13458,15421,15564,4254,14166,6080
11696,14636,3775,12105,9480,16117,8450,13118,13960,15928,13506,14058,11934,4407,13229,9379,5335,8677,15857,5450
14452,12348,8120,10206,10919,8452,6527,4545,4614,9030,598,6151,4568,2006,8267,7863,601,15178,3237,5410
3848,4905,9089,2537,9785,9459,2744,255,9207,554,12766,14945,3213,2431,12104,6827,9805,859,10900,15755
995,11858,140,6555,14841,79,9184,16018,1119,14532,1366,10170,15000,14338,4021,13919,6485,12709,5873,3588
6589,6505,713,8023,7120,13917,5924,3549,5357,15344,6511,2132,6997,14970,14932,14766,3917,12597,16073,6863
14518,5991,7211,11021,10635,619,9528,474,14965,1157,10481,8218,6830,4156,12211,5366,5302,3999,1959,4607
13844,5941,2494,8245,13432,1159,5360,13467,10545,3959,14775,8490,7921,6553,1543,5190,9876,10905,11037,11283
5225,2584,754,5919,12191,4195,2194,633,10225,9380,12011,8092,11706,748,14617,1450,5718,395,4704,6000
13841,4438,2956,12687,5960,15500,15397,14707,12242,8249,9745,1651,15499,10457,9094,15452,12511,705,7157,5721
15836,9963,2024,11979,14611,3729,12888,3616,3242,621,5221,5860,5348,9567,5852,1364,15556,14212,16085,12626
16095,11279,6623,11022,15810,16092,4617,1533,173,12272,1113,3522,9050,14431,7393,568,11314,4034,14188,215
16062,5124,14555,11447,8182,10570,5448,14793,4359,13741,15972,11572,12027,11751,3159,11460,13606,13170,15100,678
8646,11888,4078,7179,15596,15068,10307,1588,6545,3956,3230,15930,11185,3302,7841,2052,5805,2847,13989,13385
1464,72,10103,7688,16111,12952,12329,8654,13332,10611,12932,8031,13576,3219,15186,976,8747,14673,13541,4499
11371,3800,8759,251,5526,3682,8912,6775,2104,541,7494,835,7406,5386,14661,306,9629,16374,13702,11418
14552,14418,8371,8990,11238,14967,5073,15597,3750,8150,1769,3874,1122,13806,8225,10212,6706,14342,3511,5505
4498,5992,12683,15151,5184,15231,8072,3998,308,9626,1893,5463,2417,2839,11350,4224,8392,2059,6732,12796
10101,15716,421,14825,2841,3912,13769,11456,7434,5785,13710,10287,6002,15625,15074,6410,14639,11312,14010,15519
10026,4228,14252,14420,15135,8564,5912,4955,15445,15555,31,13082,1171,13778,8509,13673,1391,11130,15132,1601
9152,5713,5667,2321,11899,8258,1179,13494,1067,1709,2071,15179,7409,14561,9483,12537,5876,13869,11278,15816
3776,13727,5337,13402,8957,10137,8520,14851,14130,15566,9095,10866,2379,4590,1918,2133,15127,11511,2151,7539
5470,8905,5452,9443,592,6474,9758,4822,10401,2937,3494,2864,13380,15612,5009,3178,3199,14259,8880,6375
2441,16207,7600,10331,12448,14837,11882,1786,14695,15090,12502,5322,13259,10347,12086,318,9697,1027,2449,10836
7949,11507,12383,9339,3339,86,10426,11772,12279,9879,11436,8366,7425,14419,9575,5239,14228,15202,1707,7764
7536,15447,58,11956,12907,2328,4572,2796,14183,227,13214,11356,15593,15848,10963,14933,13224,11591,11207,1834
11004,2601,7069,12573,13412,8704,16064,5411,14253,1090,2507,12201,6701,13978,901,5352,15820,7624,16317,13868
3497,3029,828,7611,11491,13337,10600,3824,9886,1792,8717,4860,5235,1348,13684,5630,11961,3193,1608,6985
15839,8020,10757,15762,12625,10321,5658,9322,11928,8086,15992,15675,2185,9612,5091,5695,8743,6265,6886,100
14634,1136,7907,11947,2921,13271,11992,6647,6299,1920,15111,3210,13522,6432,9419,16060,797,15931,11049,665
14036,7715,12015,1762,9736,545,3437,7407,12714,15363,11290,12061,2966,12385,5210,2043,5874,2120,391,8066
12874,14749,12479,8160,8797,14619,9003,10325,11343,11551,13419,10015,610,15818,11179,9824,3965,3758,10843,3042
5636,16050,631,14852,2965,14913,1336,5121,7386,11369,12403,9834,14664,195,259,5159,16006,13771,9986,14747
8742,873,13694,36,9872,812,14718,6494,1703,2205,13615,2998,5369,13330,9427,8979,12938,8933,9403,5149
217,4044,5767,14024,13820,6484,7891,9223,14231,1110,11985,12994,1534,8196,429,15504,15007,13451,953,7774
15316,14640,15428,10584,10915,8340,2581,2408,10292,82,13616,8936,13056,5260,353,14598,6935,14248,2163,9463
8308,4799,11373,14824,968,3077,16301,3898,7321,12666,9091,14401,2913,15869,8398,4340,3925,3261,234,15960
7115,15726,3309,3714,14317,977,16318,1477,2535,8304,9496,15001,2508,11537,887,2291,13225,9994,10395,12085
1061,13038,13738,9297,6581,13128,16241,6122,2454,10939,5915,5575,15298,14314,431,11715,80,3937,4749,13687
10838,13829,2010,2444,4995,3375,14550,3962,13383,11115,4665,15913,4795,9315,824,10260,2255,107,14004,9706
8003,15436,11545,13688,16209,15599,8782,14654,7348,2266,6467,13654,14344,13377,6824,9036,1585,10409,16188,10652
3718,16229,15658,2332,11554,9871,5590,14423,1034,2343,15719,8337,967,4287,7581,1166,3391,11432,7107,6503
14050,12177,8451,16378,6668,525,13540,643,5094,9912,11527,1461,1701,14415,11819,8151,13020,4414,12481,15229
14596,4896,11731,15908,4172,14885,296,1424,694,10529,10283,13436,15629,10244,10962,1547,8662,10542,12819,462
5962,11281,2592,6626,12681,14122,5740,385,1042,3831,5139,15020,4090,6368,9451,4496,12895,136,6570,9023
11173,6079,1705,14235,12390,6721,7118,13893,2603,6700,12133,3669,3122,4558,4012,3700,359,8350,12834,12240
9487,9836,12506,2897,8301,7651,3063,16189,8967,1966,8042,16166,6665,13964,3265,1515,14706,14377,13407,6796
6017,3480,133,4550,8696,12399,2208,7504,560,3395,8192,13023,5706,7100,9950,15171,8320,9366,14408,7389
2520,10450,15940,8805,6148,8537,4424,6218,5036,13027,929,3008,3331,14456,9193,12184,12753,4306,4115,2463
2624,14429,3676,11569,15119,11620,1462,16099,6207,700,504,14861,13790,2686,10396,9789,13832,676,11,16314
3894,7356,6035,8616,6213,8935,4203,6409,15843,9063,10327,175,3736,13674,5306,16316,3282,354,9531,6231
1650,1100,9444,16333,12134,8012,1041,14278,9620,13826,7057,5649,8864,4897,742,8724,684,8083,5019,4191
11689,1816,15459,11774,4581,13253,2733,3547,4657,2165,6450,12856,6967,9308,6384,10595,16347,12074,11160,15277
11600,16031,6062,377,15146,16373,12009,480,15888,5997,1185,9655,8605,9636,1249,6705,15256,12433,10689,5396
2939,5986,2285,6583,15250,4275,14370,12336,6422,8176,9452,12552,4437,10572,10272,10889,5951,4534,959,6565
15479,6654,9500,14976,10346,15429,14256,9164,2230,11161,7516,8088,1625,16032,2976,10994,9520,3612,14208,3981
5732,11488,10908,575,8583,11920,16203,9211,13173,8242,546,12253,3076,3756,4640,9653,10320,813,14079,3410
25,6287,15915,3431,798,4848,7710,13490,10654,5594,11302,4446,4252,6304,12619,8247,16035,10057,12916,13403
13726,8027,16130,5730,15672,12682,15011,8768,667,9819,13172,14916,12099,8239,15260,340,12712,14602,5547,1963
8740,3154,6244,542,14758,3687,8911,15780,6274,8227,12860,11308,5525,11809,14849,15768,5070,6624,3903,14855
4993,6324,2482,9478,8298,1552,3515,5451,5429,14917,10496,14303,9168,13528,7759,15503,12985,6611,746,2100
5253,12236,4269,7950,9811,8145,12125,13344,13800,66,10475,6270,7210,12588,2639,10977,5408,12680,14307,13821
5680,5405,64,11082,1873,14413,15173,9731,166,8290,7587,10824,16071,14481,14239,1655,5118,393,5665,8824
396,15365,2804,15072,8437,10556,13997,7234,4767,4866,6695,16297,6833,2047,13809,11056,9979,11504,5596,10454
7626,10936,1154,8288,11191,12601,15240,1480,13889,1702,15105,14579,3744,7658,5212,12800,16349,5400,7652,1013
8549,430,1451,10176,12507,2786,6915,16257,8596,6908,9438,5779,1837,8228,14151,5453,13560,8602,1546,13143
3288,14632,15537,5117,10466,9769,2687,12450,15851,13527,10215,4435,29,1933,11169,3653,2445,6849,6663,16304
5039,192,15320,15864,16343,1692,9788,8913,6636,13010,13434,2709,8345,5182,4958,15961,16173,15550,7394,16247
40,15160,10197,12264,7923,274,4971,16066,1722,9417,13937,11178,6835,5353,15448,13281,3422,152,16248,11659
659,12817,6133,11909,14284,1418,2728,5014,2980,6640,12334,6182,8858,14264,4165,5948,9583,8068,7827,9980
10029,5899,15772,14177,3327,6332,9665,6433,7690,4941,4644,6810,7776,7985,145,1930,7916,10925,3069,10613
15294,15147,10358,13759,10696,3400,401,9696,14863,2113,4422,15341,11111,7129,13064,12747,9127,2500,3634,1891
13720,12787,2027,4119,8420,7708,2811,11666,3660,4488,14087,6436,9832,7674,2103,13635,9043,14068,13400,7387
3350,2666,2184,1465,8643,13285,2138,2005,1820,6779,4062,7402,5226,3727,4791,3014,13106,8843,6685,5699
11484,15637,7311,7489,14778,1002,15300,9776,14471,9141,5394,15759,9873,2718,10042,11025,12647,9402,8504,8758
8652,15488,15325,8998,15182,16243,15797,7003,838,8240,7583,7635,311,13191,14583,4220,7838,3973,11138,6263
6744,15518,12496,16228,5494,8766,10290,3172,13227,2501,12722,1607,12865,4649,1806,8497,7178,15430,10351,12652
12421,3825,10267,6803,5198,14138,4864,16161,13232,2721,7751,15097,10720,2529,13249,1049,4513,11797,372,216
2737,3192,5147,1167,4879,12416,9770,9488,7808,6388,15376,11259,3970,347,6822,10540,6246,9161,11303,12707
7947,15722,13258,10987,12526,2360,9429,3338,7218,3842,5128,12512,13367,16359,5467,3673,10203,4137,15211,1845
695,13640,6313,3782,6918,8606,7433,15235,13247,6543,12077,16082,9093,15526,13508,4922,7,10679,10431,14600
11581,11489,3830,1175,7660,14936,5574,1155,11651,8226,1327,2800,14497,3125,15603,12645,3317,8735,9350,4352
11589,7869,1985,3819,15478,2717,6774,8831,16160,7647,12276,15312,706,2364,14462,1347,7454,15540,11464,10955
10477,8835,5598,16240,14327,14477,12822,15856,325,6147,6585,2549,11052,12411,9216,14406,11822,8489,15709,6090
14271,2867,2524,1872,636,6963,1598,13390,14499,7287,15443,2323,12773,15255,5270,11994,14066,8467,1992,14220
14042,8993,2330,9704,12920,13043,13363,14832,4350,2219,15126,4740,12320,4356,13439,13961,10941,13808,8817,8047
12072,8025,6776,13273,7796,7984,1501,11089,2543,10749,1711,8730,15748,11856,13222,1613,8121,10789,5476,11269
10333,9516,16061,14779,14040,7589,8512,1054,13613,1628,2948,3976,4268,16219,10033,9336,13174,4773,11331,129
697,10303,15696,2789,207,2098,12068,16174,12794,14223,7918,5993,7209,14094,13993,7033,11208,5922,15978,6408
15523,4461,1626,16027,9692,2365,12232,14330,14172,13709,12331,9550,4002,1040,6980,10750,974,7883,7202,4418
3754,10596,2048,6341,6052,4915,1724,13313,1088,6026,1571,11599,7831,881,8338,4613,15328,14823,2740,2927
3054,10090,15112,7097,137,12372,2349,1953,14428,10336,14056,12405,6312,6012,7205,9430,5332,15417,4650,4608
6869,7900,15505,13459,9609,11472,15373,14800,2231,10009,16334,7912,1562,4989,1358,283,12289,250,8316,13395
15866,12319,5061,11271,11070,3467,3176,4707,226,13750,15688,4959,13454,937,3564,9998,1463,1853,2874,8649
9357,2354,12904,13717,4215,16155,4331,16261,12176,12259,15099,14630,5268,2704,1969,13047,13925,4703,8462,5926
5655,5513,12194,8566,8211,8078,8551,10563,13245,991,12065,13558,13524,11006,4844,13916,845,14008,1231,13630
1982,1808,15689,7527,7095,15114,793,12863,15650,15480,2272,6402,14886,15835,8881,13334,1300,11176,5599,10813
15025,1429,16204,4080,9291,9007,15917,1550,15985,3121,291,14483,3812,15542,15594,9600,2824,12402,15367,8966
3131,9898,5179,12961,13892,11534,6882,13824,9595,333,15067,5994,14402,4656,11901,1474,12923,7282,6278,9194
6068,1467,1520,4086,16141,489,4425,9865,13372,7422,7458,14348,13662,9440,7379,4010,13906,10161,13810,11973
14488,4794,4321,15673,2054,13614,4088,1558,2567,13504,15927,15571,1235,3227,4652,822,11260,10269,2668,12514
3502,11069,9244,14562,15622,8426,9263,198,6367,6919,10944,2064,6593,3845,3182,10359,6557,10500,14027,9683
3353,9868,15467,12492,14404,2533,6204,266,11244,10181,2908,12624,5288,7224,14156,11755,9364,5822,84,14356
1815,6617,12013,8459,14694,14535,5062,11370,5469,6769,13238,795,7810,5780,19,8099,3930,10293,8604,4788
4867,1144,6130,8396,1430,6723,12175,10427,15939,11826,12758,9809,10867,2089,11018,15779,14866,76,33,1973
9948,5790,5936,3466,10240,10816,1925,10233,11435,11530,9261,7049,1530,10462,12973,11990,3568,12283,11039,15308
9822,4862,16091,13952,6659,12225,7712,9368,6063,9011,14206,7429,14378,4919,5650,9305,2337,3022,9166,11729
8532,13178,12852,2522,374,5480,16231,4325,3084,5729,2082,12474,2681,6554,505,1419,7196,12618,15567,3449
2076,5973,16176,1617,15426,15746,15456,8014,11977,8715,6305,490,2802,15607,10677,9346,10996,2941,3173,6783
6139,16088,9464,5223,15769,3238,11775,10623,9254,11737,1616,4711,12155,4145,4003,2896,924,608,383,13651
11529,11695,13739,10622,6602,10591,13946,2110,553,9133,13897,3248,6421,16153,10348,3747,6556,5701,12123,5930
3731,3546,5425,13329,13972,6715,9053,12170,6752,15828,11959,15203,10451,9370,1111,11900,7376,2003,3792,12557
1735,7582,1523,3871,7313,12397,14523,12660,2974,4024,6955,15013,8676,15477,8329,1929,13815,10821,15205,12748
15677,13870,4546,1383,2312,12986,10003,2726,12293,15742,11477,11938,6767,6025,620,6,15636,14202,8289,2466
10592,3245,2585,10706,10227,13781,13683,15826,11223,16142,7766,7353,14019,15497,16067,14328,10434,5761,4278,12172
13531,2406,7106,16046,16271,9807,2057,13543,12049,10125,14033,10295,1589,16034,8756,5217,7789,1980,2982,12774
3442,6748,7713,4319,2472,11096,14213,1776,5682,8937,13812,4163,3056,3645,10554,14455,4176,12218,4774,14862
1622,14651,16253,15925,8373,9953,12103,5273,4259,8524,7042,4664,10641,12700,11341,13548,14956,3312,14666,10568
3303,6629,3252,3752,2310,15967,11336,5106,6445,1138,14319,9909,15585,15152,790,963,2688,5238,11798,3690
5475,3791,8883,13638,15932,170,3988,14436,9347,11723,7298,4232,11487,7641,5796,11800,11972,5287,15536,2676
4626,2158,10445,8713,11848,4245,7052,1343,13288,5589,6296,420,3661,11449,1102,13740,9919,15391,13627,12897
7522,9897,8789,12984,12782,11333,548,9356,10497,4893,8108,7150,11421,13671,2975,10861,4762,5500,10503,7019
8058,4020,1528,4947,14225,13909,5685,7607,124,13158,12664,14616,5753,4357,14311,11216,844,7572,13637,10281
1609,10205,2196,14728,15385,4433,13460,4083,3707,3890,8618,11174,9733,947,3935,12754,5887,1761,3373,14894
16218,5327,11324,1188,1797,6302,878,7657,4470,9774,9800,7678,2785,1956,9112,5551,1695,16185,5161,4869
11697,7820,5900,10574,15469,10271,1974,14581,15554,11470,7513,14443,14919,3468,15032,94,11389,6021,1581,7731
15980,9817,10304,12292,16256,1181,16012,13370,6632,15441,9155,9359,5714,5520,4816,10485,1265,3019,10920,16223
12919,6431,14182,15396,6625,2041,10195,4486,9176,3320,12820,8423,10916,10873,10617,4347,9698,2519,1536,7357
12690,3952,8207,10775,7133,8746,13423,6306,16077,9082,4840,6149,1036,12670,5197,2922,408,5546,3793,10207
4320,2302,461,310,9900,6024,5864,8075,11136,2271,15661,9169,16096,903,8500,3103,6041,2473,14810,13293
6826,16291,15285,7225,6470,12910,12377,11334,9170,3398,15727,12564,16042,16180,8087,6540,14294,9195,11519,12324
15608,8942,11817,16002,9019,9276,12590,3114,8720,11816,5579,10124,9659,5627,416,13948,14364,8945,5656,5259
1233,13032,6184,9622,16312,11124,13895,11565,11777,4721,6093,9793,12761,755,16097,4806,15204,4004,3082,15949
9869,11861,3220,1272,9351,14313,13371,16045,5160,12894,9589,13607,5101,10067,7231,6940,9712,15128,9343,16216
3095,12599,8460,10546,5787,7490,10501,1731,6183,639,3611,9312,2764,7355,10210,15466,3126,15528,13445,7051
15881,15974,9522,9027,7653,8279,13539,6315,13301,1211,2973,12444,2042,7252,14709,14850,4858,1704,1746,8540
791,11576,2734,6989,12678,9837,2851,12114,10598,5113,3478,15666,110,11781,13484,3055,2307,15059,6379,1939
8117,15965,3790,3321,2969,9033,16090,4525,14864,15565,11497,13156,6841,14359,8394,5228,14674,12490,5319,3058
6847,15207,4243,9172,564,8828,4475,15195,2518,6088,5333,9523,16290,10992,2159,4961,7535,15916,854,1614
16353,5932,16019,1755,13410,15553,5186,11878,7400,15107,3472,11441,6399,10543,14119,11574,7392,2167,13036,15208
2400,7717,12829,4053,14929,7404,13963,4789,10106,1371,12094,2336,3152,5446,5076,2388,254,9038,8501,6939
4102,12885,7669,1428,3985,10984,15609,13289,13715,16215,90,543,10618,4742,2660,15521,7229,12976,5576,5934
13444,6860,14438,13237,13328,7506,5578,15763,8718,4750,1844,514,12555,10252,6009,4837,6103,14221,12484,3158
9130,14755,9465,9652,4588,14789,5385,14457,1051,4190,15197,1495,3733,6107,3639,6722,15122,6475,499,2929
4523,6045,15345,12760,7344,149,5663,2045,8744,14782,8733,2706,15483,14848,1922,751,1567,5292,15379,3405
867,4170,1934,10998,1657,10975,15996,10590,15227,9781,5980,1916,13072,15212,4063,4060,4763,7256,14025,12143
8838,6124,15551,7294,9621,3906,6288,9273,6621,4680,4561,2222,1734,4229,6782,8029,12413,16093,5267,3155
15258,2224,5224,5672,9331,5806,5890,9260,4984,5436,14781,6978,5765,10849,2389,15089,8104,8360,6321,8071
15787,4022,11128,11338,8019,2274,11200,10192,1395,13845,15085,12636,8973,2882,9079,12060,11927,2818,11940,4315
5031,10801,2186,13834,15051,16140,847,11656,5847,9384,1237,9768,12473,9969,9845,1829,2865,11272,14701,15679
4517,13757,13752,4106,9933,13969,12949,14505,14132,2264,13131,2831,14096,11652,2826,3710,11533,8292,42,4972
13486,5692,5381,11760,12826,2011,10986,15699,1457,4299,12461,9796,13014,13774,3996,4389,3443,13979,12671,4718
2145,5628,13730,10687,452,10969,14734,11829,4247,11492,15044,14844,6799,14204,13550,6735,14374,16319,14692,3928
13641,3991,11607,2357,3801,4481,13530,187,15003,5586,12960,7155,15198,314,1186,6529,15944,11462,3411,2242
5329,12861,6487,14831,3086,3041,9896,11028,14154,3492,4946,12532,884,7096,5989,14883,10862,10196,8190,13737
2372,15087,9970,5903,9287,13298,6215,14277,615,9349,16336,15559,4577,10566,7473,3454,419,8731,10044,14719
11431,15191,2245,8325,3862,4765,11633,2861,3456,15877,8971,1569,10640,437,3585,818,11704,7992,15615,7284
14393,11642,14104,3150,7482,9056,1153,8918,114,11641,7958,7744,4573,13231,16156,15458,1676,1663,11698,2615
1125,10127,11264,1098,190,5473,9126,3426,12823,6092,14332,3686,2079,8697,9477,3779,7614,2046,15408,8221
1402,6674,1529,9563,6167,12551,3226,6923,9173,1163,13567,1169,1251,2250,12831,2776,10461,5743,15401,12720
11221,8641,11204,10488,5892,5297,7123,7579,75,10264,7788,14787,1749,10182,13461,14834,11154,10655,7750,9371
5671,4042,12423,9744,1636,2065,10694,6686,2237,7685,53,1353,13065,8303,245,13306,4787,15491,12845,13140
7828,7208,1242,2362,9139,10369,6719,10578,1183,12482,9808,13045,2667,2067,13203,15017,7375,14041,4505,9140
9642,1993,2981,7077,11396,7452,9189,14912,6590,10247,10371,13260,9956,15721,3304,10120,11012,5428,11166,4112
5552,12978,5122,8494,6944,4216,3266,15273,3341,11578,3214,13123,774,8947,13987,8380,15357,8412,11886,13764
6653,12814,12042,4111,8386,2209,4483,3891,11079,12118,14034,12886,1282,12238,1757,2607,10934,9485,12519,9806
