12947,285,275,2243,7630,13406,4454,248,12459,15804,14619,11520,9190,1788,10310,13836,1742,12548,11028,2154
5223,1039,2701,13305,9798,12306,14323,8411,6826,9086,13990,2860,8218,7867,7194,9143,5547,13964,8043,10366
230,8666,83,12960,3111,8909,1379,3423,7369,4935,11917,13386,3766,5869,89,12933,10646,6815,13394,5336
4501,12194,528,15604,1687,3687,9863,15333,2958,12580,12018,3278,4549,4564,5459,773,6347,2237,8434,4551
1075,1316,3313,15625,7518,9005,12469,10290,5853,11549,11349,11317,11035,6756,15200,11964,6137,13758,6158,2708
15184,1130,5923,9481,4813,13472,1859,1335,3325,2101,665,11507,12830,10680,6119,8846,15379,6410,11566,11804
1439,14473,8175,2486,12410,2163,10096,1339,815,1438,1717,12583,1578,11614,11425,5329,6401,5564,5053,14096
16127,274,16241,6030,714,5265,10,13067,88,12992,1907,12879,11578,13748,4701,10235,3227,9009,234,14313
6728,4943,2207,6515,4130,8154,4858,12161,4138,5943,14865,15792,14224,7848,1246,775,15932,6160,12279,270
11669,5567,3426,11115,10494,8590,391,1151,542,11180,388,2613,8774,1474,6099,1031,13268,4270,10033,2224
3323,691,9024,3549,9593,9968,7574,10896,4889,15638,1680,11651,13663,9666,16119,435,7284,10972,3939,13363
14462,10361,1066,15671,16335,8053,8108,1603,2206,6492,1513,9329,3248,8681,5125,14275,6827,4781,12029,5998
14661,3639,493,2789,8793,14852,5935,2282,14250,14231,14226,3121,5029,226,12517,6348,4911,1284,7579,959
12926,7256,13721,604,1342,15206,6529,38,7240,8415,3377,2376,6850,15027,2822,2884,4608,12402,15993,7883
6469,7188,2788,2253,3355,11370,4647,10495,15693,7399,5952,16306,10173,9785,2113,4904,1604,309,6953,12068
11062,2395,13060,3178,14556,4988,15120,12405,3345,5382,7608,13163,5041,1550,9283,1114,11051,11557,4607,12605
5508,8127,459,10171,4287,10091,15925,2705,7214,13166,13840,12149,4760,3659,13020,6074,5745,6666,5451,2107
6362,9946,13702,3521,12987,1291,3802,2951,4964,2516,991,12426,1974,8908,8928,2504,14278,15472,10973,6300
14139,11536,12855,9218,1887,3823,8267,2180,6753,10141,5366,5488,16100,15363,1219,10738,1484,5492,13561,16231
8045,9828,3543,10028,15863,6306,7808,13662,3395,5560,2138,1971,6022,12700,14621,1771,10519,11925,6029,2739
3160,7604,12510,7857,3454,13372,3320,2579,13538,12526,13888,14002,6374,11374,6951,3796,494,4671,278,9566
5282,1186,3849,8056,8119,15948,9253,7151,15019,4623,7901,3567,9753,8215,7680,3327,2033,7750,3630,2671
11385,10796,15352,9239,13615,2872,9457,9641,9312,2192,2547,6358,5210,4561,3772,15331,9133,8730,11544,3245
8867,3601,6539,8754,3925,9927,12911,2809,3863,782,12296,1888,7011,5288,14951,10454,13951,6228,1266,15371
4388,15380,6923,2981,8834,722,7450,15538,7957,7461,1179,9442,5882,10484,4122,8684,8125,16376,12136,10958
2726,5590,4467,10502,2201,2930,4334,1760,3373,12656,2057,5976,9879,14813,6752,796,3228,15731,10204,5761
2267,4981,4328,10029,9355,8528,9731,2409,1216,11662,15043,8092,11234,1645,3903,7506,7711,13364,6412,5197
14781,7064,7478,4538,14567,14850,10756,13238,4010,14322,8717,11555,14110,14192,5578,2259,4857,11265,5988,2240
7759,14936,10850,14832,1571,4534,5585,1596,12993,2908,6483,465,11840,894,9214,9098,9683,3033,6630,3237
8132,6116,1983,15302,8544,1471,1881,5750,1315,2866,7457,1215,334,11070,4775,9339,13636,8934,3093,10637
3346,1730,7347,2426,15742,6697,14992,11258,9733,13568,16021,4982,11655,9795,11702,3394,5562,5954,11529,3262
4630,16276,9495,1590,9311,1658,11735,14818,11413,10987,7927,1180,5703,5135,6095,6166,5695,1383,8499,9021
3814,7766,11777,6127,13205,2045,206,13083,1719,3404,11610,5011,7949,14634,4961,3249,13848,11590,7250,791
2781,10890,2654,13431,2714,5835,4408,13722,14499,10814,6520,6734,3588,9581,16200,8457,9348,13658,8984,4761
13121,6183,6718,10376,1544,12798,1007,2800,3084,13895,3222,547,3214,8853,5542,5060,6675,3718,10797,8911
2609,4962,15593,13140,6942,11873,4210,6025,2143,2957,16037,3028,15321,1952,974,205,7947,997,5792,1142
10224,12239,15268,1886,5884,2069,15142,12109,4183,1377,8868,14189,12129,3008,2699,7412,13569,7311,1078,9314
12990,14794,3265,6355,2083,4451,12165,10682,3899,3180,4373,560,9036,5054,6290,3159,3003,8088,1074,3419
11546,15053,2867,6849,13906,9525,11193,11882,13784,13393,11053,8865,4250,4523,8183,5481,4510,3621,12072,7500
12594,2286,1073,5431,10872,1008,13443,3580,2194,15534,6279,4313,3942,777,13597,5056,6808,10316,5144,15187
9599,6108,14056,15153,11335,2340,7905,319,4543,9606,14523,3656,13469,8503,2355,13031,12968,7719,2942,12366
15615,3379,1477,14513,13396,2909,5814,6369,3448,15479,2524,477,2238,3996,1959,2694,5013,9177,11225,1345
5005,7175,8567,12767,11778,6344,14196,13136,7147,4393,3202,1191,3746,7243,1778,586,10180,7828,8064,15883
8519,3661,4173,6975,8591,2830,9054,9188,5266,10163,4280,3612,3804,10377,12212,12150,11908,2735,328,6262
9380,4026,13985,145,3858,14470,7840,1445,11417,8160,2448,11923,5357,12123,5673,1062,8165,6238,13979,2869
8663,11683,13620,14435,7355,15783,14907,15213,1832,5533,10989,5272,5779,2125,5783,3090,485,6876,8167,2570
2696,8166,10703,1641,1245,8352,1661,9206,10431,2707,7159,9853,14998,14952,9925,3051,538,6397,4610,8807
8990,8825,3648,4897,2325,10552,2704,8724,3712,626,13071,2932,14433,6798,4711,10895,11052,8617,11767,3022
12858,10815,3835,1906,5402,12713,6013,6294,256,3898,8025,446,4652,5146,12579,4584,14124,13223,9140,8495
2186,3242,11031,4480,11326,255,2217,2752,12237,6845,939,13627,6760,11821,2580,4249,13670,7140,463,2563
6379,3489,6524,9910,14874,3476,8,11295,557,5192,6426,12665,7578,7418,14609,11784,3013,7389,7107,4738
15815,12832,9032,3188,396,6373,1701,2846,3724,3463,864,11177,4685,5285,13570,4648,8177,9999,10115,12145
9106,6667,1420,10211,11597,9931,7986,7286,14205,166,189,1642,1002,4252,2032,4359,7565,16147,4374,8721
3585,13314,11834,4139,9698,3960,5017,9994,2786,12688,1187,10941,9126,2538,1848,11151,14610,2156,16344,5742
16103,10399,2172,3301,15347,9981,11611,8742,1678,8031,4913,10627,16264,6345,11447,6971,2270,7279,13407,6080
3340,1690,12490,13483,5219,15565,3731,11568,3670,5085,1450,9201,11584,1698,2838,13884,10374,4638,6102,15012
8390,4107,9577,5888,9445,8315,15121,2687,3139,1846,2221,12771,14954,9243,1552,11176,1838,9543,10416,15324
7765,9986,5465,10464,6213,12506,8368,7379,10119,10906,10291,8978,2911,6104,9137,3635,1206,6679,11213,15181
130,15686,8801,1954,7678,5369,5686,8224,3783,1733,5120,9344,7342,3700,13402,8642,12672,701,5925,16040
4691,7043,8442,13558,2605,2047,16072,1713,13447,2842,7073,12028,14179,1448,11236,7166,6943,12616,12416,12680
7080,4739,2548,1654,9617,8737,41,11036,8484,11065,14026,4605,5154,16245,3693,7190,16017,1452,3316,8675
12146,1987,9552,10527,1675,12484,12692,14859,8836,10236,1123,15934,10813,4283,4902,14679,4361,15144,13582,2346
11359,16346,16279,14249,12226,7327,8555,15481,5025,2546,10164,14847,1287,2629,4255,1945,3603,11522,572,1738
13617,5993,2721,7392,7302,7007,9366,2831,4507,8212,4463,10507,7169,8279,4064,581,9676,3794,15755,4524
442,15767,12190,2945,9565,1651,3440,8835,6633,12504,286,6588,9227,5653,14525,7710,15642,8905,1791,8885
16126,1765,3685,7612,1996,5461,8914,12853,12106,12238,6200,12020,13377,5896,11008,14929,15933,6715,5124,11182
5938,13018,6452,6370,12999,6320,8405,11099,10647,6732,4057,9112,4921,6340,11867,14184,8274,8527,8696,5097
11715,7440,15309,6086,5677,868,1918,4839,14866,10783,14378,5368,15909,2216,4165,9373,4669,9692,156,10864
5856,6968,8200,11423,927,6955,12724,12932,9730,4572,9522,12376,4673,8927,11879,4547,2586,1495,1421,6360
12558,6040,15246,4771,2468,13197,4350,13294,12112,9896,8152,8779,13579,13315,8563,1174,12551,5123,2428,2458
10537,16139,10765,8623,7598,5263,2161,3101,3205,9063,3528,4583,4569,2275,683,1238,10487,15254,4908,1795
15984,8204,9225,3999,7984,8308,7748,9254,1392,14942,7242,2306,11284,14947,11989,3330,1163,12685,15931,6486
6436,5428,6743,9285,12509,6140,10751,5074,15430,11132,13049,5937,10210,3885,12834,2652,2637,12113,8134,9623
13539,4070,14494,1364,8463,6922,12609,8440,7811,13781,2599,718,10903,3380,2084,15295,2988,1021,12450,3638
7178,33,9982,1695,5864,2593,229,9774,7307,3393,12235,16234,5040,9272,7163,2439,2197,10334,12079,543
10107,2669,7534,4083,769,1369,13492,1013,5534,5094,13564,6136,6230,14085,13235,9071,264,14421,10249,1805
12984,3043,12476,12718,5047,5642,8007,12857,4371,6750,5877,2353,16332,13661,11630,2350,3771,13280,14033,3174
11406,10806,3595,14431,15190,3384,9374,9383,6705,5066,9815,13013,12103,9067,2399,11845,13349,1294,504,13593
4364,12520,6004,15910,712,11048,11333,2174,2698,2031,8806,5502,2371,8242,2635,8805,7593,7055,242,11966
15880,9027,14347,3196,7969,5624,2231,59,6979,5208,4971,13222,3644,2380,9419,5848,731,5671,4162,1815
2410,13371,16006,8311,8009,3832,2459,15796,3829,5730,5363,7066,5108,4891,14311,14824,8414,5006,3433,9328
7453,4429,2656,5981,5743,5019,16296,13572,2391,9814,3406,6287,1973,1758,2029,15762,3699,2354,10046,2196
13535,3593,5842,4100,10058,98,4197,2856,2209,6293,3391,15976,3946,13832,12643,12360,1938,8916,15703,12333
3937,3422,2827,15276,14751,14837,4968,13822,11203,5330,6875,2397,4563,4251,2880,7929,1514,607,11946,15113
505,3592,4820,12994,6972,6391,3038,4315,12331,10516,2919,4444,5868,8975,6055,8366,1768,6142,15064,13671
8872,16353,8324,4714,12884,2823,10268,13726,6627,12385,6652,5987,11224,9961,3324,9868,10729,4378,6622,1921
1124,6249,11723,12427,9766,8894,6569,11445,7970,12048,15613,6114,2374,5462,10139,7951,1205,327,1407,10697
13466,6382,5028,6854,7554,9015,3053,13221,10969,1657,877,12804,15619,8211,12934,15085,464,7458,4438,10438
6802,14382,11210,6451,6619,3259,13632,5478,7447,15489,3770,7293,12674,1415,15530,12841,3522,12721,7876,1340
10753,1156,15277,14504,10168,5438,12691,9866,977,5591,4299,4140,1234,6730,12986,2478,7030,5876,9365,9087
15896,12982,10675,1639,14943,6315,10617,1517,8097,15813,2542,1303,5781,5704,4917,7560,7160,2569,1024,5116
5900,51,1210,9855,5177,13464,9068,11894,1538,13937,14997,1522,12618,13152,2406,13607,4004,5313,14032,9755
5257,9130,10035,12399,2969,2722,2601,9000,4363,7434,12433,513,10591,3747,15202,2338,12065,1940,14687,386
3274,6120,5850,7083,2185,1030,14444,9908,14228,12862,752,11722,9134,16188,2408,5155,15145,3649,13100,8781
6396,14055,4732,16024,15651,5141,11344,12759,6269,4929,2574,8077,15771,11364,9084,13687,9682,15475,10468,13489
16370,7267,1378,7916,6429,9174,1566,15207,3302,11707,10996,2673,8609,11419,13536,8270,6009,11717,10128,15092
7402,13880,10111,1170,8143,10183,12621,7794,8987,5200,16238,2366,12812,4065,15974,4585,6726,8447,3088,10227
15313,7838,13300,15299,15243,14269,16025,10321,5751,6961,9171,2820,525,14683,12550,16315,9197,12673,11261,12071
4493,3080,15888,4997,12408,7370,14703,5794,4703,14061,4915,2021,13011,1305,14782,4952,13924,3599,8111,5609
8477,4481,3247,15317,8228,6064,3853,13361,6547,6161,2813,8895,5170,5922,8455,9081,3020,2305,1117,15747
7028,10913,4508,1120,14404,10322,10953,13749,5757,8971,8213,7799,154,4049,10479,12923,152,14145,14953,3947
13232,13373,11078,7752,5091,8739,2530,5199,8991,947,6727,4933,12397,14585,3640,8562,11515,10393,360,3064
6351,6908,16098,2500,10919,8019,2171,1880,3628,9131,1107,2333,5350,11395,7020,6478,5678,1454,2763,1599
15512,3442,8488,3955,10731,6918,12668,4123,13358,13790,2513,12737,5324,11327,4733,15824,3735,10440,8864,14149
2387,5262,7092,1624,6788,8548,13142,14613,16342,15103,11209,10984,5361,4433,11093,4160,9997,11214,4751,10595
12373,16361,6392,9819,13956,11918,14881,6506,12891,3002,7301,10103,13804,2939,5889,7274,6398,14955,7780,644
1585,12842,14099,46,12041,5904,4258,10558,3224,10336,15588,742,3500,2222,13365,11389,10794,15065,5543,9582
5185,10324,2987,11456,8945,5772,3385,7853,2980,5203,11167,11514,1108,11910,8170,9744,2218,7783,831,9388
7812,15280,8803,5102,15946,866,10580,5663,137,2249,15074,14395,6303,7806,1776,8997,7590,8655,5813,8016
11386,15401,11508,12334,7430,7862,7847,587,3211,1404,257,4161,5316,573,3949,16007,10012,3894,14526,2140
2657,10325,15097,2035,6002,3557,1096,6172,14062,7373,5733,2961,11776,7032,9681,15579,10930,5934,7948,393
12856,13117,884,7510,10162,7348,6571,6375,3441,12198,13869,576,1924,13005,6171,1941,7185,12820,6991,8036
15375,10301,10702,9321,4424,2281,6867,3098,10863,14440,6623,2188,15434,11379,10433,1139,15688,4622,10587,9461
1911,159,5519,11860,14979,7669,5886,5490,7709,4023,7654,7152,15441,10576,6437,3657,7987,6787,5484,780
3129,13115,6919,3671,4788,15793,3326,5049,15806,3254,5968,2463,6861,6353,5799,3078,9699,4677,9867,4112
11394,3061,3596,3420,8198,4304,3514,6498,5830,5425,3769,4290,1089,4967,2091,4482,3674,13326,16018,16002
11588,1358,7297,15552,7491,5343,5613,7469,11120,1586,14363,3231,5334,14664,7332,8325,8662,8264,8403,12790
1417,4896,7607,9297,3115,13253,5773,1487,2956,13195,6534,8932,5815,4792,2879,1395,7836,12814,12532,9633
8773,6778,2826,3153,6653,9472,2935,11216,7212,2604,15278,7204,4152,5437,8561,4893,13507,14931,14358,10074
2984,2544,12379,1370,15114,9973,8358,4027,366,7316,1555,10100,6999,650,2528,13519,9042,10880,43,3339
9629,12588,4844,11697,302,9336,7137,8869,3755,13610,9368,15210,12890,4645,15503,4914,1606,10802,6383,5435
7441,10651,15904,9258,7976,7285,9037,11207,8382,2502,2183,4517,5909,124,13932,2052,16187,14579,2055,6267
3486,11279,3112,2801,12866,6079,15998,15396,9649,7803,9933,1113,3130,534,7879,14175,5645,16035,10940,13120
2773,11304,3275,14483,12204,8705,13297,11596,9299,909,2030,6330,10205,470,2518,14430,8305,4723,12553,15285
7187,14029,4932,5432,10031,5629,13465,13224,4912,4604,15026,15950,387,9480,7472,10572,428,9957,5284,10363
15529,9536,7886,11509,15384,6180,507,5057,12501,654,13022,2248,744,1872,6250,374,7776,2440,12886,9746
4766,8875,13735,13976,11646,2753,1694,13179,15391,2853,498,11841,8426,5027,1691,12358,3589,8778,3161,12132
5051,8478,7740,12644,1801,2301,6980,14335,7153,8013,7405,3317,2731,15284,10553,1047,3764,3546,13778,6148
7067,5416,12203,7119,3430,6657,11424,4879,8979,9207,5788,5971,13284,473,1802,4399,7449,4200,2316,10347
942,4297,9136,12523,14067,7983,15225,15201,103,8938,4670,4990,941,13867,15361,10579,5983,10781,10462,9937
11054,14908,12813,8063,9527,2982,1440,13165,916,9889,14692,13720,13490,5188,14036,5429,9844,5250,2762,2693
4624,13841,2429,1241,2566,10281,14716,5483,15967,2292,13626,11331,16204,12596,7691,7966,9760,5259,14622,11427
16280,4861,14737,12355,6281,7685,8341,13317,1396,8713,15927,865,10744,11790,1568,675,12571,14830,3466,10346
10734,8285,3176,12213,517,6864,5201,13313,12363,11100,13728,14391,8340,7354,13009,9551,13516,10127,6255,822
9082,8795,9529,14468,7542,2527,10275,8610,2710,4479,16090,2662,559,12561,5980,15001,11805,198,9701,7805
5174,8640,2211,6331,10873,9703,5515,10917,9919,8558,10453,3429,5335,7121,8365,4395,11780,3721,11190,14815
13186,3822,4435,8436,4983,5122,7636,11864,2534,5690,14004,14134,5931,2220,13204,13134,10375,5469,1111,12595
12177,4522,10676,13698,8377,14875,7629,12645,11564,15936,3944,4720,12965,4191,15621,1040,2246,3221,11134,2446
1359,1134,9710,8453,1637,3807,10289,7040,6570,656,4296,4903,13174,7736,10565,12264,9901,4192,3230,7619
11558,6857,11306,4546,2495,3236,9959,3761,4155,4632,7044,6305,4379,14899,2401,5455,9811,9183,11320,12885
8965,4322,7917,6852,4047,10541,3801,5885,14484,4636,8820,12315,5151,10998,4594,3166,12566,8034,3561,1161
7640,2741,3025,4080,8940,7130,3642,11119,12805,3451,4060,533,7699,4050,9503,3300,5315,15420,5774,7484
1980,499,1274,3616,6059,12027,3920,11615,7452,9520,440,10259,8003,8866,7359,14013,6523,7087,9993,1352
12282,3414,5473,8628,15689,8283,13461,13062,7959,1649,2755,7154,4777,8083,7940,4242,2895,12436,15374,13007
6863,3496,3765,4793,9345,3726,188,8180,6745,4101,12572,5689,4924,1001,15260,10040,10926,1424,823,8639
3625,8613,10901,6237,10120,13600,5352,3257,5978,1965,9888,1000,10097,4044,5637,15602,4455,9857,6661,8231
2099,9783,8117,2590,14438,449,3321,3974,13528,10394,8924,12293,8668,8020,15447,5914,3870,6111,201,7128
1022,9120,8792,4450,2748,13108,11623,9966,7733,13801,5474,13245,8391,5654,14282,855,2700,5253,3458,4818
5817,15567,8962,11746,4224,5168,2638,3606,7499,11226,6450,3382,4266,11135,8508,1300,10922,4928,1087,8985
15470,7708,3934,4273,14169,4640,5347,12704,8314,2123,8410,5396,10937,13659,8800,13684,13127,4639,8126,2181
11451,9862,790,15198,4421,10368,7562,3706,4096,15926,2445,13641,4030,3896,1655,11128,14306,9424,10129,7459
1614,9150,2287,6186,14641,6070,7602,3431,15713,13973,2239,5204,1560,16316,6323,15849,4305,6135,15915,13631
3498,15383,431,6283,793,13299,1280,5359,11267,7471,2490,13144,7723,4056,12607,734,10911,13737,13233,6015
10060,3923,11827,14229,10102,13511,6393,8677,2787,2804,9062,10606,14426,4998,15067,5932,4965,7503,5587,3128
2313,511,11299,14109,5073,13621,7473,8439,2962,13064,10318,12230,5372,9558,2334,11153,5000,423,6541,11995
705,8620,5855,6263,4180,15865,4397,8545,8788,16055,6842,12961,9655,10117,5162,14213,14384,7376,10757,5640
12586,12531,3507,1826,13910,10025,13355,6535,15938,13428,12206,6774,16048,8105,4680,267,3529,10571,15433,1783
3309,7490,12208,14164,7679,6789,14698,9548,5516,14428,4586,3555,4724,8497,863,4316,12880,14964,15343,5599
483,7666,9688,6711,7002,5333,8328,3175,2805,4609,6519,1635,3679,4633,9202,13529,4642,15345,1256,15311
6026,11987,5387,2568,15544,3739,1434,3837,16338,10928,5507,6089,1374,13277,1554,4464,1575,4470,5859,610
10533,3389,10947,13965,10226,2460,10583,14740,7580,1851,7913,10904,1155,10763,13975,10581,2393,1204,7645,10124
15234,1548,1337,6446,6233,12991,4058,16030,10944,16227,8149,7720,13229,12105,14112,6915,13608,4343,11732,9949
2683,14709,10344,14247,1716,7419,1984,7907,419,4668,13649,7843,14292,14544,15513,14502,1165,5765,3913,4228
646,7306,2775,7385,12075,10614,10706,12677,13180,7313,3354,12342,10231,8044,13786,5611,5812,5016,14338,486
14171,15710,10874,5044,5491,4286,15410,15061,2257,3009,16001,11601,7896,12881,10079,14659,11292,10593,4403,5059
5630,4882,13733,5801,8040,13460,11081,13770,4246,5448,13503,4944,4230,12347,13628,11474,7824,10423,15219,10491
3986,4079,12795,1547,11648,10472,10506,10193,11396,10051,14416,7357,7186,7156,12867,3828,8533,7134,4129,12066
12905,1360,6776,7462,8809,6226,5699,3645,13058,16191,1409,4094,15585,8786,11815,70,5933,3579,11511,4168
9398,7291,12142,15381,14510,1926,14253,7881,6288,12602,12948,3446,3455,12324,5895,16128,12920,3283,4263,15262
12323,170,2483,13458,4853,10840,1922,1336,5951,6992,4806,6474,6008,15952,9757,1367,12192,1164,15030,11462
1081,2496,4573,15413,14975,5552,9353,15848,5167,6077,14340,11058,12038,13421,13817,1138,8188,990,8901,4153
5549,1276,2761,6359,2517,4956,10521,1498,1543,127,2639,15117,347,7561,8433,3658,3696,11631,4302,7772
6133,10611,15637,13738,7999,7253,2159,4735,6754,4459,9975,1085,15335,2227,10223,16349,16077,112,12773,7507
14839,7393,1332,15070,15109,10412,2497,7973,2296,10469,10689,13265,4176,2074,411,5413,8993,2717,6372,2782
4401,14237,4954,1465,2302,9894,8356,6312,7754,7298,9609,7326,6035,9803,3741,1794,11593,5948,15949,7509
8061,4233,7058,8474,11677,13771,4591,2914,14117,3789,6196,11985,8651,14574,1988,10240,12211,9903,12276,617
8373,12925,2684,8485,10326,15958,4949,6354,310,7865,13968,2676,7262,9794,9200,8344,13724,2130,1318,15581
9741,9324,2336,13160,7269,1036,12765,8726,7340,15618,4068,4687,9954,14681,8232,389,591,1818,1796,277
5996,7209,9958,14293,15685,10893,9475,13715,15989,4267,9228,6173,11091,4756,4559,653,4318,10570,10887,3548
10386,2876,10065,8546,1507,10024,6399,6817,4141,2251,6809,7958,6763,7832,2592,13433,6418,3859,2060,13484
15366,832,35,4354,7371,11169,12300,9751,1382,8762,15244,1159,1129,16205,9370,8144,5058,10551,5115,14270
11354,3738,39,3450,13157,12189,13042,3759,14041,9598,6389,5819,13200,10242,6465,4947,9870,4684,4489,10977
4157,7146,6487,16206,5299,6188,15885,8972,13673,9568,14396,593,4111,15485,3298,4664,3820,12958,13775,14670
2075,12635,14572,6957,7470,10634,4504,624,4505,10847,395,3812,844,2893,8205,12505,10668,7732,2989,1684
2689,8269,7041,2716,5161,8847,5843,9477,4133,5294,9026,6624,10061,15086,8767,6812,5665,14375,4370,8245
15203,3926,4987,8460,10755,16140,5527,16104,10000,10135,1854,9016,2105,20,3524,5242,13030,10708,938,4736
1874,6717,4764,7110,15425,10432,9322,15173,13040,4385,2277,6147,11,6985,7880,11800,12137,6434,6781,4477
5217,2551,6673,3223,10178,5719,13125,16169,8467,4515,3059,9833,7625,9300,4223,10711,1027,14921,6404,8708
512,8706,375,13578,5222,5839,5964,9203,2056,8374,12988,10143,13137,14817,4132,455,9155,13814,15186,9883
11129,7208,445,7329,6322,15556,652,6966,871,16075,5924,13609,8514,9980,7714,10876,5565,13475,15289,7844
2890,14960,7779,15818,13823,11079,7529,13566,7029,11387,9124,1995,15528,5370,10348,6207,6093,4603,12087,456
4790,4503,3935,1262,3981,6866,7448,7294,3216,4212,5293,13736,7380,4737,1273,1842,4558,8482,4214,13768
3919,9871,8559,8643,1789,12827,4300,12130,4694,14082,14561,14466,3185,9146,3874,13595,3110,16016,14594,960
6470,3921,4487,7386,839,5244,10603,2519,15571,6796,5276,8432,10459,11954,7566,13532,7310,16095,11909,1412
6122,12290,8037,11321,9298,1500,11106,674,8236,10564,2506,4372,15449,12318,1083,4923,1033,10147,5106,16088
3669,1579,2757,9721,7624,2187,14985,4942,649,4819,10191,9960,912,1103,11616,6859,3133,163,8059,5296
9612,6184,9083,11643,2280,11158,2204,14568,15493,8937,5551,6631,2090,5953,10158,11540,7381,12628,2852,2025
6252,5538,8615,9952,5898,13027,8389,4148,3067,8577,2954,11005,231,14385,4690,4006,9294,8350,12219,14479
8271,1521,7426,14135,1357,2521,15100,9643,4566,5247,4384,5911,4683,3485,5148,4581,1835,4769,11023,10652
5832,5784,16304,3392,11545,13530,9690,9835,273,6128,762,6229,441,3636,3665,116,10598,9410,7778,288
15334,3552,12494,1371,12197,9191,142,8862,7943,12662,3504,4400,9413,5858,12787,2780,12667,13476,12859,10985
8611,3332,15873,4407,2012,1057,12144,2697,2273,15597,15223,350,13547,4626,10011,2405,13542,1933,13935,3861
3132,11301,15341,11764,14533,2560,15636,4099,2665,16246,6810,15832,13470,14924,966,9439,12878,14035,6945,10455
8420,11241,13043,11498,6350,5471,730,12739,8400,15247,2888,14210,8015,1220,5304,1041,3049,7601,12835,8532
9173,4930,4815,15839,1200,14674,13907,11022,11123,7231,3634,601,8744,14105,8854,6496,10146,2892,1511,10566
3991,8095,10608,16111,7443,12178,8634,9742,6094,13669,867,6097,6719,9022,14261,7722,7825,7703,13044,8425
3838,11843,8068,16348,4641,6581,2577,3305,4325,5662,14787,3261,8062,2330,10620,16235,10200,12155,15870,16020
14092,8758,5982,9280,12400,4213,13400,978,6310,1473,8518,8842,5400,10612,12367,7116,3052,11094,7918,4731
15778,1889,14194,4466,9594,15635,2758,15496,4268,16130,15308,6082,9008,136,6032,11014,2470,5503,16222,12253
3286,7606,6988,3843,15684,7755,15272,15656,4120,9175,10671,11076,7037,14762,698,12390,7520,2611,10248,6038
3972,6766,853,12059,11957,10021,12357,14940,7451,5081,6683,11548,7406,4347,4040,6047,2559,1224,9513,13036
510,7416,8658,9796,11866,10638,1616,5816,14958,8055,14166,1512,4587,12424,4705,10189,12117,1233,9809,6783
12637,8468,11704,1806,5528,12522,10490,10936,1286,15021,12202,8193,14079,12099,6613,6575,3063,3851,5737,14161
9473,16375,3583,8118,6879,13213,1812,1334,6479,6420,11287,4798,5563,12162,10717,937,10709,10131,4978,7888
9686,2398,2294,7667,4704,207,16152,15527,16081,9260,4883,193,15518,7182,337,4894,1423,10443,14316,10894
12730,9007,14505,10267,3532,5731,12967,5351,10342,4592,5344,2473,8692,13230,3605,7054,11089,9047,11998,6174
1755,13637,8116,11891,4578,1023,16324,4842,6243,1504,13338,3290,15533,15228,15643,7268,11703,10891,4804,15751
1638,5274,5650,7444,3459,247,12143,4179,1773,9820,14495,8229,13291,2308,6378,12653,10136,2283,1592,5423
6813,15598,7530,272,9313,4681,805,3371,15999,9670,1494,8768,5535,11705,3776,9350,13955,10828,10512,13347
14006,7801,2584,7985,571,6841,1864,11050,13056,5255,10545,6204,12440,1014,14214,4822,5243,7300,11269,10836
3007,13086,12743,1077,7343,8030,8284,3213,12747,12766,7224,8397,13321,370,7336,15599,1915,907,2103,8199
8535,4955,11563,5157,12039,8816,12445,9011,14374,3095,11345,8513,4722,293,14339,5622,4426,15667,14152,14741
5353,2149,7741,681,3219,12748,10650,2973,13546,10482,15852,418,9969,6755,13719,7627,4025,10693,5121,7693
3269,1230,15921,9377,3810,4125,584,2054,6100,11316,5634,8248,8419,50,2225,2854,15750,917,6583,3847
14334,11862,7541,5716,1847,1643,15397,6131,1153,8602,13074,12044,1375,8565,5109,4513,4919,5688,11131,2247
15876,7048,5452,1228,7662,11178,14401,6224,3141,3714,3338,1097,9534,634,4993,10970,3232,15881,15056,9152
3637,13908,7791,8479,12951,10197,3594,12120,9429,4167,1501,11734,4269,921,7034,7707,2564,9244,1899,1148
6493,12495,11830,13015,13966,903,1128,2995,15007,12263,5379,13897,1856,10976,7798,2443,8999,2213,10404,11315
1895,9802,10760,12381,9458,8944,1235,5447,14564,10234,15568,8749,11658,13665,282,3740,5022,715,8462,2464
13761,9186,372,15515,5082,2128,12562,14540,10499,526,915,10654,13788,9799,16374,10466,2501,11357,11055,12689
12466,9856,12651,5198,5711,11467,15478,16186,3518,10860,5348,12530,1051,5497,5582,12952,10327,4237,7210,7558
747,12785,2132,12539,10450,6828,6758,8359,10357,9508,77,6820,6544,7626,13320,14798,14477,10388,9210,13434
8379,16295,1095,2086,12749,2096,9213,8298,15895,6917,13188,9230,14240,2992,12301,4812,14417,2723,2396,2796
12135,14065,861,5310,12074,6298,12049,8251,1992,13793,13611,2509,7978,1609,8086,596,10098,9249,6448,11695
12384,1670,6930,6189,8637,6573,12563,1145,6385,6308,15662,6415,9574,16084,8032,14724,9347,15265,15557,4342
3039,2552,6572,7671,14521,1510,2451,7686,8672,12023,6413,8181,13646,3517,10515,6211,9224,5476,13481,4211
4817,3994,7003,8123,14811,1490,14566,3331,14557,13779,15138,11639,13506,8076,16233,3708,10418,13283,448,972
15412,7281,16182,11410,8197,5331,13961,13375,12606,11585,11275,363,13198,6870,9163,9971,1020,10602,4172,16247
9604,6371,8714,9674,13246,13390,16146,9916,14305,12128,7296,14788,12906,7890,10279,4784,5569,4577,1462,10517
1766,15576,11268,6361,8648,6000,5803,12514,3287,1309,15468,8210,10540,2967,7205,11041,1539,11297,10967,5446
11260,6357,561,2198,338,3987,2116,10849,15390,10663,12454,9470,4909,8302,12557,6510,8599,4117,15102,14262
710,16298,13795,3337,10718,15523,3069,15180,3775,14223,2295,647,9784,11620,2466,13335,8897,13583,11810,13275
169,15733,15763,1067,7515,14628,7424,875,10489,1772,14834,1468,10308,7438,5295,2706,5970,4747,9852,11958
1780,8115,10684,8128,13392,2331,6187,462,6092,4536,7400,1920,11325,14810,11713,490,11173,1628,6903,12575
7017,4169,11460,6987,9990,1903,4238,3684,12701,2375,13852,3291,9789,14501,11842,5627,9964,4541,5118,8626
6155,15378,12269,5531,11833,13592,8707,506,6891,9276,11337,6473,14592,9922,13681,11838,14537,969,9924,6983
4662,2386,2621,9511,13066,7138,3979,8635,8320,12639,8471,13337,7727,9754,308,2834,16380,1112,15867,2015
10225,5606,9523,12945,12983,5186,9769,14167,4890,7585,8273,8919,12159,11870,10420,13695,13437,4294,950,10071
9685,11049,5795,12254,13438,1629,9707,5941,10170,2407,16243,5753,11666,5758,7513,5077,1012,323,80,2329
1867,1011,10811,10921,2178,12140,4502,8720,14754,3107,6051,1239,12565,9970,1277,9720,5175,15854,14485,364
9231,3924,2610,8041,10339,883,7687,7891,1966,4958,9455,345,1607,1391,13505,1154,11872,10367,12104,16357
14285,5962,12699,11127,668,1227,10001,7033,3501,9706,13939,7938,10082,1217,10758,15784,3416,8174,1652,219
2754,7346,10845,9735,1844,6431,12745,8523,1919,14983,4759,13487,15136,1955,16011,14769,8824,6874,2943,6682
3654,11103,11936,11066,1093,15647,14206,7238,9349,13642,11716,8734,971,13391,2119,6394,1416,13076,8195,3359
16333,5105,1781,10365,3564,885,5480,16350,2184,2859,8665,14588,7027,15739,7423,14204,4866,298,3650,5709
4052,13575,15016,10006,4150,13161,7108,13824,9624,5521,7097,13068,8346,7980,11437,14064,5087,888,9573,5558
10639,10642,5729,13150,5300,2223,1275,15385,7757,3545,12817,13370,10539,3497,6367,3790,13178,4802,3306,10924
12073,11171,16071,9936,6665,15923,16082,5427,10641,5196,4709,301,10645,12216,6485,15356,11654,12116,14113,6742
9847,8190,10478,13656,6153,6221,5176,12056,8330,15421,1320,14238,6577,6958,7623,11552,11238,946,5093,10283
3411,3490,1621,4506,4279,1466,10866,9564,2868,5635,12584,9859,13981,8260,8158,785,7946,14097,10073,10099
15928,2947,1734,14773,4447,4721,12513,15399,10871,4970,5916,8459,1754,2404,9118,14346,6579,5807,5374,2053
13807,7521,7926,10294,4193,11896,1912,1891,9362,9765,15573,211,7831,13892,7854,4327,15446,2975,14545,2526
7102,8841,7305,11915,7921,2245,14102,8775,11227,12684,15022,14185,6733,5926,5470,9292,1455,4341,5417,5384
8357,8595,819,4679,6548,8219,10037,8718,13251,439,11766,13454,9053,5930,2745,16036,5440,2832,16314,7246
4323,9826,10015,14372,745,739,9929,12567,7202,11906,7022,5450,7345,5339,14531,9818,6641,9385,6247,13500
12462,8146,8047,2051,14078,11785,14962,9779,16277,1143,10743,2703,9827,3024,13138,15768,4808,9142,5493,2720
10655,3077,11181,5364,14072,15657,11163,15360,1259,5260,8598,8624,8912,6998,14287,10017,7165,1368,970,6011
12395,11223,3400,5960,2276,7072,5651,6649,10747,10812,3253,6882,10397,10407,15325,4031,7295,4977,6709,14705
3066,9255,3795,4925,10700,1985,12042,12507,3348,7172,6514,16150,14496,10112,13993,11809,4231,3717,14406,13422
15844,10983,7395,9951,2252,16244,5649,10335,1006,5906,13780,1999,6031,14518,5267,11905,12455,9179,3456,11913
9108,8502,10385,16340,14605,14497,5823,11148,3294,2617,14939,13996,10207,1646,14972,911,2965,11038,781,7135
4154,2153,13998,2602,2912,1977,6904,7649,1127,11885,14913,6947,11673,7227,8974,1457,9267,9716,12755,6978
5068,4054,7995,2256,4634,1056,1069,10742,12313,13139,5915,12221,582,7126,15306,6164,13844,15406,9476,7099
3297,12205,7341,6862,2193,12317,14040,8493,6805,8920,12833,5,244,15608,3471,16252,4103,7611,6806,1682
380,7363,10933,8956,15612,7715,4121,789,2360,11339,13206,3335,1927,6440,1044,10070,12093,12473,10768,7322
1106,14519,10722,1630,10624,10151,15009,3156,14046,12449,16192,11033,4803,16281,1271,12613,3050,7010,14364,8592
8918,2420,13332,8695,10256,1489,4260,9694,9944,1394,8550,14853,10302,1045,2977,13992,5592,12847,14076,4014
10993,11652,657,5407,10444,8376,4535,10414,4012,12000,2017,5684,5656,15691,12297,15504,9668,2670,5705,12184
16078,4207,15364,6324,11781,10589,14656,4340,13692,6491,2044,12710,12682,8429,913,13106,10181,1816,11484,1131
10837,15547,6608,7104,11403,6698,15805,14125,8500,6562,12658,1558,16228,4053,9632,6824,4767,13080,5615,4602
321,6907,2795,16108,12491,1942,12829,13830,5806,2514,3104,9607,4035,5605,7676,13904,13449,635,4984,6085
13885,595,6275,11098,6336,4780,9816,1743,1354,11769,3698,15055,11277,5918,7127,6380,2970,12414,10090,1387
618,6892,11495,9613,3010,10474,4492,13940,16275,8733,11444,9553,3839,1612,11305,11876,5014,6141,14150,792
12240,1346,3902,4719,4743,6620,10343,5808,4218,2816,6021,850,1453,3780,2291,9308,10047,9425,4895,3516
3094,1094,6390,14595,15601,11147,5574,12954,16259,7559,10844,5944,6421,8660,6124,7550,9018,5072,13203,2106
16122,3788,799,13787,12998,4396,8423,7568,9450,5594,4631,7408,6499,6906,8163,3951,9727,2234,9780,948
12160,3435,5873,8106,5460,15445,4074,13435,1433,10588,4528,6538,16183,15411,5572,2595,4312,16062,9778,13653
13557,7206,9631,12336,7713,8517,2532,8289,4567,2916,15977,2147,3744,15157,13308,13861,9758,15800,8280,13739
4755,7081,15789,9092,8843,4126,14870,15572,7974,12115,10817,10359,11323,5412,5226,7366,8551,14407,763,15666
2414,3915,4553,12675,5702,3508,15953,9539,5831,4236,11837,4232,6286,8094,3911,10053,8606,120,1289,1902
12664,725,3953,11096,3964,3116,7122,4109,7884,6656,243,2314,1401,12286,1528,609,13401,8676,10172,6707
6525,6311,8983,6672,6454,12904,8702,6883,6933,8054,8553,5434,1325,12305,2038,13426,1979,4413,8899,8960
9222,14177,1197,11534,9401,12418,16290,11950,1005,3777,15516,2836,9436,5237,9740,3042,11921,15057,14711,5845
2718,8254,15603,2304,7396,12959,6853,9989,9854,6407,15753,514,10406,9320,15845,2998,5211,4425,12060,14101
15469,15089,854,4093,9364,14045,2417,14982,7076,10601,6168,12852,13606,4055,11647,322,14429,5410,7323,980
11748,15060,7315,9531,11009,14671,12741,7074,1523,8074,11863,436,11521,12578,4991,1162,11938,6962,8103,10063
16262,9591,7479,16194,3477,4257,10674,4660,10687,577,12781,7181,8385,10213,3040,6607,2449,6381,2630,1178
6610,10503,693,5183,13306,887,1997,14095,7944,7229,10328,4098,15897,11465,13711,3208,1064,6779,14197,1363
14749,12777,13967,11175,14209,6435,14806,9263,7968,3293,6170,14393,10902,9576,9381,12043,5836,7019,13596,4959
1559,4185,849,6246,2271,13946,8079,9409,311,2425,3343,8139,16043,11373,8505,14841,11257,7320,880,740
15676,15507,9074,12638,11861,14873,3936,13316,3037,2803,12555,9899,3799,3015,5647,10574,7093,4113,13872,12386
4666,11488,5128,8214,10635,527,11635,14809,2549,1004,7664,4556,5182,8951,12483,9182,8670,7211,16163,5766
9211,11138,15474,6688,7895,4215,4116,8058,13310,11813,13915,8799,7694,3950,14752,5602,10704,13948,5137,12299
5696,6684,12887,4618,1225,4726,15389,6016,9762,5821,5857,15038,10003,13496,306,16341,10278,1964,11201,16254
6872,6696,8120,8026,8892,15045,2878,2127,5449,3461,13162,7350,6427,8130,8618,10563,7935,9675,5513,10670
10513,3598,213,56,2650,12053,11836,10258,3322,15610,14669,6612,16118,1427,12861,10992,8303,5494,2455,4259
15319,14930,10800,750,1463,14271,15146,13660,14047,10077,15843,10203,10434,7321,15424,4174,1255,13624,5741,16359
12838,13153,11220,8510,10208,585,8823,11252,13110,7428,8822,12629,1750,16019,13191,11782,5393,8142,4877,5213
3154,5139,11789,10353,14127,13210,687,7397,11759,15769,12769,12604,15035,5676,7570,7367,13917,15681,2785,7600
14256,11458,1808,12265,9289,6671,10772,15238,12608,5067,4529,14208,11606,15010,1413,8925,15664,8110,12796,4810
6034,9421,3399,14616,9286,14617,15721,15866,11446,2540,833,4797,3617,15855,47,859,4072,14296,2475,12460
11288,3690,15231,3786,4498,7963,6595,15624,15611,5717,3688,7771,5191,3255,7489,8804,16312,11612,8235,1508
271,9608,335,6818,4847,5086,4144,4159,12158,6702,100,10908,6663,1613,10610,9793,2537,10134,15196,14493
11618,10752,9653,15847,6151,10195,9028,15471,9375,6557,1595,711,8437,879,7533,5376,13146,13289,10358,14654
12374,15241,11600,6936,11569,9198,5940,13425,4221,7061,5292,15168,8148,13257,14211,15072,2821,9408,10988,14603
14448,14058,13118,7277,8196,5404,766,5946,14475,2565,9119,8935,7245,15916,8543,7813,218,3246,8594,12882
10779,8755,8336,3672,12742,1018,15979,8327,7620,10067,555,729,15134,3036,933,15143,12393,1861,6770,5756
15555,7271,4843,14038,2839,5126,97,7304,10666,5249,9451,3181,6526,13676,2233,5800,13925,14757,14403,3733
3749,1693,3763,9025,11814,8958,1990,11775,1166,7023,10299,2791,13359,11752,873,13902,12051,7009,9898,11489
12114,6905,632,9618,11676,8176,13523,13508,6780,8307,8428,14233,6621,7531,3493,2026,9801,3388,6339,14326
641,7762,3258,3251,15760,9722,9907,6677,6887,14532,9447,1824,2072,16096,10795,4019,906,6067,14967,2883
5583,13883,14660,15532,14682,13048,12716,9713,14728,14758,6325,1890,2672,69,3011,11184,11015,10859,9045,14948
8889,578,13618,14281,2027,3505,1470,4291,11011,5327,5872,14267,12479,1807,15303,9627,10669,12633,175,8693
7421,7065,14436,4077,10826,2122,15550,4497,12963,5218,7364,9768,816,11874,8101,812,7094,9876,10773,7184
9420,13518,3070,2612,1347,9264,15296,15678,12792,10041,10578,3824,4544,1839,7718,6835,13126,7481,7486,14114
3862,4376,3872,3629,9737,10822,11481,1140,2076,7024,8430,12443,12083,10238,2774,7171,13819,3691,11146,8831
6197,11756,13123,6606,10093,5829,15788,9466,15105,771,1876,15459,826,4682,15439,672,13509,430,2949,10030
6065,13679,13207,4352,5804,13689,12697,7863,10778,3491,3307,13716,6567,15918,15811,13097,7063,5080,6511,281
203,6428,346,5920,6198,4718,5768,1390,8829,9288,6387,14415,11624,1524,8421,12889,15520,9095,8021,1537
9483,1860,12481,2315,9555,9805,9414,12351,7036,8001,7635,11528,11824,15454,13959,15706,11262,6855,14653,2146
8509,810,13647,7098,7505,12439,7800,6179,13810,15553,6948,12912,10451,6686,7851,2667,11526,9315,3745,4486
5994,9172,7647,11975,12519,16299,15115,8913,2126,12196,8114,5744,5798,8247,14077,1790,5254,11675,7456,2511
6648,14624,1892,7673,15982,1732,4078,6617,12349,10986,4022,10121,1882,676,4716,13095,15051,6045,15248,15628
1737,4495,13034,13667,10881,11525,496,9579,7219,3182,943,9524,13158,11161,9750,2155,14539,7446,8759,14650
6687,13945,10323,1157,12953,8584,8339,3260,9459,3622,4457,9935,12655,3842,15098,5740,1182,10314,10557,5110
7622,10013,14310,11661,15123,9187,7334,5036,2488,11796,4863,1496,15709,9031,6900,7796,6757,1865,2167,8819
11491,6744,1993,11738,930,7996,11592,224,11340,8697,6710,10934,9327,2288,14849,12800,12732,14325,11689,8333
5722,8317,12243,8902,7492,10997,4519,15877,5841,1176,6561,9246,9505,16199,8145,4650,7674,9233,8070,8625
7915,11172,2631,14512,15166,774,7150,9590,746,13155,3609,9303,8104,10266,5037,14482,694,318,11298,2900
13362,4758,9521,14280,9569,12359,8785,9088,3800,1688,4916,6937,7278,13008,16136,489,6736,5509,9941,817
4852,891,15226,9697,12851,8888,7660,3954,3781,61,6801,3782,9861,11594,2121,1619,12632,12058,420,15607
5160,10383,12524,11150,8147,13752,415,4571,10481,1798,4208,15543,11435,13825,3186,8586,8186,8832,6405,1679
8234,836,7255,14222,10049,14410,11531,16138,14103,8716,14157,12714,11927,6549,7519,9895,65,11823,13318,12015
16032,15757,10272,1052,7994,3475,13419,7753,12463,11916,6670,11479,11984,13800,11571,7158,3421,8995,8424,6117
1482,1258,15235,4922,6928,12657,1086,3910,6628,3930,2633,3487,1991,2850,4698,11336,3082,15438,6152,6898
2229,3075,4485,54,4674,7176,1249,3791,16026,6433,2441,6088,14863,4782,2729,15270,11266,3808,13171,13812
6949,1431,523,12914,14785,13963,12977,1076,6551,14902,15077,16230,14010,12343,4118,2226,14928,10560,14427,5617
2857,10435,15893,15059,371,988,4900,8830,10573,14104,15408,12642,9665,14642,4061,953,7589,8578,13994,1593
979,9185,9261,8153,919,12249,3743,3408,1925,2293,13287,12229,5114,11672,2479,12698,1043,2389,4194,16289
15833,12335,4348,8597,3352,898,11440,928,10408,15508,14901,13949,5891,5163,13001,5793,7404,13451,9647,14976
12723,10123,9387,13384,9468,3109,9033,9596,5809,16317,14536,1800,1015,4821,5153,12242,14277,14361,8780,4048
11090,5354,5777,2520,3288,15348,3884,12844,1725,9869,8000,14283,15377,261,9616,5042,4509,16240,772,11341
7325,1292,6508,7653,7351,14071,9912,8849,4527,6265,14846,15908,10569,8150,7721,14843,4405,14941,8184,9428
10853,16056,14892,6701,3250,12708,4443,1196,14142,11108,15595,3511,7785,12544,10055,8955,4036,5403,3390,6297
828,14299,68,9217,5805,11416,10229,4471,615,14820,14176,8380,7535,14397,13545,5682,15821,16226,8898,14805
2799,10835,1681,3888,14449,12451,3848,14059,5228,8907,2115,1588,6531,13075,7769,3244,7236,11095,2871,847
13858,2865,4892,14244,11006,6115,12394,8657,11714,15592,10307,12997,15094,1402,1184,579,8915,7735,8240,1376
5415,5881,6926,5092,10480,10761,9790,14511,109,9078,14570,11530,8337,2812,4644,12590,12448,8137,14884,3085
13921,7784,12280,7742,3614,7909,1236,6723,11366,10160,904,8107,2875,5749,558,14933,11436,9791,3472,1488
2632,7547,4974,721,5540,4612,6199,1597,5748,12353,2320,2400,31,2356,16184,936,7663,12007,14332,15990
2768,8906,10305,15170,2139,6346,3819,262,1403,13455,11512,10190,6706,1281,10072,16308,10754,11632,10042,12901
13259,6240,10477,2679,6982,9296,10834,1705,12962,5990,10879,6007,659,412,8903,13640,7435,8066,7536,9030
2080,15943,9055,5727,9764,627,11080,3889,15583,7498,8782,1119,15669,15274,4254,12432,1135,12819,7903,12086
6326,14950,11561,8699,16258,15780,9696,7039,7195,14051,537,1109,735,16171,935,2416,703,10319,11482,2747
7850,15353,13164,12797,15301,564,5614,4791,10384,957,7928,13350,9156,11924,7870,6902,4514,2732,8299,13307
11027,11324,6563,284,12340,1254,666,12446,6932,16195,3846,1779,4245,14909,1328,13255,1295,3932,8631,11235
4243,10282,11928,403,16058,8075,36,13399,9332,14017,16054,10269,5631,14365,5802,10270,7746,13827,8740,1032
1414,7657,12622,7545,7375,15900,1709,8179,9441,402,4707,14352,7775,9761,2064,9491,9221,13776,6963,4069
8312,10253,14480,770,13254,8589,5099,15775,2649,1141,2019,3729,6576,1348,12082,17,8441,2462,10106,4734
9723,16083,4229,9658,10144,5233,3465,7777,1172,5142,7522,15614,11803,2843,3989,4124,15969,326,10543,11589
9636,7747,8464,11560,3105,12615,5860,9887,10165,11453,5557,12259,8751,1672,15041,7330,8256,14255,9023,9849
9752,12234,15209,11633,9875,9006,1344,1515,9615,6076,2092,14576,7827,2003,15521,922,6270,1207,4289,7700
11621,9549,688,6695,2265,317,15864,12191,12601,14816,8994,11911,10807,15464,12936,2858,13432,3956,73,6129
3027,7006,1551,5670,3632,3695,2999,15188,7887,5863,13491,12910,14001,1442,1209,8871,12949,13703,9454,8294
5598,807,2447,1331,12248,5865,4309,10380,1662,12592,509,2202,7319,16286,5875,2711,7170,10956,10548,9938
16022,8890,6881,8151,7894,6069,13762,1408,2077,5890,6143,14094,13374,11490,12623,5399,2896,6528,13916,3220
1897,7692,4175,13302,6712,1198,10201,10057,7596,13340,8715,14522,8671,10801,6257,7695,6509,10698,12897,553
1247,1625,2940,3266,6654,699,15149,9178,11690,4848,12535,1310,1792,1986,10511,5178,6072,9900,14589,1866
6995,3844,11674,9151,4887,6603,848,10179,10020,9745,1333,2059,5397,4832,2365,3099,3079,10824,10861,4655
2678,283,6793,6821,5692,6416,708,314,7223,4540,14771,2373,5712,15286,14454,7979,1260,6954,14827,8071
13272,10498,16044,14923,62,5026,6759,9295,6472,8109,8998,15174,14596,13182,4005,13423,9431,4870,10320,881
7837,10556,1125,3705,10008,14252,12938,6924,15332,10101,6223,9691,9583,11442,13281,14060,5840,6107,13705,5541
15653,15670,6439,2118,8481,14116,1192,1917,3235,3651,7632,6138,11850,3792,14187,677,7689,11245,9352,2191
13729,12840,7871,8334,7508,11729,15204,1809,8741,8687,5371,7849,2014,2692,4063,3280,12008,10045,7681,1932
2588,3304,8547,1618,8322,29,15502,10831,14328,11580,12332,1016,12407,15714,12577,6959,2554,92,9430,1296
13055,15702,1317,11208,12010,1699,7084,15728,5134,678,8530,3723,11140,13919,1312,7026,6822,9600,8028,4092
4748,803,11539,5332,8538,13930,12185,4476,7504,8600,2845,2641,8266,13763,12252,5065,4128,8029,3664,6101
12824,7875,5517,8172,6253,11770,11532,4468,16093,3675,11492,8874,1581,9271,5079,14100,13713,16102,3048,16178
12828,2415,13877,3773,6182,5373,9465,8399,9220,1683,3754,13834,13690,14024,13759,4478,14388,14690,11346,8398
7155,8292,6819,1810,5501,9437,4434,11680,12839,6772,2702,7191,6010,4356,9967,6797,16097,14988,9788,15023
11881,955,5867,3167,12529,11858,421,9107,2991,7670,11519,4773,9407,5523,13850,14719,3310,8560,1283,7816
14648,9199,10108,4295,12287,13699,14003,13718,6060,3087,5667,8004,8124,2269,15991,5997,5581,6749,9825,2110
12799,9640,9736,14701,12611,4411,13589,7148,8396,11463,185,760,2162,8406,8959,11798,3135,3417,8281,14937
14400,3787,6502,15403,12244,14460,2300,12574,8743,5290,10392,180,6139,12094,3551,2749,13571,3453,9489,91
13865,14471,7933,1265,3171,8596,7390,13783,4939,5907,9776,11939,8709,5215,15791,151,2342,6848,6851,14745
9621,13586,5659,4598,2065,2905,660,6321,13087,9305,7537,8443,13395,11679,7378,9845,15367,4953,5381,10897
4189,1532,15956,1746,3873,12498,11329,9705,12452,2040,902,10198,9654,10842,7532,12404,7309,1428,2111,12014
15807,8797,4360,529,15300,10745,11739,11644,1308,5015,1181,13900,6343,15829,11686,12870,12892,10153,3097,16005
4552,10721,12779,11949,11749,8253,10915,13563,4362,7496,4188,8746,5724,1035,13697,5252,13753,9648,10882,11367
10966,14377,5279,8189,13228,1061,1565,9060,1411,7782,7096,2284,12649,15730,4319,266,6897,5360,12320,9917
11242,8446,11737,14986,16347,14288,5618,8310,7362,16137,2777,11720,4828,2724,15453,5796,6068,14608,2582,2133
10054,12626,1398,10775,9044,9637,4675,14348,13319,6638,2431,11221,15726,882,3876,424,15907,14916,1158,9560
5306,10524,1775,748,12935,12780,2536,14630,13193,2377,6489,7203,12888,6816,2402,12610,13652,7873,12314,13499
2904,9,1981,14672,11807,2792,6941,5928,2770,14731,16070,16160,5989,6642,13755,14514,12908,1355,6044,9160
8049,15463,8690,14031,147,14891,16091,8498,7789,12011,10243,12955,15591,5119,14726,10219,1149,4881,14800,3405
9058,10736,13343,12760,13717,14738,4420,9771,14919,2337,7858,8489,7117,14614,15912,4768,9926,8766,12996,12434
1469,15834,6615,8444,4439,4936,12556,11130,12496,1054,10938,13987,8977,7338,12262,10568,9575,905,2986,2312
15047,9426,16063,16157,4284,11334,15917,7356,10962,5658,8178,12415,2461,7157,10113,7914,8981,15450,12924,6423
4110,8318,7621,15740,9337,12703,2136,8237,9915,6219,14355,14367,8777,11085,14708,12241,9282,3092,7263,15797
398,8265,4899,7173,16329,10769,6216,13501,8473,6775,2529,11192,5548,556,4292,2600,702,13327,3558,10683
15505,8417,8069,599,7232,5929,13725,6578,15874,11350,14582,1671,15645,4358,9542,11097,3062,11477,12848,14707
1475,11570,10295,4404,9209,12002,3933,8569,6271,3533,11855,7651,10870,13416,7610,16000,12295,7945,15281,11582
11556,11470,11118,2778,11402,15245,1491,6484,12308,12971,795,1218,13021,15183,9117,10750,15696,3683,12883,15398
10094,1541,8335,7613,13947,9848,12156,11247,14445,3971,13999,5710,3571,13604,7265,13555,11328,8856,3560,14753
13183,5604,4840,5466,1715,12062,12152,6989,15318,9585,16320,5078,11012,13199,9719,6480,7931,1857,6668,9479
10762,7339,13934,14697,5107,12661,1602,6643,12845,9987,9978,13132,12493,12309,11047,7052,12516,7177,7893,10016
10364,6724,7276,2050,10092,9103,3725,13368,15781,3464,16232,9537,11660,13696,13413,1088,10104,2614,6699,9266
3403,15461,5132,15110,16174,6880,15028,14577,15537,12487,2444,7577,4545,5577,4927,14637,13541,9277,3643,482
3424,6090,492,15803,15718,10066,7814,4382,5537,2686,1545,13997,8249,13851,13936,6555,10018,6176,6747,11281
8939,123,16117,3570,2690,6664,9538,1146,5721,4849,5309,2134,7085,1279,12818,2855,9242,12392,10667,9148
2203,2039,860,8338,10274,15712,16219,6042,9100,13442,6125,13201,13864,11543,9443,10345,16283,3030,13369,14174
15569,726,6537,14586,11945,14786,13602,8964,14633,11067,13168,14694,6713,15287,15330,5472,11700,12337,14828,15743
13236,10437,7233,5312,10486,9923,2232,10156,6735,12512,12598,13525,9101,15328,7696,6838,10445,2910,15029,495
1244,4202,3140,7823,12636,965,14562,10262,4729,12761,2341,9557,14770,7646,5972,899,13124,695,3349,12284
5430,2384,9571,7730,443,3299,1706,15860,8209,13032,1853,3439,13420,6565,697,4596,3138,8725,7109,9515
5681,10149,3207,7726,13796,6997,479,13515,10351,7312,12391,12678,670,502,10422,4516,12694,5408,3452,13276
8369,10214,13950,13412,7025,399,16345,5525,7993,5318,13037,7899,15586,14558,15902,10095,1322,2195,11774,9605
7228,8252,9517,4950,1564,7174,13616,12756,12067,2093,5030,1723,2819,11731,606,13234,5230,14023,8753,13893
10918,297,9485,14812,14597,7874,15850,13706,9514,3367,13674,565,10633,12111,3381,9962,2254,8291,15856,9168
10034,1650,13644,11599,10306,10514,2848,2469,7220,1519,7280,4448,5499,15605,10626,10585,7539,8486,15827,11082
15154,15692,5349,10739,4854,7460,15596,6556,7374,1813,6449,12151,9792,1762,10719,3966,265,8202,8096,9497
14345,3282,2319,10767,13131,405,3356,14575,963,2818,5147,9342,13863,8582,602,2200,3704,10978,10403,4994
9963,383,12720,8654,8168,6058,6459,444,4043,5314,3267,10350,952,14141,1203,12872,7761,10786,15338,3054
756,10257,12352,6235,9535,9572,8371,3917,630,352,11541,14548,5797,14966,8791,1909,4475,93,9073,10349
14182,8540,1968,8552,5536,16365,1708,9309,15774,3457,12261,12169,7743,6395,10518,10725,6925,9773,12482,11296
1136,1299,4825,15264,9478,9554,5319,11360,15510,13061,15431,14599,12929,3495,10089,2964,6005,1026,4838,9111
7972,3168,14984,14290,15484,13565,4627,2467,3572,4757,4579,9125,813,11205,13927,15162,9343,11727,3713,12560
15336,12139,6277,501,13980,1102,11750,8570,26,6494,2765,7826,2150,12303,8539,638,2066,14994,2794,9506
2357,7415,15659,5048,10194,344,976,12346,3624,9880,4658,985,16059,6685,11653,1098,15034,16029,1388,3125
4261,9064,4606,10549,11502,6443,2062,12193,4824,7247,7684,160,7555,13429,16134,13791,12350,11942,10312,13249
6568,3940,2829,13278,11475,5475,11743,14541,7183,14030,9216,9650,8967,8953,13130,1904,82,15660,11040,5723
12092,3527,6589,13261,4430,8828,6844,11504,6497,11513,14133,9563,1099,8191,8968,3968,10885,1110,13025,13334
3443,15148,1928,5307,14854,3600,15725,12486,12201,15049,7683,12012,11741,4941,7852,8372,12,1263,5901,13189
15307,12356,4568,12121,9882,5286,15765,8621,8491,99,8121,8194,8524,16042,1998,13549,2769,13668,7133,15033
594,1869,6840,13220,3329,6884,15914,1707,6893,10154,14872,9423,10792,12836,8679,3187,12266,1373,12930,16164
3481,12372,12679,3147,57,11199,4206,13970,3364,2825,11736,9121,8980,7639,1546,15704,12281,287,10912,4580
12224,3758,11854,414,1572,10790,8304,343,4985,10528,11188,10332,7501,12722,3157,6674,10707,12536,12225,14763
15587,14090,6873,12047,10389,15841,4597,14662,14736,10616,10293,1386,11056,15524,8703,15631,10138,15945,14390,3544
983,4199,6782,2817,10492,12666,6049,1819,10313,6505,12627,8752,5959,14165,2328,6048,9422,11903,16322,10014
4712,1958,9998,1211,2018,5205,10710,6832,14265,427,10643,9756,3941,15011,671,6202,1104,7045,13859,7556
14178,4533,14573,3715,10963,9651,362,3434,3907,2877,14695,6260,16217,4531,106,1079,2776,10905,5064,10843
2608,10216,9812,14956,12291,12956,9891,1703,5610,10026,13187,11730,12420,349,737,1822,11231,1133,7523,10910
8860,10080,2647,628,8192,10723,4742,2006,12428,13,15752,10877,3836,12801,12976,4786,6342,11533,6830,15124
4062,15887,10658,719,10473,736,9035,10400,6185,8770,312,2798,5278,7495,4441,8286,1301,8756,3163,16089
5009,12456,194,10148,12174,10810,7324,4500,12380,10271,11878,11024,4333,4119,669,4860,10735,5394,7859,9570
15699,3779,10954,6157,14507,15577,12328,5367,834,12860,10959,8185,15418,13239,5362,7665,12033,1831,6559,12084
7920,10525,11772,11503,8821,8710,8933,7878,9268,5071,8554,16351,11473,12131,11547,6432,11426,12803,2008,16151
9822,8370,820,9507,10833,4387,10508,6441,15617,13879,16148,6302,13757,6973,14258,7797,14890,11408,612,9132
14398,4149,13634,15972,3711,14900,6318,5728,6126,8244,11019,8608,1231,9704,13727,707,13740,3597,1583,2423
7042,197,2370,6062,12278,2438,11565,9158,5672,7142,9619,15994,6273,15801,10726,10659,9490,9411,5999,14799
16057,6764,14122,10961,14879,3581,14996,12918,7912,9251,13977,11102,5852,2484,11926,1692,14481,215,16094,7112
2419,4381,12085,15467,5833,1029,6740,2067,14,4205,9275,10043,6341,3089,7788,1201,7877,5760,10452,15658
13446,12004,12547,12218,7738,1950,3195,10337,3627,15062,12127,14314,8011,3573,9317,9122,11755,7650,15279,9639
15457,9684,15905,14914,6118,8818,8227,9646,12181,4595,8404,1763,2382,6193,10914,40,3827,2160,11155,190
12736,14019,16142,9673,7216,13672,2728,11941,10382,852,13742,16132,8221,8794,4532,10546,12396,3146,11421,11398
2862,13471,1053,8522,6001,10076,4178,4835,15748,14855,7511,8973,13513,8659,3584,16360,13540,8757,13677,15263
13712,9205,5992,5584,5561,12981,14734,14503,7605,10925,11947,5963,3427,1177,8296,1820,4190,12465,13000,7425
13452,5713,12492,15954,466,7594,11693,9851,10340,404,3073,5008,901,4986,16336,1748,11433,11439,11971,15291
11432,15882,10496,16180,9928,2541,11907,3272,320,13023,4460,4419,6678,1582,15096,12762,6910,12980,6658,12477
1282,13366,3361,2966,5156,14259,2594,13081,6319,9293,2010,3662,15050,6890,6012,14673,2849,3021,13436,6316
12288,13143,13912,9440,4868,9797,3531,6934,10125,10538,12475,14088,15629,13243,4018,856,148,12686,12893,15722
11761,12488,11943,15575,15799,11853,4976,11250,3977,532,12102,15488,15429,14279,15442,13026,14264,15480,1072,9904
4996,13723,12919,16328,12006,808,5878,12330,12321,8445,6162,6285,13078,6729,923,2666,2098,1060,10500,10609
10727,8845,9467,16034,845,11980,2298,13084,1009,8588,10695,6178,12733,3057,14971,11919,8418,640,876,12568
1722,476,6952,14862,2715,15633,11659,1686,6916,13077,11510,1478,3901,2515,10145,2120,10590,1620,15814,426
3120,5143,4134,13477,10212,2177,8664,5190,11256,1446,15258,1648,8957,11970,12472,5545,12387,9911,11758,14995
6542,2165,10185,16112,14845,7349,11802,6831,6006,6057,889,6681,12001,15652,6545,10741,9977,15831,5892,2576
468,3000,12569,6458,5340,874,8516,6834,9782,7656,13553,12630,12057,8917,14775,11397,14034,14093,6212,3720
11839,7603,10396,13103,6027,12940,14760,12256,2255,3880,131,643,6640,11469,13211,3155,15194,14327,10898,2784
1257,85,5883,11259,11483,8466,15898,11771,16197,9642,3217,7841,11696,15448,15386,9226,2525,10004,8217,13625
982,13894,7139,962,1873,9361,144,12534,12076,15695,8701,3938,14200,11353,5083,9335,351,16208,14882,3238
11497,7659,15894,2142,7885,8171,5655,9763,896,11270,614,13353,15340,7237,12511,5554,8300,16263,4805,3374
16207,12365,10059,14552,10202,15498,14944,8465,15368,4461,10648,10851,15737,12654,11760,15616,9043,12974,340,6591
9310,135,6411,4021,11952,14459,6236,5392,5046,10221,12902,8652,9932,13772,11961,1017,14308,11671,11871,12069
3081,520,11607,15156,12246,8579,15432,15013,2037,12298,2362,818,7502,10629,9693,4244,1049,11332,14442,14606
15944,12273,9384,3866,10839,8988,10075,7136,8332,11043,6036,3192,5593,14069,3055,1978,14755,1068,5033,7818
12735,5586,2648,11240,7239,682,9306,7551,7131,3086,2432,2392,10867,6054,15836,12417,294,15499,11149,10467
8647,11962,2351,6333,7631,3046,6771,14160,14515,4131,11060,15590,6145,11294,5955,9012,9399,6920,9626,6028
5346,13089,14920,7071,15500,14611,384,4469,12275,4582,9813,4867,10943,3184,13427,12542,13218,7465,15683,2170
10402,15490,6532,3856,8607,8896,13821,1003,9257,10628,11922,5277,16334,6527,9162,755,6295,2681,11307,3277
4617,10187,2268,8024,1633,14910,2772,3344,111,8948,9488,14188,10791,14063,5214,2352,11057,14965,4416,253
8512,14298,12669,13537,15119,3102,1561,9530,3366,9504,6700,6803,7868,15738,11319,11883,13112,382,10523,5897
11200,14835,12670,5977,5289,13521,16323,562,13860,2636,11806,11343,11573,11542,3805,6993,13016,12663,4086,8531
4406,16066,14905,9717,1870,7318,14560,12950,11399,10254,2572,11450,5421,12874,16196,11493,14973,1836,5096,7377
9996,7898,7398,15152,15372,1823,11982,14389,2756,9127,16172,11229,12338,598,13923,5648,500,2545,1677,12080
1975,14625,7514,9438,623,6921,8293,14070,8475,6994,10288,12978,3019,15749,2918,8329,1712,10261,1577,9039
13512,10177,6134,16354,1486,15253,4491,9494,9516,15159,5002,13057,13639,7705,15609,5674,2996,3689,3226,9369
1059,4910,330,2109,13256,15414,1849,700,15388,12471,1833,8982,10733,1341,12849,9984,14356,6901,12413,11895
2771,16003,10607,8593,10371,732,6335,10230,12370,14221,13623,15878,11449,3170,9456,15177,12250,11951,724,3701
13580,7512,10413,12521,3752,10889,66,9956,11429,1147,12188,7057,16170,5514,4940,1896,9509,1046,3372,2290
5679,1767,16257,14191,5391,10686,7414,16149,7717,5871,7218,3530,15820,12582,10615,10415,4239,12223,14007,9382
8157,214,9371,11002,6739,2618,11844,1070,7361,11884,11166,10657,2182,10331,2990,14712,9663,809,8494,7485
10220,3569,2677,3887,3703,778,10980,14312,5061,15151,4837,4957,992,16203,3574,7919,1689,4699,14394,11202
7290,13410,9708,11039,1656,13527,11159,11075,9273,6768,3641,305,11255,7215,1976,8585,5038,3183,5189,768
16248,2022,14163,6814,2607,13012,10436,786,4525,4234,4833,3204,3850,13811,10592,12540,5442,12157,155,1535
530,14663,8039,10600,16159,4298,7409,2583,14864,11438,1526,11955,13167,5202,5787,15269,4164,1058,8081,7922
14789,7576,10935,3760,1194,13346,2655,10534,10854,1418,14999,6784,8246,3682,1144,7698,8996,11311,6349,15812
12599,3191,13225,2567,1137,7936,13599,12406,6159,11505,11745,8448,8035,13809,1811,6272,13328,11792,14168,2137
535,1458,11992,7897,16213,1185,9395,5669,4619,6328,14212,12292,10782,10713,3900,9657,8750,8574,9580,10356
1050,570,3673,16310,90,10971,7273,7062,1626,176,10631,9386,5725,11042,15798,13045,11587,3587,6512,13292
15626,10287,9858,10044,15344,9656,4091,16236,9662,12907,11617,11595,11164,13387,5512,15680,14896,11820,15995,7540
6977,12620,2261,1410,9567,14680,11122,4000,14467,1567,12467,4002,3510,7989,10338,4657,11709,5043,10661,11239
4383,13886,9603,14170,3607,14823,3875,304,3484,16079,13474,2562,13383,4827,5657,13293,8135,3144,14524,16212
2894,8646,6218,531,2427,15955,15720,10218,4841,9804,1696,10968,14128,8571,12783,10990,16065,5328,12168,2358
1777,13329,14844,10140,8349,14425,1536,8839,2124,15224,8572,8541,14885,6258,13415,191,2764,7038,13766,5140
3068,9123,8309,7100,11516,12005,6266,11363,14831,8941,9587,10010,5693,9049,15964,146,5927,16012,10701,13754
8790,11626,7120,9953,3631,9945,6944,9498,13267,1843,3397,9562,3198,12873,13685,10239,13485,1399,5179,4999
5985,8089,13102,5477,11762,9356,12421,13190,14376,12696,12398,2219,3041,1863,2626,182,480,3029,9584,7582
14714,6533,14186,118,2802,5661,11191,7437,5893,9644,5780,3124,11773,401,16313,15536,14008,15014,11087,2840
6869,11787,5945,7655,14120,9144,3026,9234,4392,6833,12312,4864,14146,4145,11212,4888,5441,4635,12220,7932
11010,15195,3604,3162,3065,14993,110,765,6403,3318,15437,16027,15965,11112,14980,2606,8576,13170,3285,2297
1727,12985,14137,13750,2299,6644,9939,2993,1710,8629,14048,890,11318,15164,8067,1969,6599,8886,6366,5849
1467,3750,10410,2058,857,8848,6885,5566,9236,6299,13710,14266,12310,3998,12784,998,1663,8838,3363,14715
706,5023,4920,11940,13345,12778,16144,3929,2361,11831,11133,5950,15129,13700,2228,122,2024,7365,2344,12411
4377,15701,8580,3678,6386,12061,4432,3647,14700,5436,8812,11428,5616,13226,10618,235,13468,13331,14598,981
10883,9808,450,12124,4601,2550,3512,3864,11629,4338,2326,11183,15630,15392,422,10105,2230,1122,996,5100
15150,14107,4143,14880,1569,15267,12815,2543,3995,1747,4276,5621,6777,2311,9089,9991,3984,472,10846,11283
5268,14906,6731,6825,8745,12231,13262,11371,3891,10771,379,3136,5520,1611,11145,13091,12903,12559,9002,11572
14668,315,10690,7567,10716,7744,3210,14469,14652,1212,954,10174,12995,8954,5596,12573,7763,11300,7758,13622
2953,3515,2972,9325,12843,3143,3591,12138,1563,79,10827,1653,1183,15171,2348,6169,3852,14236,9950,622
7075,7925,5612,416,13635,8496,2625,13835,11994,5383,6453,9069,12943,7793,9149,14583,9893,10823,11619,8238
16014,15037,4458,2049,4330,1615,10951,11687,2642,11109,3784,11605,1042,7051,1960,177,12272,13122,11086,14725
2658,11271,11468,8568,5235,2368,15112,16154,5666,544,9046,6795,7526,2507,209,13813,6708,15271,15176,164
10705,11728,987,2141,5553,16343,11045,16052,14938,7234,13868,2,3071,9193,7272,6602,171,13806,5419,11978
1443,6616,4326,14623,13457,15960,1195,7353,11113,15409,13654,14688,14970,11377,14897,10909,32,3980,9448,14075
7729,4659,13693,12100,3879,15996,3520,14677,1531,2042,10132,10605,3757,10126,2783,11289,9248,4862,2430,13952
8887,15649,2465,10892,14718,15899,15697,12826,6442,8392,8102,4071,14251,16,14833,13913,12215,13691,9759,5759
7569,7961,8537,3534,11988,3611,7249,14867,6206,567,3857,4593,841,4548,14733,13216,3793,7786,2946,1530
4816,8375,1963,1460,16229,15947,16327,6309,12148,14538,14151,11869,11361,4576,1787,5112,10554,8653,1580,12423
453,6762,1362,7053,5991,2968,14765,10865,5732,995,10809,9052,13782,15939,15980,15494,2976,14927,6611,13073
8883,250,13376,5256,3615,6950,12195,13341,7642,11829,7846,1419,11991,9010,11411,11154,9725,5588,6540,15819
5439,84,7962,12461,13767,3834,1202,13504,7410,14981,13983,14215,10088,2913,8798,6691,1910,1855,2922,13730
13098,13059,9687,1961,16113,10532,6110,8858,12187,1660,611,11105,12751,13444,9726,11084,11338,11897,651,14219
9940,10379,9734,4041,679,15835,16362,10586,590,15236,181,3425,4391,14658,10159,4209,5851,15314,471,5145
13356,7476,9739,10991,13440,15393,8674,15764,4345,5555,10594,8736,15786,8738,8233,12533,5482,12863,126,6807
6552,14183,2493,15304,9056,6566,8173,5791,8156,4274,3825,15316,9241,4526,11706,7682,11046,11681,13498,434
3483,13141,13274,15048,1160,6811,5443,3737,7856,925,2531,5076,1461,6063,5444,7952,13270,14392,6024,2381
11185,11464,12543,15018,481,8904,15922,8976,5287,5824,13881,3826,8129,5641,3035,16288,15189,6377,8413,15531
15250,3613,5956,300,15562,12503,12864,12283,12913,11369,15273,3100,13905,4474,1749,6704,11186,16337,14925,2779
14804,5246,11248,2948,1397,13133,11794,2117,78,2494,5701,548,1757,14424,12807,9453,10818,749,15840,8355
13666,7652,437,11817,13079,8633,15663,7241,15042,15075,12344,4418,6201,14087,16133,15473,11152,16145,9435,4445
16143,4620,9192,1797,13051,12754,14626,1193,13113,13873,1188,12122,4672,11314,37,10409,5130,7609,4085,4428
2660,14793,134,15539,1735,15002,4831,5220,7257,7115,2471,8038,2164,10157,14153,11143,12946,8367,14243,11101
2433,12182,6639,15492,15122,5579,11347,13986,8667,11779,27,6313,4728,3415,14084,11026,9403,3909,16287,12702
5769,10946,2372,15694,5746,1221,11902,11168,16114,11944,7360,14604,11990,16067,14050,7528,6457,12348,5131,5668
12412,15486,11931,2743,2759,15369,3811,5546,13887,2730,3952,1214,8017,13839,10362,10955,14452,10625,14172,5837
1242,487,11641,14216,9678,9265,8815,7839,15185,5342,8241,9638,15423,16249,11865,1720,392,15251,14052,7725
10852,5633,1982,12589,15506,13510,7433,3407,9985,15654,5088,12695,14796,1330,8943,14458,12712,8878,12480,6254
252,13938,3886,13248,15365,4979,6408,4222,13774,835,804,8656,9728,15758,15809,6317,2175,15130,7588,13215
16239,11527,14138,3193,67,8057,964,14857,4412,12922,4625,15395,3449,1994,15727,9001,7358,11553,12134,15968
13175,12453,2007,2851,10244,6868,2241,12089,12899,10785,12339,11976,6241,461,2944,13288,357,3803,4613,5411
662,10803,2920,1222,6464,603,11848,15116,14123,5838,7548,8321,5261,4151,5735,11604,13311,5133,13745,10501
5406,4013,16260,11586,11638,10662,9905,11721,821,3767,14893,8012,14706,5518,12016,8876,8826,14917,5636,9885
12179,5398,324,14632,7573,7464,7088,5526,8208,12255,63,12035,2498,7344,14959,11309,15024,8712,14083,6475
8072,5301,1718,348,11443,14729,237,15193,588,14439,11480,8776,1752,7497,3468,5209,7317,13304,5485,6504
1784,858,1608,886,895,12429,10315,14370,1505,4225,15025,6725,8051,605,1939,11310,12728,128,12837,3677
8632,3976,951,8921,15346,12119,4801,11430,14016,10764,7546,4611,9943,5173,11412,3943,5576,2442,11712,13424
4196,2806,16038,13241,12388,11059,5424,10720,1573,4926,5378,9113,14764,7855,12772,12538,13493,9318,9595,14571
15830,10644,14241,221,13063,1304,11688,4931,10559,8731,9291,15466,14657,11232,15212,228,11901,11969,1574,5487
2522,9223,8884,6767,4089,15594,13380,6215,12222,4198,14131,3985,6598,13219,6417,15298,7095,4537,5234,6914
9090,15137,13456,9378,2927,2452,10222,3716,11763,5912,7289,8022,12251,6651,52,10430,13156,13972,7618,3189
15297,15337,15004,9602,14411,8536,11898,10493,10023,5510,4643,11708,5355,14028,6899,10678,2205,10622,9873,851
10939,12032,4427,9215,15825,4321,8033,6889,15707,14676,1627,10460,15165,9930,12690,9860,2963,13734,4859,4431
49,6722,9359,11535,11972,7767,12822,3334,3623,8363,12183,6041,13526,3470,6741,3375,3017,15828,10245,5961
14273,14581,8704,12260,12816,2974,12625,12576,7544,12457,12025,8861,5556,1393,9777,3577,484,3303,3845,11602
3083,824,7192,12518,13202,5227,9034,2933,8407,12403,13151,13741,1065,1884,6553,394,3281,15941,8342,5486
11920,12612,13567,9138,2619,645,3215,15985,3906,13785,658,14180,4351,9702,11832,10623,4028,13279,165,16225
4452,11701,13070,5308,220,1252,3563,13971,5917,5172,2482,14369,10150,956,14871,13303,10949,11791,14825,14181
8261,8542,13777,9463,10370,9979,2499,4142,13866,4876,2740,5239,10027,16141,10685,14414,13104,11165,2797,15802
8922,15677,13430,3892,11222,15076,14506,3126,7382,438,3312,5240,14111,9897,10957,12186,1947,12705,15497,11999
11609,13173,13978,3965,13991,9102,251,10621,4855,15169,8986,12831,8480,12707,2095,2013,9620,14486,12634,5903
9556,15255,15837,11811,1311,1799,172,2323,184,12361,4015,2760,3502,4367,1327,518,7226,4779,15776,11388
3697,4090,15973,16291,6376,1913,14015,2591,6790,1502,6190,4865,12927,5069,10677,13324,1451,5457,11500,5164
6964,5902,1150,14027,365,3878,5789,3732,8287,6481,9323,11875,14371,2472,9330,4885,15087,8504,4003,4278
10263,16378,4235,984,14888,2815,353,5385,16049,7587,5206,14351,11783,13942,5207,574,3428,11754,8250,10465
14053,5420,5949,13874,8290,4067,13544,183,5463,6858,13145,16302,15871,5375,7436,14819,199,4663,4442,8630
2659,798,10411,5495,6856,11899,661,3279,4697,9434,186,8002,2071,3432,6365,2322,563,10696,2363,14173
12875,6690,12793,10632,4826,5530,16004,75,2001,429,12693,1622,15342,5506,4409,4181,975,16110,16129,3145
13764,8223,11230,13682,6356,11356,5264,8942,4301,8748,8080,3060,15179,2589,15081,12013,3158,16272,10504,9157
690,11835,4177,14140,8761,3311,3358,10039,13862,9652,4281,5103,7953,14021,5365,1251,13638,249,378,10793
3957,15032,11603,1617,3975,12163,12316,2640,11063,3809,5341,1937,9532,81,6984,10056,14302,10109,16099,467
8644,8813,827,7697,8182,4789,4689,168,1770,6507,5694,2413,16305,2661,8010,2907,7592,12214,13846,2135
16278,15214,4799,14317,6073,7494,1905,2887,13379,9634,4137,9270,290,101,14386,14639,13903,1673,14895,15582
2272,1034,7407,6536,8520,12541,14861,14260,10449,8877,6014,14559,13708,3539,58,14651,9921,6112,989,2994
138,4621,13826,1055,13322,2061,16251,1817,11812,2085,7292,8259,15382,589,13882,14333,8052,4934,5755,794
9065,5559,2108,8351,11637,4951,15560,541,12045,12154,397,8784,12641,9832,1100,4695,11694,629,6175,1326
15959,12729,1400,9040,4725,9878,14803,8091,2960,7198,14767,7833,4717,1667,11486,11206,11144,4794,8772,945
14487,15275,3742,7787,10426,2036,9482,9834,1121,11286,3190,15400,16255,11649,12750,8549,12097,10748,7129,14791
8005,11272,12823,8827,7077,8952,11228,2523,2016,8763,6503,14115,10390,8604,16274,4220,15777,8636,15761,4171
6518,11537,4248,6720,3460,3177,3333,5129,10114,4187,5685,940,7810,15766,238,3127,2250,4539,12091,10387
7463,2719,14935,14455,3554,5136,13129,6878,5580,8882,11391,15668,15482,14343,225,13244,2436,9884,2264,554
15039,4007,8449,4204,6585,14158,11071,4082,4762,4713,12077,9212,3523,4314,5032,8732,6282,14840,9070,3663
2437,4960,5468,16307,9589,15862,385,2790,7493,16330,12900,12022,11953,3727,1343,12671,15452,5326,15906,3480
2236,1594,14822,15951,15716,9189,129,16068,7643,4147,5974,158,6586,5305,4320,14508,8688,6530,1714,2727
460,8006,12164,9433,161,13360,14821,16023,4678,14761,12614,8140,3768,9914,1685,2369,2847,373,8141,9041
10804,6192,16294,14550,12325,3686,3413,307,15732,10354,11485,417,12171,5001,491,6522,6604,10656,7616,7819
12585,4081,10007,9391,14198,2571,7335,8048,10613,6823,14743,1171,12362,14294,11935,7114,15192,12024,10401,16193
3707,15242,14655,15147,13119,3865,14379,10787,13312,2695,133,8969,6460,5377,5866,10110,8483,9902,12233,5158
2950,3973,5639,7455,3816,15197,15723,4436,1724,15020,9718,6019,7549,2959,16355,6792,15069,14453,8164,8099
3350,13943,12764,12788,15517,16177,2575,1361,3212,3328,13871,3982,8811,13876,16319,2533,5241,2924,10052,2979
12631,2004,1632,295,15003,15746,6694,878,9547,10819,7016,12640,5453,5752,4017,3387,16266,13694,13612,10463
10805,13769,13988,14489,15868,8723,10298,425,7591,7967,1837,12431,4845,13082,4992,10285,15853,7383,196,5738
2882,13385,10439,13933,7197,153,15785,7990,6560,13675,10378,14665,13497,12717,9116,9625,4665,9610,14011,6967
48,7106,8936,1636,13833,3353,3813,223,1297,738,8490,11818,8268,5467,21,11656,15661,10740,2435,5921
4745,8090,8683,11215,6191,14593,9154,8288,16303,10155,3547,7564,12125,15634,12810,1422,15542,14527,10561,12176
3652,7005,862,1437,3608,6912,2923,958,10280,12681,2487,4654,1647,15266,11857,8923,6364,15126,3044,14534
11562,12474,2643,600,4336,1914,3633,3719,5303,5445,2766,13928,3047,664,5221,3967,727,5607,15491,9204
2343,10547,14779,9237,1503,13290,14350,14432,1389,16326,5117,11211,1270,12552,1229,13177,11348,121,9909,10182
2412,291,11117,1038,12738,9890,14478,8689,3526,2476,1116,11405,15080,14713,11718,11034,15256,8833,13494,5910
15465,8383,3436,3748,11448,6053,16028,7260,16250,10830,2434,13227,16162,7283,10169,13149,1351,5939,2173,5281
3296,15971,8989,14883,8727,16008,9689,11007,15111,1285,15773,9284,15937,6165,1406,16237,3045,381,451,4456
12078,6430,6629,2481,12776,741,16285,3619,7734,14336,7167,3467,2902,13847,6894,15141,16181,14143,11454,1949
1605,14081,11476,5271,4135,2824,14620,14148,12267,3499,6208,13899,11358,5405,15477,4256,9810,5597,7483,1829
10456,3916,8511,6234,9679,5870,10237,10679,4730,4045,5504,11888,13176,9586,7193,15218,3206,316,13050,11030
5388,2736,15511,11786,10799,30,6003,14546,4696,14130,10142,14360,12786,14693,4355,10471,2512,6276,13135,15719
2938,15058,241,6938,9775,7047,16086,993,6680,2917,12811,13342,12110,10048,10640,9452,14420,2303,9094,14193
696,1290,14106,6939,13330,4512,3568,13760,5966,16101,2212,8557,1082,9029,227,10776,13630,2555,1381,4884
12170,8384,7525,3710,6289,4390,1485,7861,2144,15222,1697,3578,14957,9934,15230,6800,15359,5764,3376,9164
1946,14580,8515,12744,4166,1943,5034,14535,10995,15017,2289,13789,14945,15759,1970,10442,9850,4530,784,3142
11021,5280,11249,14814,14607,5320,11663,7677,6352,625,5245,716,15975,5600,9840,15233,8614,3056,5231,4823
2955,4051,2833,1319,4783,14991,3137,11380,4307,11017,7403,12727,15708,6205,2112,6096,8678,4020,2664,11847
7835,14245,8556,12497,313,15646,7543,13957,12944,15584,14699,4195,15052,12046,12354,10562,13286,2503,1929,924
10405,14717,1900,10081,7021,12277,4878,10664,12095,13643,1250,12877,3908,4692,5524,14704,5660,4394,4560,2891
15125,7904,8136,9533,1372,14054,4084,5075,14838,12753,16369,2634,13554,11322,12898,14807,407,1741,14934,3410
5193,13704,5969,8851,11983,11765,3610,4795,5818,14232,179,15101,13445,3096,16031,15890,5111,15724,3963,1936
11986,892,6482,12444,8297,14987,15288,1878,7015,5844,1365,13002,838,1126,5489,14257,7111,3123,12326,1429
1350,1570,3308,8378,8852,12108,5127,11981,11276,14601,2596,1090,10868,13017,7466,5389,12081,6626,15794,15574
13172,4542,5395,2081,3751,3106,4661,13514,7217,13560,9526,15690,1479,4740,16377,15349,2685,4850,8769,7756
5390,11037,14784,15541,5762,13818,14666,684,16106,6746,7617,4076,4980,1356,13339,15310,16064,3347,9948,15911
12709,2418,8487,4814,15227,3890,14801,6337,34,16373,3667,4170,4201,8970,1704,6738,5854,7282,13550,5947
10982,7634,11111,15066,2581,15163,14926,13403,12458,10497,6976,11195,13707,7000,15846,2020,14584,13870,2906,814
2682,12489,11351,12939,12941,3151,704,1091,10900,1825,13260,10241,1449,14646,9333,7368,3542,13088,1232,3369
150,14848,7644,7575,9823,1962,9394,6046,1190,339,4039,12345,2307,9865,4518,7068,12422,3509,15817,10188
5529,5786,10777,8401,12478,7672,2751,3895,5919,11368,2934,10832,5325,13849,7882,2874,268,14776,11753,4105
5680,9432,13282,12441,1556,13408,9406,1879,6601,4945,12597,12660,9667,11559,8682,2971,9786,8364,9460,8469
2278,5826,6245,14272,114,12758,6083,13405,11000,6500,9290,3239,14886,733,8947,2863,15772,843,8360,11912
1557,7911,14230,5767,14727,2359,11579,14465,15088,8348,10311,236,7013,14381,11887,14227,246,5979,3001,597
447,575,5714,7035,260,4344,13605,9830,400,15816,12070,12896,8765,825,13381,15419,1935,10929,12715,5338
15305,2474,11934,11711,14248,9664,4462,5894,15578,6146,9965,14565,14792,8525,8138,12141,13594,15545,2179,4389
11141,3694,5775,8771,3444,4216,5571,14542,15519,1893,15292,11414,10475,10369,11372,10341,11622,14774,5691,12167
331,9635,7892,16321,8926,6637,5847,3860,7817,13678,8220,9079,3295,6167,7468,15622,14068,13954,6,15566
9415,292,4772,9235,5409,830,9020,3336,13576,829,4937,4688,14744,6935,14049,5834,10619,9886,9159,15983
10899,3970,12003,15919,4095,1025,14399,1589,12546,12975,4496,1744,9301,7956,15589,10036,13028,9338,2148,13556
11757,13354,12549,13486,15139,9732,13240,8950,13619,13543,5608,11280,13298,8961,10457,6590,14615,1492,15729,9307
16367,1931,7264,8316,7248,6582,620,5619,15031,8239,1518,7125,15427,13522,14869,1405,7731,14408,6220,8386
13614,354,7477,12329,3897,11973,6181,6106,7244,1269,13194,14451,13388,3445,7563,536,1520,10083,2926,1302
8476,16379,4365,6471,4871,1534,13901,139,5522,3841,11645,8963,13046,13655,1323,9864,15563,13010,13731,4770
9331,2364,2310,5995,4646,1527,13929,13296,5603,16092,11698,14315,6969,16215,14207,9872,1821,10715,11418,11303
19,9942,9988,12554,1253,10888,13878,8278,8100,15191,16155,11846,9493,8694,2928,2558,14636,7688,245,7046
9806,14649,1306,14447,3536,2023,13024,2324,10296,3576,5095,10078,4311,7230,13838,12257,11198,10942,11892,6296
14239,12869,2102,10575,14490,12508,1745,4414,6144,522,12173,2598,7668,11963,2070,9659,14450,12147,9645,6592
15320,276,7,15869,333,14422,15456,12368,11691,10728,1664,8155,10215,10206,3131,296,15259,521,8587,10878
8275,10681,13309,515,14602,4574,9402,15167,2450,15559,1852,3005,1525,12603,1261,15501,4989,14685,7638,16356
6896,2385,7442,42,8661,9770,4226,15005,11124,14162,10184,2176,1499,9014,10333,7637,9544,5414,1444,13911
16311,12989,9165,10520,4275,4465,1814,14132,6329,999,10950,14086,15711,12719,3893,2274,14000,2089,8222,4034
9180,9677,15770,280,16045,9614,8073,7439,13378,4306,15966,12437,1871,2742,14747,3785,9194,157,12199,4272
5020,12527,7145,15525,10886,9824,15526,3602,10186,13109,4182,1934,2627,2457,13462,14520,212,6940,6248,14342
7815,45,539,15158,16105,15549,14457,6023,10022,9176,13072,6195,16216,14530,2535,3418,8257,5942,28,13181
11107,14464,12258,14517,8169,8050,6039,11664,10530,3854,3169,8345,7079,3537,7082,1092,13397,16061,6517,8837
1223,8575,2925,12746,3401,16256,2383,15570,15073,1037,14080,9831,368,8641,24,6799,14201,9838,6314,119
6660,2379,15655,16300,9390,720,6268,15282,1858,11692,14554,6368,15104,7557,9051,13989,15903,9372,14217,15426
14696,3469,6974,9983,5039,6256,11401,4484,11724,15387,15715,12442,583,6645,5505,14330,6990,11392,5846,14742
4905,2454,3004,10276,14723,4906,233,14759,13857,14643,11640,6242,16253,2597,8870,9817,6546,11254,10979,16271
9660,14234,6895,13982,1623,10068,12304,5539,13890,1610,13264,2158,872,2088,8566,14778,11608,86,1785,11523
10425,13751,1425,3031,1324,15040,4753,4303,1804,13853,10391,10712,9512,7050,9972,10808,1665,3152,5258,6564
15326,7822,5718,14721,3556,7474,13093,4676,10421,12285,4741,9050,16363,3314,14126,3134,6970,14911,13382,16301
4127,174,636,12821,11598,12030,9076,2841,14842,5345,5297,12268,13559,16109,12207,12964,14720,15294,6071,8387
2931,13196,787,71,7388,13808,639,519,14144,8452,11501,2733,5454,5291,12624,9672,9976,12525,6075,9417
1916,15632,14042,4765,5664,11554,12791,8255,3709,13837,15108,4972,6635,14553,757,325,10509,8601,4156,13920
642,2835,5012,6444,11517,6490,897,7001,4807,14274,432,5311,10002,9669,3243,7628,4570,13732,14590,13588
1213,4446,1432,9714,12271,16224,14009,10766,15155,6836,9800,13099,14412,7942,2915,16033,4653,6714,15221,6477
3173,15063,14373,6214,8203,1774,4948,14353,1366,14341,3240,2011,4184,10304,8764,7939,13333,9519,4708,7103
10960,3582,1380,8507,15312,14098,3992,6693,3762,2388,13154,5820,9304,4331,1845,5644,5595,13269,12591,7189
15415,11856,14155,16358,6794,4163,16085,10510,2214,15376,13831,5401,3806,2807,15140,1674,6609,3091,6052,10286
2309,15700,6419,9747,413,12600,5984,1199,3357,10529,10419,16282,7834,10233,6468,13842,10209,9992,13004,6422
11018,8362,4629,2557,3840,14039,9592,7179,452,5045,5697,9104,4488,14667,10176,11068,10251,3409,3905,8863
14963,208,14797,15756,2258,5479,7420,14089,8492,846,1894,15000,2485,104,7480,4310,16339,10536,13351,1298
15687,986,8700,9360,9085,15082,8472,14291,14689,2553,192,4744,14289,4874,13479,8082,14203,11496,6927,4754
7975,15920,167,13159,8929,3113,15350,7251,9195,105,7820,14780,2814,11740,6409,3072,9161,1601,2151,9208
15444,12966,9418,14675,13573,12868,16041,7012,13252,14441,14108,12101,12876,10825,3437,7595,16124,117,3447,5302
14569,8301,2152,3256,11574,15961,6516,11518,7768,14190,6278,14851,5024,3833,6791,5323,11013,6600,11634,7706
6210,6033,12734,2208,12825,7614,4227,7960,12757,7900,3074,6829,7704,3365,8113,6462,6066,12528,12687,12775
2767,15440,11032,6150,3488,10694,13792,15217,5317,15135,15118,9274,1243,10130,11064,3756,6550,3368,709,7991
1764,8859,3209,6960,204,9729,6414,10118,10724,15782,7259,5623,15875,9471,4521,6232,8900,3928,15229,4599
3730,12895,12052,16166,7795,7149,8893,1506,16292,15131,13995,10470,13467,13038,12232,13147,4247,15290,6614,7089
13242,4628,5098,13531,8966,3978,15358,9019,1793,7225,11768,9259,7516,10884,10584,10232,11073,6113,13450,13688
15329,12017,11877,1840,8931,406,10531,64,15257,7982,3660,1173,811,10730,12228,3559,6650,12650,10458,11156
4614,1827,7180,11160,10714,869,11420,1019,10461,8323,9363,9247,16131,4423,8394,12774,3018,222,11383,12327
7998,10749,552,2097,4880,6081,11466,7599,1321,13798,11452,115,13495,1464,7060,9469,6438,7764,1562,7261
4440,13581,11808,15679,11142,12009,6837,14472,4240,10673,2997,5626,3961,15962,10672,3482,9947,4293,8331,1338
6521,6301,9093,8638,7488,3590,469,569,14246,16125,900,7328,9145,14826,9661,12118,6909,11719,5180,13439
3666,1669,15551,908,9877,3922,12209,788,8814,15354,2663,410,7773,11665,7427,3172,8930,5736,4335,12378
15008,1584,12055,14618,11461,3199,13069,11801,15891,7018,2505,6466,5887,7431,11125,15872,15935,13856,10555,4106
3289,8529,3473,10798,2453,2712,14337,802,11506,9114,7790,7751,648,232,580,14889,13250,12031,5810,10920
5568,13367,11859,5771,8583,1875,12245,14331,12425,4763,6495,11472,779,15208,6156,4499,4186,15091,4317,11788
10932,8395,13185,15249,7842,1721,15987,3058,8603,2978,15161,14645,15351,13482,15698,5171,11302,10577,6402,12937
53,5687,14977,8027,14195,13650,5187,15283,15522,11001,15078,9240,107,3586,2750,9077,13285,13587,797,458
10965,7807,72,15822,7411,15851,12593,2199,2746,1930,6946,2166,13953,11194,11742,14868,7737,3263,7792,5936
143,14362,16284,13898,5778,9017,4667,15929,7161,12647,2622,713,9611,5152,4898,1105,14037,15879,141,15404
11499,11264,11852,9340,4369,8438,2674,12389,2335,1553,13603,1529,7712,11667,7716,13054,673,13478,4616,1740
12564,11956,5358,10330,3503,11253,9316,3200,10199,11968,11061,4073,10737,4494,13096,2262,2390,3412,10544,3668
10856,15810,10250,14402,7132,11291,13273,8388,4115,5700,289,9379,11930,11382,14329,11170,13459,7118,16053,15514
1944,4869,8427,5550,10916,2321,1132,408,5084,1447,14303,367,14783,12371,9622,14202,8431,7333,2492,2688
5212,8612,12236,3234,12133,15237,5224,6501,12854,14405,8719,1208,9550,1898,12470,5675,5321,1834,11997,11407
8534,2864,1384,5913,8855,3681,7422,6554,3519,13217,16210,5739,11110,9141,11290,1756,15093,14354,14555,10604
14969,13209,16010,12430,6467,13271,5248,7724,4066,4104,15736,6847,3914,16176,14235,10483,5763,16265,6091,14344
16198,10167,8810,6259,22,2477,7086,13352,15627,7552,9486,1349,1908,3148,12054,9038,14005,9427,2104,7031
4918,14491,12383,329,7809,11948,12917,1739,1591,3492,3927,11004,11003,5986,12676,10429,6264,8258,14383,7254
4398,14066,14878,15892,1118,13914,6020,13006,1640,2651,12419,15986,9184,8680,4946,2983,11282,14437,14461,9518
13743,3945,16158,15422,3,8230,11083,12928,15211,14756,11126,13574,7910,7902,14739,10841,2886,4550,3479,13591
7924,6018,16201,9541,1441,3284,2508,10300,13891,5004,4449,6274,870,2937,16189,7538,15705,2131,4557,11890
10446,9357,8084,893,12619,3702,10597,11381,2623,11893,8085,12126,5322,11072,14242,14474,14876,4059,5195,12808
14446,5380,12916,4097,14321,6037,9712,7830,11376,13773,14772,3150,12447,6716,5908,14912,2587,8454,15355,4
11880,3370,15357,14057,4830,1598,15044,10875,6050,13344,14647,9842,11273,7869,9393,8879,3618,14154,15495,2285
15172,113,15795,3319,7454,6865,15451,6445,6931,3535,14409,16107,619,3494,12915,10691,9341,9219,11088,3821
4656,11487,11116,13651,15641,10485,15215,14301,4029,9501,6676,3268,15132,3798,5165,14735,13756,7934,8416,5770
195,3034,4995,6056,13417,3241,13169,1803,14858,15476,7432,15015,4329,8065,6593,4851,7641,7287,961,1540
2889,16116,140,6123,516,12227,341,125,8018,2810,16364,376,13116,7070,2263,3386,7739,1736,2921,4901
8949,14949,8722,6877,10964,2952,13803,1753,15487,6177,10264,16121,2279,6597,8277,6911,10999,14829,15650,10133
2737,5298,751,6636,5035,14498,13984,5632,12979,15981,10005,11404,475,7270,6513,13101,15443,12289,8131,11196
1666,5620,8619,2046,15546,13714,13958,14691,10994,4417,162,11678,11457,10196,3194,2691,3478,7845,12646,7701
15859,6406,10857,9262,4087,8098,3117,1862,8760,7977,9326,3646,9153,2000,15672,3165,14276,13409,6327,44
15639,15940,8263,13047,3351,1731,8622,3550,1267,12894,10665,14932,13453,14443,7207,9238,16120,14020,4324,8272
16087,3562,5822,1850,5575,14529,15548,173,16368,7235,7971,7288,1480,2561,12581,801,1951,4357,5625,5532
5785,15107,15405,4511,5708,8910,10649,15362,8729,8262,2041,15128,15079,14368,10360,5734,7690,1435,4472,14456
11455,2616,1761,9389,10192,8078,15068,2873,6388,15261,5827,13802,14915,14423,12973,2411,10759,9057,8008,14324
6769,4402,1430,3778,9974,7583,12435,6721,2510,4649,13019,5573,15175,717,12200,5236,6291,8521,566,2345
1830,7988,1634,6929,2653,9695,4453,926,2901,10009,6839,4520,3871,299,7299,13448,4686,13184,1576,8216
9135,14516,4158,10252,9170,6084,14297,10975,14644,7702,16309,6773,692,4262,11219,14300,12921,11025,11187,1600
9492,11434,14946,15823,11217,15407,5216,13085,1237,13629,12401,1248,7467,1240,12090,3264,1659,1313,9628,5776
11197,8698,15199,14295,10137,11889,1426,6846,10424,11685,4846,11409,13744,9110,8225,9354,5031,1048,16179,14119
8573,7633,1923,12789,2190,4907,14790,5229,9302,15509,9920,15315,6488,13258,14268,11218,12247,13845,10653,15558
10069,8728,12107,1700,2828,7802,12210,3225,14319,3203,5149,9918,6231,15745,7941,7781,5418,4337,9245,9546
15046,15741,254,15095,8295,7527,840,13398,6363,3525,6304,10355,5726,11933,2235,2793,14746,11365,14887,13664
6669,12652,1493,15460,6634,10087,7201,6785,10152,8162,3398,11551,14860,11914,149,10292,2114,7144,7745,6748
14014,6087,14922,2087,11816,1782,10352,15554,14631,8840,914,10395,7417,23,16267,15734,14989,11137,7965,15913
4873,1759,11390,13969,14684,5456,5238,87,4727,10309,14678,15252,11747,13820,6761,1956,15084,4776,14286,13909
2100,3474,9059,14074,13323,15717,3680,377,6163,9358,3722,369,13896,342,967,2009,13336,4555,631,12217
13208,10038,10086,1385,2068,10265,4473,15160,217,12570,12726,16173,11312,2424,633,15735,13090,11819,1010,7308
12871,9166,15580,15623,11077,7482,9367,13584,14627,9464,7314,8470,5879,178,2936,6130,16366,2332,4490,3006
2578,12322,1436,7475,3868,4219,11204,12706,806,10085,12364,8649,13601,15323,5232,13231,5194,10535,3948,9807
13263,4710,9405,655,14551,6284,4834,16080,13562,10303,13411,3653,6098,10166,2837,723,11613,259,12865,8458
15216,9229,202,4136,9748,6463,15787,7221,3402,7572,10122,13111,12740,9351,10660,508,13041,13552,6786,14156
7597,16220,279,16167,8627,1711,15455,3118,8402,5225,4368,15963,11384,1989,546,15997,14043,5811,7930,16214
10398,108,11308,6121,15754,1868,1115,16115,10567,1967,3149,16073,6646,550,8087,7199,7586,994,11828,15220
3620,9462,12036,12502,3179,15744,1769,11636,5500,4102,497,2078,2899,7352,2082,6244,9397,3883,10032,15675
4600,4114,8564,12545,11494,9510,14587,9013,5050,8802,16270,6222,13633,3912,200,1152,910,216,12040,12587
663,6194,4008,13548,4366,2189,4264,94,14118,5874,13843,4271,11459,14547,303,2094,16261,9787,1288,11285
7955,6659,4024,6280,15620,2624,15886,7661,5275,2063,11104,1828,13657,12021,3818,10522,2573,7200,1533,13590
11375,3904,13648,11937,2644,13003,549,12274,5790,10855,9487,11251,5003,7337,3575,11581,9906,15370,3931,5063
15239,540,13926,3993,12034,9091,15779,4973,1726,6149,15858,11074,3797,13128,4963,132,12659,5646,4016,9319
1885,685,13533,16371,5464,8456,3273,10599,4856,12096,13598,6043,14710,6384,9115,4554,503,12770,8605,8226
8857,14012,14549,8685,16161,3360,5018,5589,3831,9392,9913,13765,13148,15957,4750,9738,4590,10260,14563,14591
11362,15826,5166,11471,16015,14500,2034,13854,14199,8393,4380,2985,5899,15790,4589,7008,9196,14686,3734,13357
6425,4811,5967,7581,12711,7124,13875,6860,13746,15205,8501,6632,12064,1,9097,6986,15978,11274,11751,6307
4615,8787,10692,11799,3114,10688,15127,8850,3197,15535,14309,15600,7394,4422,2489,11797,1272,8435,5496,9444
15090,2539,14903,9075,3108,2898,4146,2043,1167,4346,239,9588,60,13114,15293,8161,6239,6456,14320,4108
1456,6625,5880,680,6132,13747,10974,15462,9709,10907,8783,13473,16221,2675,12153,6203,9743,13107,5958,15232
8046,1728,7049,14990,9169,15240,5601,12802,11330,7091,7429,1084,6251,11684,6594,4706,356,14044,6618,767
15540,9502,11355,3830,929,10175,15099,4375,14463,13816,9181,2556,13094,13645,361,3513,9446,13855,7303,9837
16297,15901,11657,11979,6965,15942,12850,1877,16325,5010,2266,6804,9404,3877,102,16293,2073,12311,10381,6580
11478,11996,932,11567,9287,55,11524,11725,2403,7584,76,16209,5337,11378,10945,13389,9416,3626,608,3997
12019,7266,7615,6225,4749,8451,11538,12172,9874,6596,8354,15416,6765,1883,13035,12972,3462,8873,4042,13797
9167,12909,11179,5273,14730,5052,8014,6956,4886,16175,74,8844,7141,11233,6109,15458,4700,13192,7101,7728
3218,1841,4282,16074,2318,4277,15674,9279,9099,9561,5181,10441,9376,2005,14856,1168,11029,14612,9749,7553
1226,7829,10505,2048,14766,11431,13301,11114,13918,11710,11993,6334,7950,10247,9412,16051,7770,11967,5720,11822
8711,16269,5169,14777,9128,10062,4285,5628,3229,6981,3538,9396,14263,4353,6584,11139,3962,13683,2394,14808
12063,12409,7906,9540,2169,8506,409,9500,4715,764,11825,11628,13828,944,6078,5433,14509,11682,8243,13480
10838,4836,4437,13052,5251,15417,15483,3506,5782,9597,9724,8133,13534,4011,14836,5905,14349,16076,4308,1509
6605,14898,9449,7889,8581,616,13039,14476,10447,16069,14022,6886,10923,3012,15606,14434,13941,11441,9955,931
8343,5138,12806,10427,3076,14121,16190,11868,3983,8526,1028,14543,11591,1314,10862,11069,14918,4037,8881,11977
8650,2709,3855,2317,15861,12180,210,9004,1101,15842,1644,7954,11650,5021,14748,13488,2422,4203,15808,10476
4241,1631,920,10582,14218,13686,7078,3676,8992,9003,2002,15665,1293,5698,9715,2734,12294,13524,16202,10255
14638,524,8276,9781,15327,5862,2870,10542,6447,10550,11974,15884,12970,9829,2811,16211,2480,9072,5270,6843
5104,11793,10699,3990,5113,16273,6662,14159,15428,1972,5356,4693,7113,2646,743,13441,16047,4588,4774,973
3969,4966,5055,3958,8616,10417,14284,12683,12809,14640,3276,776,3252,10780,6913,15988,7964,4746,4075,4339
13794,4778,6400,12846,10636,4800,1668,11849,4575,15838,6737,336,10526,10488,10774,13414,3540,1542,7222,390
1676,7571,13931,7524,2668,14488,1307,16135,7090,1278,2145,3016,8313,15054,7413,6105,3292,14419,14025,13613
7937,14091,5089,4796,7162,10931,1483,15889,9232,457,12515,11293,8122,5638,592,6703,10848,5511,11415,10116
263,6261,4386,6543,3164,6476,11243,12377,7908,14254,4872,1481,16223,6424,9711,2129,1353,11699,11313,7821
7997,10816,3867,14802,15644,4875,11826,2157,14578,5715,9601,758,3541,7168,11244,16165,16046,11900,10630,11904
5965,11092,10428,14357,9334,8060,10829,9474,7866,15682,11627,4702,1472,8282,4809,5150,13214,13701,2260,359
15436,13520,11016,8361,9630,2378,689,16060,3655,13053,13463,8461,4217,2628,3869,15339,14904,6227,355,613
5070,10297,12464,8735,14629,1264,14147,14073,8817,8891,8319,4483,2881,918,13065,8686,9700,9252,9139,12931
7804,12485,14528,551,14732,2680,12375,15182,7331,9499,7014,12382,13029,8306,16156,3233,8408,14768,13805,13325
8789,12942,11795,9767,10770,4829,3119,2844,1587,10981,11960,11393,9105,5706,9250,15648,14750,2645,9836,7981
16009,15564,2861,14968,10329,6558,4565,6751,13680,8381,16050,13404,10746,4009,2744,1953,11733,10596,14877,1786
3728,16039,95,4975,12050,10948,9256,5861,5975,15071,13237,11642,12175,11583,10789,13889,9843,7864,13829,12369
8093,4415,5643,10820,7860,6655,9400,11352,16352,5825,8796,14307,11400,13247,13577,12037,16013,11550,753,25
12166,15435,13502,3692,16331,13105,1459,9109,15106,7105,15402,6338,5184,1071,5754,12957,12341,3959,1702,240
5269,12725,12468,3881,783,13799,4288,9559,9278,2903,14387,15394,12648,4752,754,9528,2615,14418,14702,12969
11263,7056,1901,4787,16168,11020,9346,2808,2215,13092,12500,6332,10217,16123,1189,1169,13962,12782,5707,4265
8207,11246,7196,9839,949,454,8669,8326,10317,9680,15857,12617,2491,7004,6061,8409,728,5747,14129,6455
7675,11174,10373,14795,14635,7069,3817,800,10064,11668,2244,5426,14492,8747,3014,478,2725,10161,8206,11929
2347,3988,9281,1063,13551,13014,2738,14978,12768,8042,10277,7372,10952,14366,6689,6888,4562,16268,7487,9841
8450,15,14413,837,4253,637,759,12763,8187,9821,1268,12794,15992,10869,16153,8201,11744,7164,9066,8412
13815,3270,11670,13418,13960,15178,15133,358,3103,11932,3362,13585,3032,14136,14380,15924,667,1549,3553,6292
12088,7059,1948,9496,12752,11959,3342,5386,5090,13033,3438,4032,10784,14961,11577,8353,10084,4033,3341,2897
686,15640,11851,2367,4651,3383,5652,7143,9545,9846,1476,8645,5159,545,12302,3815,12098,10858,4637,1729
2885,14318,15083,11422,14894,3396,10273,5570,15561,1516,16242,10019,3271,11965,8347,2028,3122,3378,13922,4332
14304,7258,11625,5498,6217,11576,6574,4969,2421,2242,15970,761,10050,13266,7760,11189,11278,11136,13709,11121
258,10448,2929,2210,1957,12307,12270,13348,12499,2339,6154,10284,1080,9995,16185,4410,15673,5007,8691,7445
6587,6209,8112,4785,6871,5062,7401,968,3753,9129,3918,4938,1497,14018,6103,15322,14359,5973,13517,7391
9671,332,9061,7387,5544,1175,15930,2941,7992,3774,3566,9096,7658,7517,8023,11726,2349,10732,14220,8880
4088,621,11886,187,16218,12537,14600,9881,11342,11162,934,7252,6461,3565,11237,2079,18,4349,7872,5458
13944,6692,7923,5422,7774,13212,6996,7275,3736,6017,11575,9578,13295,15373,9269,7749,14225,269,5828,12026
2327,9147,16372,13974,10372,8673,4038,4046,7123,8808,7384,10788,96,6647,9048,10927,9772,11044,488,842
9484,568,2603,474,4001,12438,16318,10228,5283,1751,15036,2620,9892,2456,8946,3882,15006,12731,12319,5957
3315,5101,9080,8159,7213,3201,7648,1329,10246,2168,2585,10821,433,5683,11157,14974,2713,14722,8422,3023
