2372,11280,9565,13337,7494,9154,14666,3264,5766,1847,1094,2346,10181,3330,10167,10764,1585,5498,9757,8676
1694,9414,7555,4385,13394,5427,362,4890,13399,16020,2822,3598,4401,11438,10184,15556,12401,4815,3621,11405
9503,4039,14010,14235,4521,1991,8254,15694,7954,11000,13328,659,9463,10706,8015,13207,9621,16038,16083,1450
8796,11042,3094,8583,2945,903,6304,15227,15554,3001,14813,10220,2419,14858,3355,4115,15398,7629,4135,14601
6377,762,11263,7929,1023,10753,2000,9751,12056,5345,2044,15311,12506,5309,12005,1073,8969,9057,9412,2304
1381,2298,6535,5037,7172,2519,3728,11127,5028,246,219,10054,2683,3668,4687,13449,1245,750,11029,11032
10755,992,11271,5563,452,2326,9580,1279,776,4633,8386,4427,3968,417,3536,10760,4773,4870,3364,1003
13382,9613,9283,2107,5018,12459,6817,16067,12359,16098,7235,9334,13189,7488,2313,9466,7789,14970,2133,9157
14071,13669,6835,6428,13041,4377,12457,11849,4310,10535,1511,9230,8461,546,1873,1281,4588,867,460,15375
8268,99,8589,13832,3817,1294,6295,7060,15927,7712,8294,15298,11009,7632,9650,6910,8352,9871,4075,8885
14707,15502,9005,3980,13530,7425,11602,2149,1933,11185,1371,5890,2741,14002,13140,3335,3301,8728,3853,8661
16202,10829,3468,2555,1399,11221,14376,1700,587,4150,2053,3628,13978,16199,864,2410,8121,14637,15139,15391
14645,6750,7527,5590,1544,8729,5526,6022,10475,1008,13951,3194,10100,5056,15990,3180,8864,13430,7470,4593
2266,2924,11810,3395,5945,16056,8790,9554,6684,1265,8677,8853,16100,7568,13247,12365,5127,478,1306,4978
2885,6075,5893,10801,2258,2294,9692,16175,6634,7462,14266,9789,2120,3285,1216,690,10491,828,9022,10632
555,8230,2405,10453,1368,14857,8071,276,13698,2303,12938,11830,8678,7134,6667,6736,5351,9268,8005,2017
516,13702,5742,3023,6696,2583,10887,15420,4541,15352,16284,4004,8181,1181,4019,7158,11244,5296,5604,574
6109,9118,14387,7819,5047,4644,4918,8053,3272,14031,144,3767,1648,2151,3155,13155,1757,5222,6731,12900
4126,11848,2049,4829,9353,11227,1711,7115,2861,5285,11097,790,2806,9655,11601,5686,1923,10334,5700,7012
8170,11715,10691,11237,7676,892,8802,6369,2031,495,2246,407,5785,10914,11978,15753,10047,1816,7033,3631
15510,1051,6000,4850,9524,1448,13193,10862,825,1382,7317,10072,416,7230,3585,9863,2217,14091,560,6400
15456,1388,14141,14457,1796,10828,6745,3955,4854,10109,4492,9606,7394,13933,11543,6385,16134,11409,10146,6435
8506,14000,11486,5979,13080,13666,10260,807,6249,563,2008,12575,11885,10137,1739,52,11272,14617,2641,9818
9777,5610,995,1404,7749,6598,2255,2077,13064,365,5343,16123,2358,2831,14100,9912,15749,8815,2392,2591
7416,14183,1090,8102,11301,7713,4558,10857,8074,6225,5936,7989,8486,15111,13871,10305,1587,5588,5219,9666
7442,5398,4734,14251,11275,12657,10061,6625,8328,39,2700,8082,1744,3688,2035,13428,15138,2278,288,11049
6788,46,1476,10736,268,13925,6432,8992,15365,1442,10621,15156,3132,2733,645,7514,8287,4671,15915,1299
16124,8838,7411,2153,16002,5660,11488,8269,2262,13550,3970,12983,13479,15577,2450,12557,9251,13037,9274,15530
2277,5787,6261,16007,2774,3710,15552,8340,2061,8940,3797,8456,1976,668,4631,1491,6588,7653,6614,13282
15336,13251,14458,16163,9469,9981,916,8101,3730,12283,9175,12243,2500,10698,9441,10343,2916,8703,2786,12908
15619,14662,7874,7063,10539,3863,1801,5147,8052,2969,11073,2003,11745,1408,11180,14216,13580,1263,3733,6660
14544,3022,5250,13498,8702,1984,6497,5237,3535,297,5390,12624,14677,4712,4433,10027,9498,12095,1885,16092
6120,3064,5793,9084,5453,14160,13872,6266,12118,3354,6092,6018,10684,4956,15841,13653,5567,5493,16251,6016
8624,4827,1987,1774,14200,14408,11614,14193,1472,15520,981,15386,16165,14690,492,4137,10651,2581,12027,11261
1047,2368,5591,9680,3625,3824,3842,4291,3160,14768,13806,696,7643,6299,5116,1159,380,8411,7872,7827
11296,3652,845,970,14459,2873,806,607,12603,11970,12021,11430,13704,14477,6639,11022,1583,12333,4641,8795
4867,4812,6091,16001,917,8611,82,10323,15569,10483,9111,1552,3996,6647,3311,4642,12400,4440,8513,1443
13072,8289,5868,12935,15394,15183,9180,2993,5618,4663,1016,4922,11380,12133,7562,13859,3935,7697,583,9788
11492,3401,5410,14937,14357,13733,12811,14439,2876,14307,843,11706,8616,5816,8210,8956,5780,2109,8106,3995
6768,4341,10320,4380,4042,3665,2474,3949,5619,1627,9848,7746,4965,3259,5606,8412,190,9335,10000,5206
2336,9464,2264,5058,1479,12453,1838,2046,13035,8359,15901,12217,6815,9262,4000,12160,16106,12367,10404,12338
3297,1826,1497,9377,8454,5984,6729,4334,1098,8077,7982,6896,14590,329,6873,16191,5999,5217,7217,801
12859,9545,4930,15868,8629,4249,4471,14879,8948,6199,4346,12186,13728,10418,11487,3549,9426,1256,5712,8475
6402,6066,156,16137,4981,10575,7528,8151,3009,2646,426,9936,14158,9669,172,9038,16052,8990,9184,2341
7737,4044,885,2729,1210,7598,1130,15197,5092,8903,8204,16148,2391,10041,6609,8279,11963,3030,10886,10411
2321,4743,6774,6484,15335,6618,6971,13081,7877,8754,15742,13171,12925,3402,4218,5912,10948,1419,5911,8766
7202,3692,14693,10330,12048,14152,3603,6593,8841,2763,4645,5741,12958,9497,13815,14443,14380,3479,12149,6093
8189,15947,10382,8960,4133,14177,12158,1244,15679,3220,6613,15873,4084,3408,10548,3928,13023,10702,13503,168
13398,13241,16370,9148,6998,1392,566,12000,10161,3998,3879,15504,6780,9758,10059,10592,5903,3812,4811,729
8428,5063,13789,932,5939,5877,6436,1992,9754,12358,3782,7366,2270,12337,9536,11616,11674,3946,7557,9209
3717,9799,3093,9948,8285,1516,737,15294,4697,11242,683,5113,7679,2694,4061,6207,3931,13103,7815,13079
2574,1611,2054,2690,5771,12132,9527,8586,1062,9552,7276,13012,4514,1444,6767,10354,7684,2477,291,7369
9094,13010,4449,9409,13823,3099,4015,10346,7040,8156,6275,7481,8735,9891,5949,914,568,8374,50,12591
2570,11498,6205,3331,2779,322,2994,10503,3899,92,4584,12302,2518,14672,1445,12513,1504,308,5663,10520
8840,86,1759,15338,13290,6671,6041,7722,11690,13107,6574,7274,6996,10234,4958,12709,16090,3261,11670,14910
8849,2509,1954,12911,15195,1562,2093,5270,5828,7631,447,3260,6158,4959,7725,16355,14916,8630,3077,4375
6591,10271,4912,284,5048,14848,269,9559,6760,459,4064,2182,2124,13255,8262,8502,7203,1738,13414,8542
7621,10286,5317,3608,3203,1359,9285,15137,4752,660,10769,10805,2166,6735,14474,14545,3020,16268,7387,5032
4113,12602,11384,10324,1481,2536,5401,7436,5227,6164,11067,4548,11554,6224,11018,3616,3783,5216,16299,3460
3662,4206,3574,14840,12756,1565,10827,6706,3293,537,3059,15176,8688,4025,5461,11883,13519,11393,15258,1038
5603,3247,11756,6217,11710,755,12055,15816,525,1394,5233,10778,16276,2720,2288,1096,2625,8962,11868,14915
13748,10600,14420,1013,3940,16295,13374,5621,3442,1296,13729,4828,5396,6192,891,7799,7072,174,14093,12244
937,130,2956,4723,2985,167,13598,53,9749,14830,11456,2466,14854,2640,7575,4557,12370,13139,2784,11292
12537,6740,10890,9144,13555,8556,8822,14607,3523,951,9169,257,1626,5190,3471,9867,9255,13628,4120,15936
12184,4951,7303,1802,1732,4975,8057,2897,11389,9056,4187,5223,1629,2503,4761,5613,15843,15585,3130,4411
4474,12944,7795,14410,4742,8051,1906,15452,1230,13092,14896,700,13170,6513,16044,581,5824,2698,15525,10957
4281,7731,8206,11993,6990,3822,4299,2050,1340,11937,4285,8183,4685,14394,5443,12051,10176,15069,6182,11845
7878,6512,2164,2438,11187,12579,13738,6553,282,12916,437,5284,14589,2914,900,444,7894,15752,2620,16158
3326,12390,8311,4866,15349,12347,1938,5489,3210,3554,4369,1378,2816,3000,14999,3185,1197,9627,14207,3027
14510,4945,7728,10974,15656,9737,12189,5213,2191,6945,9971,10485,669,15673,4139,8745,6499,14059,3974,6204
2078,10439,5529,1195,15053,11982,3596,11984,7319,6458,3818,8769,1509,5736,10660,14088,14159,5136,578,2111
1527,10134,7625,7179,5436,3121,3880,14198,11767,9532,5191,5399,9288,9509,2767,4086,14050,1537,1148,3731
3111,8905,11102,15318,15724,9989,7328,6573,10636,1235,15012,11308,13095,15346,1703,7298,4720,5002,3807,5948
5879,13941,11762,2540,664,6986,13701,1107,13926,14975,14294,2567,8931,5607,5083,9878,15796,12917,11336,10969
4498,4905,3439,14072,8835,7756,5043,3283,837,1233,11451,432,9467,11249,7879,8050,3198,15828,11663,4774
16085,7261,6919,1320,1132,12449,12522,9291,8850,10246,8788,15136,14314,10033,829,8970,7967,5668,13351,4236
6605,611,10473,11783,5422,7663,4387,1793,10438,4721,3567,6833,1668,6309,10349,5377,2223,15289,2189,4983
11317,2802,6799,965,1064,2795,8451,15820,7031,6154,14142,5472,14519,15668,1174,9348,14190,16059,240,4089
5889,13636,3633,1109,14047,5599,758,376,4563,564,9081,1656,4996,11933,13649,10553,6111,3537,3213,7669
4165,882,339,2259,7546,10742,2460,5783,15223,11223,7269,13297,8621,5761,61,15320,14097,6042,3795,15091
11155,626,12794,6994,9794,1754,7950,14419,6640,14646,2935,15831,9825,5759,11877,6611,302,8378,1707,15089
8232,1804,13500,12816,2475,9945,12221,2467,10131,3233,11340,6739,15284,3117,3958,9475,9160,8935,6137,3859
6363,10546,621,11631,11822,14455,8117,3438,6250,9447,4421,14861,11850,12662,8914,2913,12780,1521,15579,13573
8259,15707,14526,1503,8437,12566,11025,11061,5744,2398,15364,8195,8906,1206,14805,2902,6407,208,6853,2936
2875,3779,10949,11661,10236,1560,11927,12452,6206,11303,13919,12038,3374,15461,8293,12678,1709,6707,11064,6383
3225,12954,7510,15188,13939,5882,9821,10696,4885,10158,9763,2240,13897,6264,3667,5093,1034,6413,14481,6086
3503,2872,13123,10201,4056,10056,4321,6498,7797,8544,6030,3199,12416,9046,3938,1979,9610,8534,5676,2100
15605,10927,2647,2773,11353,5524,10944,10748,847,200,1188,1160,4414,10038,1768,3200,6810,4006,6570,5460
10187,3827,6824,6418,8358,2907,13703,5456,4909,8716,12614,12592,10264,6616,7112,10303,10730,1799,16132,13839
3003,5463,7997,14036,377,3836,7787,11045,4262,2334,14075,6013,2778,7390,15696,5775,3505,2968,14224,3894
528,15508,15934,4728,11998,2043,2602,6557,74,4456,3177,821,2080,309,5107,14931,5655,1446,12665,7972
7223,152,10617,7149,2585,4254,1617,2001,3433,1974,8993,11304,10212,6045,5221,9458,16291,15393,9402,1573
14638,369,2520,14279,14399,31,4219,5887,11915,4801,1214,14409,6549,573,15608,6318,5288,10863,9958,1044
1867,15491,15497,3979,7813,1792,10293,12112,15277,2250,10252,13077,3695,4383,8429,1271,343,2705,5858,9583
3167,9407,14148,12698,5935,13319,14513,4149,13160,10459,9218,14162,8220,2961,13499,1095,4225,4785,4327,6366
4277,2185,6014,13234,9164,11801,6414,11056,5245,506,326,12234,3791,14944,10479,14354,6895,2065,10030,8724
2869,11557,7793,1065,4191,2953,2605,15642,4053,13547,16204,4561,7272,5718,15353,4544,2037,5001,1105,11547
6724,5254,14398,11439,603,8668,9369,7983,7426,8123,1950,10471,4937,3774,5838,14538,3622,3561,9706,10627
7128,14176,12280,3448,3207,11027,11750,2674,2507,3529,10667,3747,4939,16184,4585,3510,7636,7161,14653,2013
971,10107,13999,2576,4374,2252,4257,675,14671,5129,1717,534,12619,15966,12250,13627,10633,5942,11776,8543
3648,12076,7307,51,13508,1780,2012,7533,7429,12681,10775,898,8038,4460,2823,10210,13286,1539,1720,12448
8890,11245,2900,6995,5248,2115,2546,15974,13678,6429,1002,7998,15617,3249,10150,151,12176,2975,5714,11732
15222,15563,7020,3794,2219,7848,15529,8707,6248,14806,14609,3551,11460,7864,36,14435,9840,604,9785,11091
2997,4014,6387,13007,2792,7840,4848,11515,10756,10626,1756,11302,11333,13752,14569,10102,15112,2817,13504,654
4532,6691,5730,6584,9603,12164,6747,5698,2870,14725,13998,8216,4553,5203,2485,382,248,5836,13985,7770
2323,2233,15500,5169,11103,10190,3927,5200,966,3736,3890,6567,5450,8144,3083,7296,11833,15859,1264,3128
100,7784,14157,8999,2988,3411,835,2201,14463,8240,15790,12368,9760,9896,15750,12075,14557,11967,1169,5193
4242,14524,4423,1318,3447,4613,11561,6376,8607,4424,5101,3341,13339,2169,5753,335,4622,4741,14421,810
6095,10095,10986,12232,4497,5537,14348,11573,4210,15493,13532,15296,502,11778,14932,11219,2610,6344,3477,12521
3276,2711,5992,12349,8856,10554,10999,263,456,6899,14696,10689,3706,5188,3349,10976,15575,1050,10718,15649
16319,10128,1872,5821,1401,9860,811,8524,4859,15151,4073,7600,10375,11586,4661,14041,4016,8485,10400,5183
7857,10758,8014,1072,8606,6128,4610,15523,1995,7759,4932,14581,13352,7419,1178,6851,14615,5269,13751,15401
7180,3498,7444,71,9031,9253,8808,12936,12078,4045,10519,14291,7266,1166,5440,14508,7496,3299,15877,1553
8132,11428,13874,3053,5121,9997,12403,12495,5329,14055,14905,13391,8048,5187,9612,7711,13113,4168,9385,15170
1849,7828,15432,10460,8255,9050,12408,8398,3031,10990,6778,12238,8622,7855,11871,11987,2445,15451,2868,8191
12185,12612,12079,5715,6055,16272,10506,11278,4339,14900,14275,12807,9323,6801,8664,2414,12369,10817,1871,15276
11919,5872,10282,7721,14782,7372,2388,13447,8372,9153,9392,6392,4574,2542,10247,2666,2974,13055,3507,9634
14583,15650,3727,12862,10954,9636,8925,13800,10941,6806,15798,8107,6862,572,10787,15348,3590,15046,1913,9773
6356,888,13190,7475,10207,11534,666,12343,1354,21,117,13009,14084,11060,3429,8487,1403,5708,7067,11718
7013,16278,11315,2770,6846,3992,5804,12228,5162,16167,10979,8003,5452,2742,8419,7902,549,10407,4843,12196
2834,15568,5323,8798,10223,6008,16048,8717,10298,14811,5776,16154,3825,5176,14568,6036,9351,7054,9216,5983
6687,13472,138,5731,3555,15885,6308,3424,1017,9868,13054,10798,12471,16024,3917,9562,2086,2892,15460,2200
8936,10396,4345,15093,12466,12597,3157,1150,8111,13861,16243,8733,4110,7058,12772,1087,7083,14682,14883,1878
11002,2598,5099,13202,14599,15994,10851,10517,5134,12375,6665,6440,5651,2476,11341,1036,11269,13182,10241,988
7377,3904,7375,3262,8627,4368,244,5844,3019,11161,13407,6349,2708,8030,7870,464,6305,1202,9841,8488
14748,15074,3102,14817,1172,7437,13581,7542,13426,5502,11959,14919,7006,839,3184,3597,4428,4483,13723,5327
7979,6880,2894,10062,9713,16054,5749,14752,5614,7271,3045,8392,15658,8557,9128,8343,3054,1918,11497,10018
15667,12798,3124,11394,5279,3153,8501,2163,9417,3118,14413,12046,6178,7846,5119,2023,5355,3201,3183,14605
4156,10685,7637,8565,10727,10650,10652,1943,6883,13332,12345,15300,14282,14130,6399,3729,13149,7449,6364,14943
3525,15362,4129,9459,16306,2449,6841,9203,4493,7539,7214,8772,2883,13188,4876,4441,5652,11635,11471,8166
2170,997,3244,9764,14171,6783,8645,5801,5109,11852,9150,10412,2432,7938,13379,11217,2016,2829,8033,3108
1232,9222,4726,2548,15316,15026,16063,311,1228,2396,15332,8148,15025,2213,4189,14723,9814,12167,11209,2679
122,3359,4018,11790,7165,4952,4272,8129,14065,4989,13048,35,9725,4481,13,5861,1529,6193,5479,6445
2127,12329,2738,2842,3564,9946,6519,2144,12388,8554,1307,4832,15531,5069,715,485,7886,11170,3787,4470
7069,6174,14347,6711,3085,11200,12203,2260,1891,11379,13502,12888,2977,2769,12679,10194,15709,652,7534,8695
11403,2471,10487,11916,6764,4691,3137,5139,3488,8590,10287,16328,9495,2856,6313,15388,10096,15740,10009,3228
6140,9932,7723,8764,13470,11701,1243,11909,10341,2600,8973,6475,315,3577,3325,5906,1238,5871,5004,15664
88,15971,1901,15037,8309,3491,9104,6580,9238,14753,3520,15713,858,7659,2841,7974,11199,2726,2436,9683
1727,2827,13914,5777,8828,11875,15134,14179,10206,11956,3591,2067,13638,6524,2354,13150,5996,8376,14292,1295
15193,13106,186,511,15757,8152,9529,4692,4467,9885,11236,9601,986,14219,2989,11094,4869,7182,15817,15337
4301,7552,4624,5938,443,4539,792,16047,3658,5000,6966,1547,5357,13674,1674,3161,13755,9443,6089,15638
1325,12927,6320,12213,12380,5352,14096,1526,2022,840,1189,5827,13181,1613,13683,15150,8369,9419,13473,6650
11649,10254,11464,6674,7154,12876,14355,11055,5934,10777,10145,16275,4148,3738,8400,3647,8433,7136,6730,11331
1024,11575,15212,14471,10771,4819,14906,1999,2980,7763,23,8006,612,10549,10839,15478,7491,9448,3323,1506
3583,1936,1957,2286,12941,7909,1575,3478,4152,10840,14873,3086,10551,2584,4505,9427,10565,4669,13458,4974
7700,16302,9078,5990,3810,6867,5131,7336,6652,12091,11517,12905,14056,5125,13371,3314,14756,5447,3065,523
1341,11562,6065,12544,878,11944,653,16171,6171,1921,345,4678,6303,14388,7281,11287,11760,10452,6988,13104
5195,4220,1467,944,13899,7086,1063,13716,13411,8394,4418,2557,9827,14415,976,6019,8811,421,11623,389
13696,10996,10807,2339,13907,7455,13747,3680,8143,7412,3399,14972,4706,14744,9159,16009,6886,7985,14720,7330
605,5482,3060,5556,3123,14470,12270,11898,10321,14144,15301,12599,1122,114,15381,7148,4931,4331,2701,16114
9572,1203,3914,3318,1765,72,5470,8157,5471,1486,3670,13827,6222,13571,5738,3316,2427,10011,9935,7522
9544,14163,4682,11714,4332,458,1227,2669,16267,2084,12796,1762,15710,6412,8693,3679,7963,7383,13891,9602
4703,3907,8177,12801,4871,13713,3013,5321,14971,13071,9907,5256,9366,2797,9397,588,10837,14871,8276,7900
5385,2845,1853,14301,10955,13390,5616,3421,7169,2790,15130,8636,14773,10006,9468,8176,6673,16329,953,1457
4638,5800,10148,8983,9098,9321,13560,3694,7664,3391,3634,12385,11368,11914,9633,6229,3415,14562,4583,5374
8275,8981,6026,8245,1682,4617,11113,685,12986,11946,3673,8893,9775,11892,119,15208,12030,12649,3458,10367
9941,312,15199,3542,6324,8756,4660,3758,4463,7352,5300,571,4659,10414,9141,173,4357,10726,4096,1253
1175,7773,4684,3298,7548,11099,4883,13601,6837,3948,8403,1782,5306,10288,4964,561,391,9727,2174,13184
289,11796,13979,6342,9805,9703,1111,7523,12965,14076,11853,7693,1655,9074,7861,10997,6135,3743,12309,4459
2906,13132,3989,6422,13288,12214,4666,7772,2949,2672,3595,5568,7362,2922,4770,12364,10518,15385,5692,13298
1114,7036,4171,12304,14369,15027,769,10002,6830,7244,5231,9337,3263,4971,13745,5579,1881,6223,7151,9584
4066,7367,12324,10673,9318,13008,9266,8192,13250,1316,11019,4116,7930,14738,6398,14358,5907,11606,6890,13461
15340,12652,1965,8536,14182,11023,13613,6793,6965,12934,8690,12999,15758,94,7501,14774,5506,4515,8436,12864
12877,5989,13900,14657,620,15878,6992,15044,9173,3281,2531,764,1803,8462,13199,7078,12421,10463,11342,15905
12206,9831,15245,10180,10268,10123,10294,5518,3715,4986,12931,12094,14300,7790,8425,5835,6528,10074,7430,204
5915,9992,215,8017,5030,8417,11267,2484,10598,14547,10387,13243,15035,3050,7785,4606,12824,5504,2417,5815
14674,12002,14608,8169,5521,15978,8079,8659,7227,13036,9454,5022,10357,7500,7433,12856,4590,4164,1874,6375
8625,9269,9391,14993,4036,5016,11205,1730,5005,6087,6306,923,8029,1606,166,2168,7871,5386,4478,10567
3569,4464,9139,7035,11453,6214,4954,5020,6254,7287,13456,5449,6007,1922,2418,14449,514,5189,9514,15591
14606,3594,10641,7432,14531,2946,2556,10012,5883,11735,2292,2443,9744,6152,3492,8347,306,11556,7595,6438
205,11098,11781,6051,6865,9077,12261,475,1259,1971,15840,7806,694,10028,11891,6962,13784,13436,13205,14167
4780,8490,11458,11558,4504,13244,4923,1407,6433,4947,13395,11754,15745,16105,15663,6208,13788,7101,3961,10449
4902,3960,3762,10308,9401,10421,728,4265,11935,12574,2004,4821,3189,14936,11839,11525,1591,1929,9403,12790
3506,6606,2297,10977,9929,9299,3274,2981,9823,9205,7662,14187,4457,3839,8546,11356,5592,13419,14433,4167
10353,9753,3482,4408,3218,5641,1496,3602,14837,13446,4873,3901,1949,1104,11736,15772,5656,314,12341,12146
5210,7327,5277,6875,7479,479,11617,2511,9018,12264,6034,13230,9638,13177,7309,7085,7229,6172,1405,6985
12518,4699,8227,10296,8742,6769,2764,15626,11324,11757,14284,4586,14426,5584,1001,9149,11519,6700,11210,3129
4005,7178,7391,13273,4021,5437,7953,7573,10361,2517,8055,16237,520,13329,7465,14845,11408,15182,4275,12821
7356,9494,14664,2724,14325,9367,1193,9687,15886,15682,491,6635,7924,3224,9432,11414,10880,3770,3944,2932
15562,10850,16046,3066,10480,8043,2572,4677,11125,12445,8103,14371,5583,5402,2040,7923,7779,5811,15964,6338
4572,1882,5474,3954,8484,7758,5148,3939,8887,4875,1135,7242,3893,3632,15997,7867,11233,13387,11436,2631
2064,9665,5257,16256,6031,15459,10891,12510,16004,3943,13873,7973,8855,16219,10029,8596,12528,6272,11421,11895
10394,5576,3028,12512,14405,10619,9505,6118,4213,12639,2305,11662,11737,1347,6260,323,10642,13776,14064,1868
12259,3366,11285,10231,7586,11357,15501,8551,13607,6168,10186,13640,1750,5808,8470,5596,12722,635,16091,5319
11367,12583,13496,12266,3543,3929,11921,13467,5292,16358,5241,5723,2904,8681,10800,7325,9511,8879,4802,10197
9201,16211,10915,15517,11295,11526,6478,12827,3377,12289,12424,4634,14232,8449,6719,7591,1128,4320,4609,11727
8299,9473,6984,7788,9376,2810,13019,359,14829,6169,3720,11274,3174,7492,4161,4790,12732,6393,5913,1415
3991,179,726,10276,6679,6406,9614,9070,10844,1574,4093,7384,11024,9252,9576,2561,10529,7461,7288,77
9747,4201,6276,5689,4426,1298,3984,8522,2190,8476,6741,9145,14729,3315,3605,4910,13252,7047,9083,2114
9553,6621,3141,5126,10464,10205,598,3481,13563,13135,7130,12279,14949,955,15416,7476,13880,12842,15537,11134
8249,9855,13924,1220,7699,7778,3348,12428,7584,3636,13774,7055,4529,12360,12685,1361,14743,11960,2569,14497
4024,5997,10160,1149,3831,1356,5078,5847,1570,1653,3867,6476,14870,7932,4676,4266,11799,8231,9308,4751
5122,7087,2942,4547,14533,10859,3237,10792,2214,15323,12792,2757,4510,4121,6163,372,8448,16075,3799,14913
7603,9394,7443,16173,104,15247,2982,6972,15704,9360,5974,15717,1623,5514,8321,7792,4276,12779,8297,6666
14054,2416,11306,2564,15842,14188,3936,14221,4990,15042,5455,7370,5029,13635,5226,274,6483,351,10816,14106
6658,596,5819,1641,6604,9378,4818,12419,13142,8304,2287,14632,1811,3170,3300,7641,15454,15979,9319,10591
12286,7753,7743,10391,1696,12052,4324,920,1904,7176,175,3340,1635,7732,9540,2135,9183,6761,15930,2530
13295,11847,9756,14924,12482,8326,12190,1807,7825,10893,1212,6913,8944,11362,12564,4844,6532,7590,4085,9105
9960,1043,679,12397,4330,15445,9415,6427,137,2487,14959,6550,1716,6024,9521,11253,10581,7064,255,3092
8494,2406,7633,7318,3798,14925,9461,6623,6921,10995,241,8218,10266,13709,4145,11835,4043,3205,15021,9484
7926,146,8130,2203,9390,12115,1151,14746,4898,6844,1761,14366,939,7928,10889,5725,9695,5242,12321,15611
10694,8747,11771,12212,8253,9964,12850,3012,16162,9709,7560,7831,183,11596,5665,8587,3313,4896,5985,15194
9315,13712,7854,5066,12391,6500,9852,7175,1813,11250,4376,9858,3070,1658,8680,1384,14037,5495,13864,2176
10199,4831,8889,4221,350,3725,16126,3751,9893,11350,879,12724,7744,6146,5657,11951,13501,13266,6279,7299
4777,3392,14215,2411,10563,5114,320,6339,1989,4787,7497,8508,3033,12940,11524,2580,357,1208,141,16169
1187,4325,16125,5201,11843,15278,7022,13648,13153,9406,8809,13192,9034,6628,341,8319,8174,5434,4181,2424
8026,747,6948,4860,4795,11511,2011,11193,2098,5330,4007,14842,15972,11154,7993,5025,10898,852,8434,2216
12008,12774,4058,11939,14400,13844,3971,13605,15836,4864,2497,7812,13606,15731,9425,5094,14012,2858,3840,10185
565,10733,5558,6237,3613,663,9044,6527,13565,4803,4948,12290,7876,6792,14700,1420,5384,7250,11886,10388
7450,16010,12973,11814,10833,13039,4863,14561,7489,2751,13621,3609,15861,4031,7183,2081,10094,7132,1790,10809
13652,1714,930,7541,7226,5132,12099,9846,14320,1998,9786,10050,6265,12458,6796,6694,10020,2461,14577,11794
6813,7994,15806,6541,9916,7606,14324,6327,4656,10722,16177,5362,15389,8830,15317,5743,12172,8115,11621,1652
5564,3035,8272,12157,7146,10765,13826,3524,16097,12926,13659,5314,12840,3056,4261,3018,3659,6301,10434,59
7342,10942,472,7620,781,1451,6664,9518,6721,9019,16045,5597,15815,7204,2732,4154,5315,14170,4009,14614
4425,6479,5031,13528,12282,8814,1576,7065,12861,4344,12878,5261,15827,14898,8133,6048,9810,4077,2593,14955
3037,1242,16216,9639,8593,7703,5565,12392,11454,8290,1665,7312,11346,9433,5760,6419,6712,9925,10026,614
915,9333,1106,6936,765,14611,6371,13161,8638,4393,16121,15047,10374,12646,3343,181,8446,13163,10714,909
4197,4465,12869,2126,9938,10233,2369,1985,16102,7348,2351,5302,12143,13176,6770,1791,4484,12150,9618,9003
14401,8897,15280,9013,15279,2524,12346,2686,8865,12127,3360,16189,5174,10559,11969,13440,1385,4550,7485,10380
15567,14453,13970,10127,14286,2920,6843,1890,7671,2415,12833,5459,13057,9826,14587,7057,4432,9595,3036,3592
10709,9320,6655,13307,7009,5096,12633,5039,1718,13769,918,12116,6863,5850,1588,245,10542,13210,11555,118
4598,9772,2812,5778,15282,13732,6776,15821,6471,7241,1953,14969,5112,1650,10738,706,1556,10909,12884,11426
8080,14755,10601,1041,4888,5802,7123,4335,15521,7832,15660,12704,11774,4392,12939,12535,9232,8203,3404,14432
15858,14110,2917,8532,13937,10672,2675,591,9889,6809,2038,9901,11052,9363,4485,5846,1179,7656,1101,783
15555,3764,10420,6680,15809,4626,5404,9705,2393,11938,6955,2395,9,16340,12425,13830,3192,6153,9219,1886
15991,7077,7044,10555,6983,9000,10556,5253,5349,16315,4554,5303,7396,6845,6280,15291,5807,6252,5545,6150
7233,12503,7647,3097,1422,5806,11020,9732,9063,6889,14018,1964,1940,705,7120,13018,5982,3284,11179,2798
7505,12440,6441,10122,7642,13766,13070,8726,9832,10397,4966,5441,554,5820,15630,7232,7049,8267,9381,12276
6839,10147,7583,2420,12273,10509,14911,16186,9357,6382,7783,7673,11533,1686,7224,4051,14827,2753,12009,6288
14947,10299,5354,4543,7577,11559,1510,2097,15292,8480,4716,2761,2230,13063,3661,3358,12507,11065,10962,13973
9365,7096,6646,10953,3451,15378,4701,14730,12920,6949,4800,4646,1126,3436,7357,15101,2891,5823,13604,8250
717,13236,8039,7507,4394,250,9999,15251,4003,10307,2656,14022,8662,16032,16112,7015,9582,235,7899,10403
12529,16076,1493,10364,1490,16053,6508,6558,8339,973,2175,49,12810,11153,5706,11119,13239,9264,6670,15426
814,15492,8395,12320,12996,14960,9290,14476,13397,15387,6467,6582,13137,3963,16195,14001,5271,15147,4523,1379
9192,8327,5446,10120,197,5012,12308,9624,1733,12511,7980,7284,15131,6629,12305,7499,11156,11126,5155,3380
10486,13995,12691,14438,3918,9217,7262,12863,295,8443,5964,11332,10867,12311,5403,15612,3674,4079,15206,6179
9531,10046,5167,12378,15795,14123,2987,12812,2456,8774,8682,6389,8270,11201,1888,4985,4841,16172,2963,9904
16021,7280,6744,13262,14739,1649,5442,5370,10985,5968,13539,9953,3214,11225,10248,6881,15741,16366,4105,482
14978,10481,7739,4406,4399,2332,14186,11026,8463,10022,347,2457,8941,9835,9408,8517,11599,4842,7961,12683
4300,5240,14026,8064,3547,5466,3357,15595,10832,10422,5130,11792,14039,4968,2308,4466,6856,11365,6459,3385
7264,6602,14718,4274,3866,12240,14576,89,9800,418,12142,14727,14245,12042,12,178,14935,2291,5719,5789
12663,14146,7524,8891,11175,3757,1427,6944,9579,14191,9783,7052,10606,4143,5282,14803,5414,2843,5041,9188
1624,11689,2668,1487,8409,15550,8582,4970,10415,7337,11580,6661,1186,14676,10609,15066,16144,9156,11974,14821
2060,159,3190,12956,2728,8390,2343,8241,2030,2318,10586,12578,1269,8842,11047,14559,8173,15700,14892,3619
5264,11141,8455,11112,11741,14103,15242,9167,3945,401,16185,11996,6166,13040,3396,7709,5336,7755,12450,7018
9138,7073,2516,10749,6233,8600,13269,3638,13982,6850,1282,1519,4048,12755,5313,1517,14893,5338,7536,232
11913,3286,6134,2926,13096,7572,4933,11118,5179,10783,9422,7473,15220,16305,14226,5249,1578,15334,3406,1631
2727,9382,9587,6329,15374,5293,9004,7468,7566,2818,12594,9487,7236,10331,9231,12269,5857,6449,2582,8686
12175,5600,14521,12937,11172,9714,13306,6448,777,3835,7914,5215,1749,2859,13460,3078,209,1846,1289,6632
14529,10423,8234,14540,9064,6751,12043,12235,10216,7616,5381,11521,1252,12435,10790,6717,6917,14328,15953,438
9352,8743,13558,217,15032,3152,1697,996,14024,13400,1088,6888,5746,15654,8087,14372,10906,670,2857,12041
3721,13453,14708,14778,11518,11082,7691,5289,14597,7147,8095,11973,14373,14593,1986,24,9694,12655,14094,16367
5848,8054,5683,13693,11148,10159,5512,7385,7881,15114,3371,12747,557,10203,5516,1743,1100,6976,5110,12255
964,6244,9684,15235,8570,15064,1610,7849,10900,11477,9957,10492,10644,4893,16269,8562,2276,7645,6785,9620
10835,5852,1634,617,12376,10376,4306,10031,2890,12013,10157,12067,14448,11036,2799,13564,2087,15124,872,2651
12025,10655,9722,11722,4713,6937,2272,15118,7477,9913,7422,10688,14586,13972,11021,10802,5647,10183,7247,9591
1916,11786,12354,14225,15614,1512,5182,9673,15872,1489,8671,8619,14556,5754,558,9784,6946,2099,11995,14261
684,5940,6631,11644,14567,8609,5602,9956,2428,16179,4549,7194,9309,15938,8783,4420,12626,15687,367,10911
11268,13281,3112,121,15077,16074,1137,3781,10189,8040,12020,10959,6056,4182,749,4520,12205,10360,1097,14145
9227,11668,7824,2311,10270,12623,12963,5490,8154,12558,14058,10329,13261,7424,9224,8843,13737,10826,13843,3709
4587,1138,6939,10309,1746,12485,6915,687,12601,14082,9897,14185,5333,6236,14423,9181,12608,11404,14629,8886
1632,625,7574,2263,4227,9096,6437,6502,14539,13762,10281,12966,4568,10036,112,4082,12882,7658,4672,3790
12621,3966,16260,11768,15770,2801,13561,15794,12987,10221,2737,6268,10092,12854,15265,8665,12409,15310,465,6669
1639,16313,6963,4141,10899,1348,388,6908,116,14929,15472,14445,11050,7502,4786,7829,11088,8239,9765,2342
12527,11918,6935,13963,8089,9558,692,13780,203,14138,10110,16094,3786,7164,3754,13739,2501,8439,2752,3657
6105,10073,8922,7440,16271,8229,6347,15544,2699,6452,16040,7005,711,10228,710,10235,6610,9399,3624,8821
6447,9072,5601,325,9142,4592,4413,10604,2613,14194,1563,13623,7445,7654,7889,5595,12889,3042,11415,3240
6692,8529,12110,14697,15498,12496,8027,1845,14119,9384,9501,2344,15834,7907,15321,10912,10213,4569,7495,14543
9968,11101,2350,2482,8904,14684,360,6977,8549,13044,1828,9226,11181,4946,6456,12580,11232,12036,11386,102
223,10958,15884,14573,9168,2347,1962,1501,7838,3749,3511,1268,15390,10823,4571,15448,15061,3772,8687,772
11593,1322,11424,13777,12568,10023,5962,4193,13031,4794,13548,12227,13626,5927,1311,8504,16049,8364,381,7715
13853,488,4895,2079,9033,14841,15666,3307,12881,3748,15455,7376,11692,3627,5875,7119,14462,3740,8471,5925
6894,11146,7320,9700,533,7252,8222,16245,6462,9185,2828,10578,11231,15487,5353,7706,14626,9455,8699,4732
11447,7565,7084,647,4796,703,7858,8518,13981,638,2493,5993,6978,9286,7915,1679,7820,2036,7011,5781
13015,6139,2070,12781,7841,5693,14195,8610,10629,7051,8880,11139,10115,8397,6905,14740,296,702,1894,10310
7908,7740,6619,6565,4297,3947,1019,4226,12825,15244,3676,13583,3934,9316,3453,6922,12677,13654,3446,11383
1283,3252,139,5263,12472,2374,6932,14578,14209,16309,10125,3472,14882,14104,8574,13173,15505,9359,8497,9874
1833,1058,10499,15422,12918,11335,4647,4705,10830,6394,2844,9152,649,13228,7486,10257,13600,2919,87,3165
11030,5042,9676,12012,5444,11934,6802,8466,8035,4032,1695,8987,14612,11655,14880,8126,11928,2608,11804,7839
7826,12754,5747,9586,14515,1755,11798,13540,2943,6021,8656,12684,8691,7587,16332,2505,7622,4694,2225,1815
12898,13296,8097,11483,6790,10377,12479,14728,1667,12344,10368,7417,334,3550,11926,14514,6011,9446,7661,1224
14506,9596,1685,15519,6464,10776,11482,16249,4857,13089,1374,13882,6734,7816,7091,3416,11965,7847,2206,16093
11407,11068,9674,207,8792,3973,451,7612,7373,5428,8385,7092,11392,9477,7821,11800,9456,7349,4911,7032
7240,153,13468,193,15110,7483,3490,15926,14092,10658,14549,7338,15900,10820,2248,3055,4853,12476,14933,3910
6703,6270,13811,9969,6216,8058,13855,15267,12407,15587,12990,14859,3239,16348,13819,4979,7851,3684,2039,15692
12017,2948,7964,4914,15051,10550,10010,3562,15848,196,7286,8572,2171,13441,8205,8603,1113,5955,6256,7685
7960,11613,9445,13625,15024,8264,16363,536,3877,101,10049,2231,14885,15634,3403,11207,4317,13025,7004,11504
6271,15998,5307,9894,12197,12903,1418,688,5550,7687,2717,9116,11793,149,11325,14006,8020,9804,14305,4809
7001,148,11861,5259,623,15751,1594,14333,15708,9088,14642,8171,8312,5796,15395,10869,7594,8953,935,1961
6439,8937,12024,12274,10648,2196,16159,387,10477,15217,2447,2423,14976,9672,14491,5055,3250,22,9289,10692
11053,3398,11071,7127,10409,1647,907,5439,10624,4546,3202,2971,4337,4640,4693,13360,13248,10782,6391,4874
11597,12640,4117,6627,2498,12595,13218,11228,11307,6373,11699,7818,11764,6914,9306,8367,5950,13283,7282,8892
16222,14309,1514,6900,6077,14703,69,5462,3742,1848,15712,5901,13320,16128,13735,6185,476,6112,1241,15904
10858,13940,1507,2951,12293,11550,13986,4090,3294,7002,2918,4538,4450,3254,2352,11338,2750,7415,7589,6430
2101,8430,15514,6397,12357,5255,7875,5980,4686,10877,4746,7155,3277,14957,509,7023,6103,14168,7968,2865
10715,13722,14260,2132,3175,8591,400,2735,5488,15572,7609,7189,11480,4731,12799,2721,10007,12010,13793,14594
5580,11371,4382,13956,5930,5088,10093,11930,4099,4704,13905,8713,13611,4431,899,4662,8820,2638,2788,12735
4997,7329,14772,10039,7984,12134,788,64,5367,13434,4797,8620,5158,8932,5888,6141,12737,576,13796,8016
8427,11777,2489,2027,14802,3626,7421,13773,4799,4575,4689,1234,11827,12733,15400,13270,9766,16334,957,11640
12826,2235,11388,9906,6612,15911,7852,6898,12991,961,10695,15174,11281,56,7508,8684,9884,13794,15274,15166
6828,9017,5538,1924,727,7804,7080,8208,145,5691,585,12616,10796,15613,7651,14575,11784,3703,8924,8401
6336,11373,3701,8540,5100,317,11660,7188,958,16380,13987,10381,6860,8167,9635,6754,13341,1925,6521,3726
910,2181,2088,14855,7619,2592,6005,13110,7212,11006,11966,12166,8389,4650,6267,12125,5075,11265,5394,13888
6583,1184,4776,12156,15981,8088,2820,9900,834,11078,2384,14169,3327,8000,8615,13618,4283,6821,15984,5177
12439,12971,8314,11779,3412,2692,14411,8445,7991,7313,3025,6486,9879,16006,11541,9256,7251,8237,3312,16227
4131,6142,12984,7441,12705,12362,15283,15574,8989,10528,3838,11496,4822,9793,2045,7100,5049,9856,1951,8698
10781,3571,14758,3475,16374,2955,14866,16253,11188,1215,16248,10697,8382,8775,5876,15920,9629,12148,14139,10193
8530,13642,15404,13117,5417,14542,8531,6116,13633,10071,4123,3291,8145,5105,11683,9423,10527,12098,11931,616
594,8301,3209,15845,10326,3046,8985,13699,2539,7976,2979,3760,13753,3587,15801,124,9720,2056,13608,15290
12947,14353,11500,4180,11512,12090,10086,5768,3375,2483,7811,5541,6713,9542,7285,15768,3845,11472,2628,9954
1225,16281,436,11598,2771,13354,808,10713,4340,7156,11775,1168,14938,9418,3778,9873,4329,6331,10272,6831
2317,2057,7102,13892,15833,4453,6503,9228,1275,4719,2811,2643,14709,3107,6548,6957,13317,4081,14706,14812
12804,13787,12658,8763,5382,11224,15268,11283,466,3876,4542,6098,5690,9490,11570,2324,2373,7472,10663,6791
7860,12239,16242,2441,3972,10804,8062,441,11318,11115,12201,7951,7464,7116,5916,13014,7906,1367,10610,3557
9239,10304,1199,733,15085,9682,383,12771,4735,271,14992,13782,10635,11256,15004,15671,5407,13115,902,13602
10545,11132,5918,12894,12948,9745,1255,6909,11940,3607,12487,14887,725,1897,1463,3539,11844,3466,3486,13772
11997,7358,3147,1945,14351,11257,9743,10679,9729,7438,4396,8527,5557,778,11246,14204,8371,14908,11813,9416
10705,14250,6410,10116,337,12165,6491,5051,9194,12497,8666,3806,10952,11360,453,15849,10595,11730,13112,3765
7410,10489,13213,13814,5499,1221,12899,11837,8235,13272,7765,15727,2813,9358,7677,16150,6659,3122,12703,16113
6009,12924,4962,1469,11620,13099,490,1423,11992,6874,13333,2026,5445,7170,4103,13335,5532,8440,1863,10470
6361,14270,12887,14133,14770,13643,3857,13480,11917,13094,10533,5409,1708,3208,7592,4696,804,4447,9178,9032
15536,3750,3217,13287,6714,5073,8298,5784,3830,14129,13214,11390,1934,14124,798,8031,1290,8674,12122,10070
5678,3427,4313,4071,11189,13086,14028,14205,4813,12489,129,3302,3885,8307,6906,989,10505,17,8646,11696
1946,12761,425,5707,9332,11191,6160,4034,9776,6346,10841,11150,10562,10032,2996,15233,16356,15108,4241,7359
7726,10934,5393,12124,12682,4390,11538,3889,1447,2188,11475,15967,13576,11085,5475,8722,2657,8813,12500,9235
10522,9667,8976,9660,501,16257,5492,13108,15975,5991,15254,7498,10457,11766,11316,4298,11531,579,14795,2063
2931,896,5673,8712,8251,3378,11051,5373,14412,5477,3643,1102,8669,908,5732,8313,12845,8273,14902,13756
13492,2186,7581,13212,12650,7361,12523,7905,15564,5928,13936,10178,9043,4562,13916,14154,5608,9995,15961,9528
8363,5052,8831,9421,12179,10255,16174,266,876,10135,8061,5845,15072,5395,1377,11375,7863,4681,3883,8588
7817,1310,11446,3135,8901,1157,5339,1000,8569,13554,5577,14722,14227,610,9975,13915,5291,6699,1362,5157
2523,10894,8288,7655,2630,11962,10568,2964,9489,802,3350,9069,7478,6572,926,8370,8697,8862,2881,1752
9847,6732,11298,3485,8468,14724,3903,9090,1380,3474,9271,14165,16321,5070,2335,8086,14588,5772,1396,6738
15908,13656,15431,15799,4718,8751,2421,11530,3159,4564,14344,7143,11836,2197,6463,11770,7420,10507,11528,794
12483,1236,10701,10964,3870,8131,8933,12813,9400,10525,2893,10082,2587,4852,14785,1819,12757,11140,7029,5755
13343,10143,2295,8560,13409,9140,10940,256,11372,10114,4789,9444,1554,4496,13510,9779,8122,12218,9067,12277
7955,6481,10484,7782,10219,6411,11734,7321,11279,16226,7904,1267,6450,9176,8393,6353,4771,2691,7039,1046
9921,9440,2995,14249,9883,13817,16078,3617,13808,9478,11535,398,7896,2745,13293,544,5578,14147,2154,13825
3745,11413,3686,7245,5672,10754,13589,12193,10443,5659,12753,14953,8558,6682,1615,6012,9632,2992,5009,14777
3114,5014,10045,12615,7118,12237,2095,2815,7911,6177,11788,3081,160,15702,7152,15408,15511,4270,12837,10240
8559,2360,324,9837,11746,9570,9062,15126,5898,6035,719,12129,10261,11685,13572,6668,16190,7402,8118,3965
5062,12823,4250,1209,15812,7529,10371,7400,10208,13918,11866,5053,9123,228,11678,10793,9933,404,9492,15729
13043,5831,6577,9349,15662,5046,9809,8683,13396,14391,1691,624,201,11864,10327,8354,4680,1164,5549,10021
9039,10278,6904,8045,2744,7345,6273,10251,5520,6907,12443,7995,4186,1701,12492,6980,11619,6070,5072,13256
7439,743,7263,1566,14478,16145,16200,8929,6540,12404,551,16060,13955,3531,261,13584,9011,4439,14099,13438
14436,15373,5392,14456,1941,13264,11461,12555,6720,9983,13355,13588,9143,2526,707,9517,1672,10431,5388,11057
1880,13454,11158,1117,5165,5135,6079,4098,4052,10152,10593,4657,14965,15075,8338,9343,9869,9488,941,14113
5894,9272,10245,9254,13930,14950,14555,3601,9930,14719,1734,4205,10819,7104,14574,2714,2103,5671,2575,4222
8923,11299,2464,4953,301,5287,6762,12223,736,5694,2310,14218,12136,10099,4109,15786,10436,11467,11957,962
12745,4924,15559,7666,7056,8159,11238,8519,8134,236,16025,4518,15618,9637,1185,11136,12866,774,1767,8424
5851,12330,15593,15728,6987,384,11212,14228,16107,12736,3773,5909,2863,11729,331,849,11681,5262,12635,299
12342,3043,12468,521,10136,9924,869,9844,1331,650,5605,3593,8647,721,11416,10258,9435,1840,1834,5560
15792,3319,8438,13542,3900,15078,542,12441,7958,8714,8975,13778,8163,12053,10154,6526,13146,216,8510,10571
13549,6715,7107,10654,4724,1827,6300,14851,3732,10275,12152,6144,98,7526,11202,10008,8894,3604,3769,12121
10647,11420,7767,15465,10643,9882,11595,7623,6974,1518,14490,4683,6080,10363,10515,1889,8292,7936,15942,3623
5508,2089,9963,9922,7311,8642,10429,9994,1192,6186,6210,1579,14678,9888,14061,7414,15000,8859,2568,5209
15143,15549,10664,15686,4605,10168,13275,2193,2840,1288,11399,14997,3977,6282,8575,6317,13866,7882,14602,5318
247,13109,3852,2777,15157,15319,1704,7531,13047,9214,5084,10383,14647,9080,15295,2654,14329,1542,5830,12598
9608,13691,14029,2437,10786,3495,6107,14825,2960,15333,13758,4490,14503,4364,8498,14336,1056,2785,863,427
2453,13957,1776,11419,14846,4960,10526,11603,15689,27,15546,1642,6967,15655,4765,463,14379,14238,7177,15944
8405,10283,6239,1605,6518,3860,5214,5986,13178,11907,11243,7774,2329,13515,5687,11936,15288,11152,4600,2138
4284,2626,3139,1425,14741,410,5648,2232,7258,1066,744,1586,8078,2353,10001,11904,10451,3850,1677,13389
10521,7393,11983,16193,16327,1698,4416,14780,3148,8108,9836,15354,5589,9607,7218,7109,4386,2194,3630,7842
6701,3376,8008,13336,15243,12382,9479,5143,12668,9915,5173,14633,14979,8883,9486,9525,6167,2525,10454,3369
13085,5234,4576,14495,789,2227,10901,14441,8916,12415,6722,2758,9575,13338,9861,11122,16101,14487,5316,9457
10060,4101,559,676,14424,7506,12072,2866,5423,7409,9270,12230,12773,6191,10173,8789,1814,4092,13917,1645
14546,15173,7334,3032,1059,2527,5023,12200,4322,2285,4517,2702,1515,5061,7333,3722,11571,8214,2397,13476
14283,13385,1719,15955,10366,2059,14303,8447,14998,14665,3258,13869,13166,4245,13180,6038,9792,6829,379,12817
13904,13910,2676,10392,5239,8296,7355,15308,2787,4955,16133,9166,11330,3193,12410,6284,3942,1260,5555,10913
6289,4977,96,9903,14382,483,16088,12065,4619,987,13746,10156,6113,5586,3759,16152,6872,12111,13452,11854
234,1031,6340,7456,14296,11803,9651,16095,5774,16225,14318,13299,7142,2871,12902,15716,5709,15865,9689,5733
11003,12066,3456,9890,15464,1240,9592,7694,4404,3373,9281,10065,9719,9220,15506,1728,4495,6812,9996,12715
556,6544,2302,5756,5575,1218,14747,12734,745,13004,11654,969,15213,14786,1010,13050,9914,13708,2622,9047
2808,10895,12348,7999,15557,15116,998,8964,13372,2365,7095,8135,13489,14869,277,7564,1520,12800,6517,689
462,11443,3711,9195,3653,8375,9977,9405,14150,6709,8868,4775,14863,1351,2855,11763,7140,4522,327,2677
13237,9107,9733,1931,8912,8357,841,5146,13754,5581,4476,8874,15154,14166,7922,275,13357,1839,5311,3462
6197,9750,6367,12295,13969,1559,1475,10972,10824,13556,8882,7537,468,8952,15457,8202,8784,11398,11646,14604
15011,1436,7761,2901,9342,16064,13950,13617,6775,10812,4405,13946,9324,5716,2937,4378,779,6096,7030,11592
7931,4793,14395,522,15604,10091,5397,12161,12692,7551,13614,1327,3450,4157,9802,11395,13301,355,16311,13512
510,14302,14406,14689,6887,3671,3937,287,14156,11724,948,12014,6885,11664,7596,13217,9681,9547,1293,11828
13879,11196,6931,14790,2506,10811,14389,7893,7008,10332,6934,14271,851,4899,15192,11216,14749,13183,15736,2710
2069,7897,6702,15014,2362,505,218,16111,13525,13305,1958,4577,8648,2772,4199,9002,4001,15406,3862,494
5988,3697,11615,14341,2,8013,7556,177,1025,2431,12015,12130,14349,15142,8406,14356,535,14621,5337,15594
8515,884,3127,7187,2537,5507,7331,14630,3925,15730,10618,4012,11444,13114,12109,1724,5782,9496,3964,1876
9599,10340,8942,13824,13477,12919,14108,14416,2209,8613,9300,10757,1465,10918,9718,12093,16080,936,358,4268
9075,4508,3873,3465,2470,15699,10608,13971,7196,12192,1251,15063,7741,13715,6979,13136,6101,1198,8165,10042
4817,15485,12336,15415,9712,15429,1004,11081,8509,6869,6511,4049,2644,1892,3304,4929,9685,4239,10328,12064
5620,1769,10993,14434,9020,10615,8365,14431,11508,784,615,9449,11507,15945,15181,10728,1581,7382,108,13422
5839,6350,8197,5465,7801,1599,15226,9949,10291,4868,454,14982,15735,3898,1778,13164,10856,10444,12039,7996
1434,6149,1116,15228,8306,12949,12351,8779,2425,11633,3133,16217,12022,6226,3100,9820,13049,4972,12994,12303
8457,2279,3967,3430,9482,5546,13308,10612,4814,333,3454,2743,3573,14928,1145,14230,8236,3084,1636,15127
3467,14582,9526,16129,1304,11817,11164,8807,14203,4779,11910,13949,1076,1456,1775,13223,6190,11523,3724,8377
9819,12976,9816,14995,13366,15083,1249,12930,8896,6855,8450,15678,5791,1270,4755,5917,11133,15950,12271,15835
11673,8930,13347,4309,15943,3334,3869,3693,9905,11001,11121,8099,4668,8247,13093,1054,14688,11493,8900,11014
11320,11491,4897,14692,13074,11759,3541,8243,38,9025,8507,6797,11758,12451,13326,8105,7381,8812,11887,12694
5832,5762,10476,7810,2052,10988,5727,9987,4688,9298,913,1416,4480,5535,16079,7919,13126,12613,14560,11942
6454,6290,1292,15540,1851,9136,15661,8918,6029,5481,13420,3610,11391,10923,9429,10646,11128,7613,12491,14595
15771,8056,5900,6725,8391,5994,5010,8650,3206,8655,8737,600,3120,844,1773,15527,3872,4949,4112,12712
3864,15255,2366,15684,13061,6654,1030,14422,9485,10069,15778,960,3881,1176,14541,584,5457,8760,2984,2707
13131,14552,6328,6195,9978,10740,2616,14213,14315,9502,12034,3919,7751,9644,3241,14252,4988,1937,2617,11707
11795,14220,14945,1165,11397,5235,10794,3346,5298,15734,12831,9052,2179,9723,14083,313,8797,14852,14340,5198
15209,7380,6425,15584,7098,1706,606,8876,3432,6579,2241,5204,8617,14816,13403,11345,10243,7775,5522,7277
15711,8919,11387,4840,8209,9877,7028,4907,5247,11321,14765,3892,3168,671,14699,11505,597,6545,14715,396
12023,5068,2131,8305,8649,9041,4503,9556,10284,13534,14566,7635,1358,8846,4196,7768,8734,11695,15919,7521
2134,2589,14330,4916,10534,13345,5419,10690,9297,125,6390,10818,13877,13836,949,1564,12922,13632,8329,1914
12178,8266,3516,875,10005,938,5697,6651,9099,9058,14312,8277,12885,12943,15105,157,4072,14787,7110,1373
8548,15056,14098,15596,7185,11406,2578,4993,10616,6202,14636,4581,12669,515,15986,13657,3809,220,6431,6404
7674,3140,2002,15553,1721,8491,2300,13592,5074,14067,8413,4570,11329,14151,8521,7866,3221,10430,5770,10393
880,4652,6877,12188,4674,11641,13493,5519,9693,13541,16336,7898,7451,16149,9338,2212,2490,2204,12211,8584
7484,8381,11893,12573,547,11677,6395,14361,826,12315,13122,7705,11872,2754,15119,9507,8844,11584,13603,4027
2554,1364,11825,15045,11650,14518,4750,7267,16247,14670,8623,15015,8383,1865,10838,8836,12848,14865,698,13522
12484,15162,14897,4927,15571,7248,6678,1779,10853,12627,13671,3753,4100,16349,13405,1301,12886,7308,2499,13527
1328,3361,67,7350,6183,6529,12700,1832,9171,8608,9068,11432,15474,4461,11698,7935,5561,12058,9567,8075
9437,12819,1086,4607,8387,7,9109,14994,11537,5328,7435,13124,12661,8083,12417,12299,16065,14891,8823,15783
15444,3422,15286,8654,12284,13977,8778,10112,11117,13692,4643,3642,8282,12738,2162,6807,340,11194,517,10799
11213,2130,10314,6316,2096,11703,14375,6352,8021,8723,11607,4599,7916,2534,3232,9500,7520,2793,8670,11040
10466,12047,2967,8791,13707,42,9926,15532,7199,2604,12625,8346,9296,12442,9870,12107,10759,8142,12539,5505
12083,11687,2245,9091,13229,15739,12541,10879,637,7253,15384,6708,7211,14189,1758,1439,11412,6916,4865,2355
14613,10130,2972,8333,7326,14679,4365,15052,8444,13349,14196,8597,9035,2671,6408,14367,11630,1386,1593,8146
11990,12154,15165,990,11457,14390,13857,590,7608,6902,8810,1689,7969,3514,13254,9973,12119,10426,4443,13764
7766,8577,12549,9702,1825,7458,3236,34,5483,3309,8112,6156,562,8770,11339,4207,11012,12493,16141,15179
5644,12001,5539,13975,2928,12288,7962,954,11343,1532,8848,12312,8875,2538,508,9260,9200,906,10845,3906
12970,13474,661,4224,11743,2066,11787,5371,9738,16161,10103,1713,3061,8708,3227,2448,4280,11802,5346,11585
8283,9210,11310,16214,8514,11679,4063,5045,7686,4243,11572,12809,12291,2184,12249,2535,13083,4766,12701,3126
5331,1433,14493,14285,12379,9040,16110,2760,11723,6384,2991,11095,12006,881,13990,8503,15190,14838,4452,15480
11293,9630,9564,4091,7939,11647,6409,7567,6277,5829,1628,4472,15561,13959,3342,6417,7945,1546,6816,11656
13029,7446,15814,10129,7131,12285,5536,12981,5639,14789,5699,3644,15158,8563,9375,128,14280,15813,8172,13028
13011,12427,12195,11276,16061,11594,12959,10448,856,2434,15152,7593,1795,9317,5085,14281,2609,1400,4781,9263
4264,756,6663,6165,394,12100,12680,14013,12486,3455,1473,8566,8706,4208,4217,4409,8260,3501,9887,10729
6470,1988,3990,9121,8,3689,9645,11041,455,11124,4318,11842,10607,4556,5891,11807,15437,2860,13148,8256
10516,15804,9541,7892,14736,10169,15932,16086,5218,9386,9976,10325,10623,1898,13159,8867,15600,13198,15599,12720
8360,9350,15774,14958,9970,12749,3620,9767,13958,8263,1502,1523,6804,15261,1015,4074,15488,2874,14136,1955
10992,11470,11008,12105,6209,10172,5750,13494,3067,16043,2687,2547,11106,5670,7471,4702,9010,43,11377,11260
9187,12278,3088,9023,194,4234,13370,9962,3069,4169,7745,3897,11675,9393,1673,7068,14737,12307,11725,11536
14505,1110,1715,1857,15718,3784,12893,8675,3469,4740,15590,5919,1545,8652,344,1303,12120,7228,14362,13222
2430,3470,13834,4256,6189,1346,10342,12473,7696,2836,15888,13455,9304,210,608,2550,7093,1622,10510,3154
8415,1561,2280,11829,15413,14796,2627,13260,6215,12029,3216,11719,7704,8492,9310,16018,12062,586,4138,14488
15036,552,6520,5970,695,16266,10590,12168,14942,15637,8150,11347,9016,1612,11104,7139,14199,14095,3058,135
13884,8496,8217,16011,13948,4670,4756,15973,4944,7413,14014,1883,10051,9993,12470,5981,12371,15907,8564,4384
12582,5859,6811,11351,2923,12769,1026,12855,12296,13098,8442,2853,11717,6728,14745,15450,947,13829,1551,9261
7949,8458,9170,11305,15903,9617,2999,805,13526,7368,12803,1431,5141,10907,6787,1959,10472,10121,4130,9824
11765,9424,1190,10450,16232,11608,15714,4160,3589,10982,9866,7082,192,15681,14948,12363,15128,4060,14649,6779
12637,1978,4097,10384,15573,9295,4057,7823,222,14980,11349,12434,8091,6302,13850,11816,4307,3339,11226,4010
553,10295,9934,4926,13845,7221,6933,11176,12374,8928,866,11823,3173,15539,13300,3499,6424,11705,5978,15652
13630,9801,613,2211,15186,9087,10064,15038,2454,11204,14565,14403,3384,10149,9619,5197,2854,3755,3463,11363
6536,1683,9862,9566,11290,11369,16320,16153,11948,11863,2394,6228,364,10938,14912,11979,14815,2515,4269,14259
8175,12784,2085,7293,7599,5677,15273,9731,4872,14640,10239,3716,15610,7133,11977,13700,1651,12530,5650,5168
3913,12475,15791,11815,5638,3800,3651,655,7270,16096,14835,752,3387,7809,7026,3568,820,11110,3956,1735
16066,3096,15342,3434,12758,8725,6343,15533,78,1859,14918,545,8342,9101,9980,13672,15163,4690,9037,15191
1492,3144,7947,4108,1597,8951,2469,9275,8467,180,1421,5102,9190,12242,3959,8957,2055,10290,14823,13169
3270,12618,14820,11100,2749,9211,5943,9771,7452,10945,8161,7791,14246,4934,11087,4229,2755,2659,13574,14178
10752,111,6234,12394,3388,9045,11943,12570,5326,10174,14030,4611,3861,6100,1676,11214,9967,10680,6603,771
15874,14618,8422,9410,10369,4528,11167,5757,4308,6293,11894,10939,15864,12830,9830,8984,8073,9053,10496,10218
1321,12356,9301,11452,4938,3372,4087,9125,627,11252,4630,10768,15054,8899,7105,5180,8194,7305,12693,6763
11643,8404,10656,2338,13235,9726,6638,2282,15807,12215,2465,3705,8284,10338,15912,1763,10597,12554,12082,10822
3071,2463,6357,9646,9663,1079,8310,5924,11262,13908,14090,15285,1975,865,15167,735,8168,4114,5798,9679
3164,2930,12760,2183,9493,6147,12406,4987,1820,4397,9972,15224,1797,12263,6943,15528,1786,13935,991,12393
6081,5971,12516,13538,4304,6125,433,12550,4230,2165,8028,493,65,2850,10514,10362,6675,10842,6533,4263
1541,285,6968,5244,1928,5274,9990,14276,7503,1453,14698,1530,4501,15200,6597,8318,5637,16008,2637,5977
10681,11587,14701,1,11062,4214,10716,6981,7045,11437,10105,15135,11033,2941,773,3678,15747,642,6110,1919
13524,4328,13417,16344,10910,9698,10919,7714,2848,12137,15419,14622,33,7038,316,1432,221,10292,4667,12883
15469,6122,12904,13833,12843,2244,14598,13120,2553,13831,4654,4252,9533,4041,1037,9499,9942,12306,13551,3837
16039,9305,16139,3435,2887,10640,13075,14532,10163,6504,9577,10171,5634,224,4747,4533,8505,14241,11192,1277
5379,7519,1254,9028,11565,4359,11401,4806,9917,5825,975,1287,15481,16231,13821,6759,14126,9276,6746,11300
4088,11574,13768,7174,14651,4102,9654,10699,3024,3545,4352,15414,3473,13144,11604,225,6842,10273,4163,6683
9730,12914,6332,11925,3517,12236,12748,5186,3271,9293,3744,13870,3352,12832,9244,3579,7275,13303,2090,6097
673,9197,10015,10751,13424,2325,7404,7844,8550,15084,11688,2377,2072,25,1129,10440,1692,14788,2215,13983
6964,12675,1684,5531,13463,13840,8225,9778,19,14750,15761,10043,6015,14769,10090,1809,12977,7850,6975,11449
2697,3145,13761,15079,10634,10502,6094,8950,10359,15185,14427,13597,12875,12706,7301,11355,11568,9233,13944,352
431,8998,14767,11105,8330,13034,9690,5347,3833,12590,439,7513,14872,12275,15976,14501,11980,1309,5585,32
3618,5805,12907,242,6033,13974,457,5342,14107,14909,11178,2123,927,3785,9476,2455,9207,6920,589,9625
5387,15592,3231,8961,5208,14792,9998,8805,4398,10947,2340,2976,7944,2167,4469,8109,10963,7255,14467,428
4136,15545,10277,1055,14208,2549,9512,2119,13386,10929,15838,7339,5361,708,7920,1887,8945,855,16030,2112
12332,10370,11251,9886,14063,14386,11151,3251,6777,10762,13488,11234,13731,5238,12717,13901,8179,8356,8715,10497
16016,1960,4615,8190,9370,6196,14297,12328,15570,8350,15548,15383,13373,1680,14763,1637,972,14217,15177,5666
5809,6840,9054,6753,4791,1482,1357,2074,5163,8730,14502,2606,9303,3580,10435,2614,6355,15825,13689,6010
15495,1099,5884,4235,10584,13105,8955,8139,10501,14429,720,1483,8839,4830,12559,16142,5792,12985,4982,10106
12231,13068,6516,6298,6396,10572,1247,6911,1620,9515,9585,8198,9658,13381,8334,10569,13350,6059,12751,4992
1770,3405,15780,11337,15688,11860,10111,632,1089,9817,15397,15022,9117,2159,12182,12690,8423,7667,420,4194
11402,4379,16303,9919,8063,6067,4147,4183,7388,9910,4278,7324,8667,1417,6037,959,15863,252,6068,5405
13375,4833,14,5034,20,7135,6525,2234,30,4326,4535,8800,10531,9042,13860,4915,7208,7205,12764,10917
2954,2033,14482,10256,1152,103,10474,1042,6283,10214,3410,13677,10118,13331,10155,251,2933,11588,386,227
14634,1499,79,13017,15099,3419,4845,10791,15225,9206,4008,7243,13896,1061,15543,5364,10926,2938,12532,3368
11920,16212,13152,770,10737,13321,2218,8533,9774,13168,12322,14783,11867,15129,13291,1173,12955,5674,10710,11058
1278,7200,7379,5406,14836,3016,3509,1429,12858,13650,8727,2607,9605,1543,10316,11855,15703,9106,16347,8658
13609,2571,5908,15018,10772,10227,13759,11046,12746,10543,3305,751,3886,1326,6727,6681,10390,7222,13785,15839
2639,6982,8963,14831,14702,6442,11583,1158,12988,13289,13912,15507,10075,10983,12710,12260,9769,1022,4430,4271
11551,9120,732,10113,3920,15005,14717,2082,8632,13141,10847,8758,9594,6386,9746,6648,8483,15473,3444,11716
11740,5140,11425,16130,12387,983,13325,5103,4134,5786,4792,10080,5038,10402,11874,6315,16280,5464,5544,7150
9622,3002,4936,8479,12059,12194,13913,7702,7956,8878,1969,14977,4567,1484,8863,3296,8938,9282,672,12061
14060,16262,7563,1621,11270,9115,16352,9811,15784,5533,1258,12402,5013,9551,5389,14023,2322,1285,2662,3245
8826,6818,10170,13465,9193,11609,9965,2970,3,14920,9151,529,16084,10524,12586,8643,13942,5089,2632,1905
2921,8946,11448,5509,889,1204,8592,5432,6710,6381,4673,5643,7346,786,738,10933,9436,7389,13073,1666
480,10428,12643,3519,13285,4594,2091,3195,5664,15685,13725,14517,13227,10058,8860,6733,9452,13431,12383,14248
16201,11945,12868,503,14019,5095,8757,2257,11294,11489,12766,3677,1312,4389,3690,14327,12744,6310,5966,6897
4917,2819,10222,14332,8500,13091,253,14268,9404,10408,4475,16331,5044,3746,6622,2739,739,4288,2780,13318
11882,6162,11708,15202,1549,4336,3440,15954,7965,10144,12316,15748,609,15725,3338,2121,1222,3048,6368,2706
1557,5008,6488,548,2146,4292,2274,9036,15802,4059,1558,254,10406,4151,4142,8224,6180,4279,1948,2361
8196,5175,12820,2824,3649,6599,6064,11797,1131,1078,5184,14661,16255,2775,6716,12455,6795,4366,12258,13740
13536,6534,14600,11494,9162,4664,11442,15248,15535,7716,16023,13101,140,4625,9347,11111,12600,13363,5152,7231
6219,14378,2400,8472,10356,4215,9278,8410,13224,1748,14799,7777,13964,7952,4849,6773,10960,1395,14685,8308
10814,9029,15297,13647,8373,15113,13457,7019,9373,10040,10611,11240,593,162,3005,1837,11811,2117,15115,4400
658,2978,15446,14240,10419,5972,15830,9012,6676,9100,9640,6006,16157,10249,15207,6970,2599,11542,5734,3600
7644,6380,14287,2435,6074,11079,15218,2224,13249,10035,10089,14984,5631,4627,12019,4900,13620,14551,6820,1460
5843,9881,9520,15424,6255,12334,4333,12686,9223,10350,16072,6901,10734,12759,4935,1480,16290,16274,15121,9530
13599,2370,1609,812,15302,14735,13894,12060,741,3951,12431,5050,15670,13629,11955,12498,8663,8718,14553,15633
3091,8478,1994,11578,11197,13377,10779,4070,1452,11034,13459,4055,15962,11958,15914,10662,3766,12892,8599,1783
9538,8920,9277,13311,10253,7201,11929,7747,13186,4653,3426,15123,7800,7114,10930,4807,14572,2349,11563,11671
12571,7053,7088,448,4768,10425,1817,2492,12538,2251,11711,11846,14659,1534,12131,12074,13232,15171,2688,10
8399,10991,10883,10034,10301,11077,5653,5185,6477,154,12852,14364,14860,5587,12556,16170,2915,14625,1177,7576
429,11254,7094,12543,4991,9574,13791,14121,11043,13902,14511,3581,15205,9355,10490,10885,176,2402,11625,3887
15913,7181,5623,11665,11063,3204,10875,13922,12767,2648,4022,356,4769,5469,6370,2108,4190,4739,1675,3855
8771,12998,10530,15376,10613,8215,7605,6644,4506,5268,10645,709,9234,11897,10151,14053,4579,8280,13744,1194
13294,15787,7198,1028,10892,4195,13743,14446,2238,16259,10978,16310,8402,8337,12945,6538,6084,14114,3011,13624
12456,9460,12561,12929,12787,7448,8477,10389,14038,12310,1572,9711,8238,4068,5040,1308,11361,16261,10711,11626
7959,14370,3905,10280,7796,12834,15303,7710,10902,9615,14616,13575,6514,14826,3843,8408,748,9430,934,8076
16103,15100,5431,3072,4597,2210,11772,8884,7403,3777,12267,8452,9131,9939,13042,15602,13682,4507,9959,6132
230,12806,15412,11576,12723,12788,2458,13596,12797,3246,1323,2403,6578,9593,9908,9135,15641,13022,8959,15357
1861,13679,5380,6870,7447,430,4527,13720,13797,3423,11017,12890,7690,15732,1633,7360,11769,5958,10057,10558
5117,16357,6742,4499,16081,618,12739,2663,6247,14761,8474,13511,3796,7650,12429,968,13812,16335,2284,13314
14810,363,11502,1729,349,10538,10724,6698,11826,10630,646,13954,10770,5998,3941,9048,13271,8694,10504,2909
14164,7771,15524,6649,5880,1766,12050,14990,12294,2830,5626,7638,4211,5680,13263,11381,2696,4282,9943,9522
10335,8291,8915,9701,4273,9204,10265,1630,10055,1014,12412,6575,9313,12032,2832,12180,1944,12326,14954,8046
13147,10560,1406,10083,15624,10916,2290,7144,11198,15009,12460,2502,97,15586,13143,11382,3306,13448,6245,3215
8295,10746,11902,3409,4106,390,3681,5679,3163,2187,7689,6296,11903,2713,14021,8996,15837,9865,7830,10153
15417,13865,3847,3029,14289,10989,12870,14437,6871,13867,6159,9340,890,10084,5448,4020,14675,13552,16192,674
11291,7597,9346,10416,4488,470,5910,9196,3290,85,14704,15963,13030,5360,2092,15380,3400,7213,14564,12300
16197,10747,16120,9902,823,11632,14644,8535,5294,6876,1161,3672,5946,11676,15095,2693,2595,3483,2018,3280
14705,15918,14264,1459,13803,993,2363,14335,14952,14460,8465,1438,1912,1134,11577,3988,13993,11130,2878,54
7559,7162,759,8852,4709,16239,10669,13579,16050,3014,11037,11950,9474,7668,10192,8384,3110,12814,16012,2076
10014,12040,5494,5258,15706,13316,2375,1353,5926,15425,5108,11116,1956,7540,14631,15117,12569,13920,15299,16220
13673,3178,833,1866,2660,12836,11463,498,5286,11266,6495,8336,13849,8125,15231,10767,12534,8226,6800,6362
4524,15059,8351,11163,1103,9481,3211,4921,13376,905,6633,11954,3553,2062,13543,8345,10373,4920,846,10166
6494,1550,15458,14592,5421,3533,13158,6641,2429,11149,15860,9462,15161,10614,5957,9341,9598,4363,15621,195
7957,13531,2104,7024,12519,2652,1997,10810,15589,8926,12209,14940,10198,11138,2533,6170,15805,11994,11129,3134
12204,16017,8149,6554,13663,11431,15358,15214,58,8332,133,3848,12477,12713,14754,10638,3775,14254,15067,14140
12084,2789,13665,12912,8837,3696,13582,6854,818,754,5301,16378,15440,9653,16135,15132,13842,9339,10865,7927
1317,14650,6958,13760,3645,6705,10921,4714,4381,8794,8553,11142,16069,3255,10200,868,4928,651,6999,11485
1917,9770,13750,15775,10311,202,3808,15196,3381,1081,12314,9021,5172,10401,8786,12147,12077,10433,12003,4412
10589,12432,4961,303,4349,6954,6586,15823,11434,9944,8432,1033,11259,1390,10843,14731,11190,12092,5629,14726
2562,6941,5064,3487,830,13801,1171,11323,6465,446,7966,9431,15628,9721,8631,2102,440,9759,2649,8182
4580,14819,11445,14973,12838,11941,11805,5151,11208,4172,12508,12139,13685,2594,13127,14516,7490,14580,1035,12080
7646,15133,13781,13361,12177,15723,11806,2010,14571,1324,8114,3556,2473,4608,809,10693,15526,12454,15516,2782
10878,2491,15989,13412,6825,7354,11975,10068,5837,5765,10427,11370,929,4179,3191,4267,9516,8187,8361,7234
4748,13783,9265,5365,3223,5570,6173,15665,14078,5435,3353,4203,6615,11206,11374,15201,7257,5207,2261,14875
15271,13486,10735,2809,11440,3530,6624,1664,4984,5661,11080,14017,11509,13402,7990,16338,3734,532,9534,12313
8212,185,15169,13367,5965,8537,2756,237,12187,2879,9927,10774,10306,8977,12695,2634,9061,14393,5260,9691
6403,11713,13858,13138,12437,4851,10849,12659,1812,14317,7975,634,15675,10848,3612,15215,8819,3186,3891,3172
13546,2306,5961,9851,3074,10098,16041,12514,497,15141,5726,3987,11418,9411,16013,12689,11328,7547,2379,3365
12932,11720,9909,4759,11610,3457,1313,8044,9471,6782,1681,10932,10333,1966,1690,14686,13162,13276,7948,5705
15674,13529,16000,68,6251,12913,8877,405,6287,12957,16099,15125,8685,57,886,5684,7295,5275,4825,14530
4834,883,16196,9573,2846,6285,15648,9787,7291,4534,2331,1967,1112,15560,11160,1314,10579,5467,11479,8426
9428,7701,7873,1688,249,1077,10238,4994,9420,12037,182,8162,3756,15262,16369,4698,831,2208,423,4370
13518,3926,105,4881,795,15985,4435,142,5065,3816,15484,12035,11857,15965,12815,11,6637,14809,11072,12604
8785,3464,12155,6078,6129,18,12997,10628,14797,2944,6912,15164,5104,13854,12515,1600,12721,15008,724,399
12716,15253,5228,9688,14926,14125,9451,1397,11667,12089,14374,14660,3614,984,5267,11183,164,943,8185,6143
7561,2141,4760,6220,14466,14927,13404,13909,5914,5729,13257,15931,1671,12171,6562,11241,10717,13284,1284,3560
1007,16015,12933,9616,13368,474,6,15329,15894,5611,11548,6510,15350,1781,14236,6416,12951,15933,13513,5863
8909,1462,16250,12891,6291,10405,13116,15829,62,12144,8601,14046,15103,5266,11686,9951,15970,8578,411,5128
3975,6378,8516,14020,16147,4033,5862,2950,13165,213,9699,6969,8895,9546,4038,12340,1996,2139,1930,4023
14402,3407,93,16240,13775,8060,10970,11039,4635,9643,9345,7617,6594,5617,13119,1920,2734,12256,8473,14716
13594,14832,5627,6184,8777,10461,1508,11038,16265,1363,1638,5904,2508,2862,3367,13818,4758,2597,155,10244
8023,7210,5033,14066,7992,10175,10766,11600,7206,10825,12622,7260,14337,5335,977,722,4361,10025,9245,5383
12106,6446,5905,6576,12216,4259,1336,1973,15720,12865,5582,13221,980,15895,11666,6345,15566,12199,12086,14523
3143,6947,8765,15098,6365,15314,8495,7834,6127,14007,6319,14981,7048,13837,2140,293,4185,11899,8605,413
2160,9089,5881,10744,15001,1155,4388,10195,15603,1250,1468,12644,16307,10511,4247,14122,12352,6626,11820,7157
9761,6360,5476,11953,4029,7216,6847,9307,12159,13520,1777,13952,13804,6017,897,2051,2386,1266,10348,8096
16087,4894,12353,4353,4119,11540,2794,5510,1474,13996,3041,5952,14450,5451,6531,13862,14211,13215,3267,3813
11985,6269,5513,8759,16042,9628,12660,11137,5468,2116,4438,14791,13353,8653,9740,5622,12138,6718,14962,5960
14149,6124,4502,8954,1083,7335,12444,16308,2512,7988,1207,5842,9647,12805,662,392,2851,15764,595,877
6493,3176,13505,12268,11581,5569,9371,730,854,4783,10344,7021,11742,3655,7306,9833,12687,6240,9055,318
8278,13439,6515,370,12839,6781,6551,13711,267,8511,9250,14290,8803,11435,13097,7727,6838,2939,816,4710
2221,1745,15769,16166,8069,13721,8854,9504,5717,11947,6460,12384,2071,13634,11773,1040,15737,5006,8070,1822
13208,11411,2847,393,10215,11527,2333,14847,8741,4170,8576,11972,13934,467,2296,14579,5106,4231,14242,6523
6677,14042,6001,13062,1619,5491,7171,9752,13521,9119,13619,11851,6600,924,3575,7986,12975,1052,15819,582
13719,5632,13631,12418,41,13651,13742,15211,5573,12361,2024,4494,504,12879,15180,11564,4861,6784,8573,4545
16055,3308,16073,14237,2703,4707,12170,15644,1862,2378,15048,12108,16104,7191,6046,14480,4565,10659,4767,6546
15766,9697,2966,5322,13416,7075,15844,2685,10925,12339,13637,7061,5363,5840,3079,12490,12980,2019,7543,5944
10602,12174,9129,13976,13084,8037,3080,10352,5669,3712,4233,16131,11069,9581,3425,1182,14800,6926,12992,13881
3820,12413,12007,9026,15252,3288,15148,14180,243,14143,10379,7762,10162,10024,6117,7197,12226,11905,15657,8949
15327,5878,14118,10785,9208,14202,7660,12248,16194,408,13129,3282,3336,15705,8628,5566,10984,13065,4013,14057
2495,9815,1068,15803,10739,15379,10661,10182,6608,6444,15145,8709,11159,5799,3664,11569,12775,13616,3136,8719
6003,11005,13292,10013,8335,11495,11075,2895,1302,768,5554,8979,9134,12628,13442,3700,4509,9450,859,12656
2664,9155,12982,12469,8991,2768,11044,9137,6686,8141,214,1590,9649,13570,10980,11544,5480,9085,8302,6918
14033,12873,1146,1618,7371,1800,13128,2148,15013,12584,699,9876,11808,9395,5212,7487,5246,9127,11015,16026
1391,13334,14658,13771,11824,15683,14223,1875,13451,539,12647,2633,5667,13805,188,7627,2545,3789,2566,6314
7912,985,3952,3704,9434,1981,13851,14987,15785,10467,11532,3611,12793,15647,16206,15866,2452,1726,12446,9717
95,13033,6857,6388,13267,2161,11230,1485,10078,4879,14930,5769,361,3087,7407,5160,9329,6737,13586,2382
11859,13863,925,12634,11834,656,15030,4487,2229,12031,7525,8520,422,12750,11809,14288,6505,12857,14396,13383
11506,8580,6882,14864,13960,6420,527,15781,8396,15797,979,7043,10536,4733,922,14535,14346,14035,15698,16293
3739,14996,9465,15055,1785,8464,14537,2137,940,1140,8888,6114,12071,5711,6868,12104,5276,14384,3242,7665
13676,4856,13481,14383,113,12562,10956,13024,13878,7730,11016,13051,4855,693,8526,6757,11417,10204,15050,4296
3089,4838,338,3660,12577,3397,15651,10267,819,3021,4395,6653,3382,16127,15982,10067,9383,8633,10500,4722
14627,2783,8710,9122,7378,11089,3243,11694,13886,7981,6726,9102,14917,12587,4477,9086,3518,13485,6891,4153
680,4772,1977,15155,4727,16051,2704,5159,15695,2180,10854,13906,6560,15068,5202,2494,5967,4238,8164,2268
3771,13304,14085,6085,373,12791,1428,307,8750,2348,12664,7249,13196,14680,8943,3588,2408,3698,292,13779
8927,2680,9325,9561,13559,1120,12229,11634,11229,12411,14652,14263,6928,14989,10386,13612,11873,3802,6571,14876
3559,12588,13005,15382,3278,12563,697,7125,4536,6836,15270,9249,16287,14901,14153,15850,15040,9966,1424,9212
14003,11171,8199,13523,9483,7050,8136,3851,15669,10950,14673,5896,2273,3234,15246,3763,15017,12895,6242,2094
10142,14425,14377,13111,11697,7259,486,13315,531,13203,1387,15538,12096,7835,11327,8348,4410,1257,16318,5350
4808,4725,12896,4784,7719,12969,12502,3101,9715,10561,5458,9728,13046,5236,3052,3985,3076,14331,11086,4258
6892,13231,8700,10259,7808,16294,15871,9578,4391,3226,2814,7657,16330,2588,16304,4887,11035,1968,5091,12593
2337,630,7843,12942,6657,5144,4658,15269,10140,10967,8317,2712,1899,12141,12972,3275,10088,1441,14247,60
13961,4835,6238,10188,15701,6235,13568,6294,9082,1091,4358,5415,1070,170,12880,7805,1657,12254,3513,13053
5739,14563,14655,13219,1389,12841,47,9597,4372,15104,6960,9331,13816,3119,5685,9059,15635,3714,4616,2601
8705,6253,12851,14464,14894,13591,7571,11255,15565,15175,13953,3563,2068,569,11376,3512,11748,1568,5612,628
9864,11090,16136,3707,10016,2807,14951,11282,15023,2629,9453,3735,13893,13000,10085,14520,10139,5295,15153,10209
11733,1032,16068,15518,4489,9240,13705,4963,12068,7921,2205,3443,7344,2198,15897,15482,10594,5688,11870,11490
5369,10741,5640,11878,9623,11031,7781,8834,7493,7553,12207,9762,13994,7515,12849,11484,1844,12517,4244,15184
2833,6337,8598,15146,2573,14798,4737,5953,9229,5375,10108,7822,10355,11693,7117,14080,15902,1869,5735,13514
4293,12782,701,8626,4591,10577,6590,12995,14472,12327,13052,5609,1335,10557,15640,793,5826,15925,14475,7692
13038,5420,11988,6930,16317,4289,2195,12548,15910,8116,8881,5454,4820,1274,15958,7618,2510,15558,6852,13067
12335,14310,9807,15427,12726,7628,6076,12596,5368,5713,11096,3584,2480,4076,14712,10968,336,12162,873,9051
13179,14306,7630,3691,5788,1670,12222,1970,8824,5026,12386,7209,14934,9895,11459,11169,8034,10773,13931,4782
15941,15097,9641,15578,12847,13059,12666,5630,10961,5662,8833,14137,16138,824,13348,8024,7423,4566,12872,8994
5426,7678,14771,14663,2898,1842,14385,16254,3008,10119,12081,8366,2254,14500,14807,2544,10458,10973,48,13216
4037,1602,3576,342,11218,7173,11932,10395,6858,1908,895,6044,4621,7509,5833,13226,6765,16312,15096,13090
13330,12350,5071,2529,9328,9892,14527,4967,12567,9590,415,800,1437,15948,15028,7467,12355,15715,1466,13309
5929,4925,14407,5021,12464,3222,3125,2157,12978,16316,5937,3986,1693,12802,13265,15172,12113,7193,5779,5527
15433,1678,5817,13154,9112,8871,1372,1231,5500,16122,15238,1352,6060,5334,15622,4729,10576,12405,9221,3993
4155,11747,13658,3017,12752,11165,14681,14326,1136,1740,319,1571,8660,4146,11450,15881,1005,8972,9739,8902
14884,1747,5547,414,385,13066,26,7113,2730,7550,412,8732,7046,15281,644,5523,6027,8739,1213,11114
13509,12257,16333,3815,1196,15957,11906,11422,16364,3527,2387,13923,5860,7649,3804,371,8153,16029,6322,15721
785,2032,3310,12044,1085,14102,15257,12560,3039,15924,471,15489,14766,7254,279,5548,14032,8223,1794,1330
8124,11131,3351,6543,9060,14760,6766,4436,2805,12762,4373,9609,6069,5834,14134,7530,1540,9920,11627,10079
5598,9797,7017,15168,7683,15822,11313,15909,6803,13020,11410,231,1332,1355,8090,163,294,3150,1699,8407
767,14904,9472,7034,9049,580,639,15680,13927,14465,15876,14015,3356,13323,9247,3062,5932,12103,5571,12672
2715,14639,15049,8128,12287,6501,16205,15632,13991,6099,6201,6893,8459,5273,15430,4175,10834,11618,4913,2481
12822,15867,782,11474,496,1569,10870,16228,12183,14253,14536,9202,15377,7246,4950,16003,12045,5969,10676,8353
8221,6798,1798,5511,10745,8738,12433,15232,15541,16014,14868,15328,10583,1659,12552,14265,15039,5017,8242,10017
4582,7363,13087,3532,80,13856,12921,10788,7720,14277,12818,2736,10337,11309,487,15019,5696,9413,2759,273
10269,8100,1555,226,1200,12835,7395,7946,3105,8966,10048,11469,11896,1771,3344,11961,15081,10871,757,10399
3461,11976,12699,10936,734,7401,714,6771,11352,2670,11513,13497,11672,2265,13401,9984,13058,4753,12480,5954
191,9675,14342,1464,3534,3882,4417,3169,13799,1705,91,15080,11924,7764,2293,7884,2986,3063,489,5752
7070,6929,2886,14430,5542,5951,9513,2156,4847,10928,3639,14074,15922,1127,4212,8004,15229,13820,14197,9880
2173,2113,4028,7207,14210,11879,3151,1211,13450,9133,9947,9742,4316,1784,3814,12768,13469,8921,4880,6997
13001,13790,5751,5722,5003,402,8271,13433,8380,13340,2301,16324,4886,921,13517,10686,14262,10202,15940,12420
12140,9923,4679,2253,5497,12297,4629,14776,12536,5098,2882,4192,13921,15486,2642,12910,8657,16160,6379,11658
11876,1006,4040,8782,11322,6748,13204,2552,12871,13134,15369,4260,16351,15306,13992,633,10924,9189,13060,5703
3480,3106,13423,5803,9659,4415,6054,1993,1864,15236,9677,1410,12396,5356,14779,11682,7315,15583,7474,13027
6130,2479,4407,2908,7648,13644,887,5332,11429,3538,5869,8316,7163,10297,3196,6859,9961,10846,13384,8988
9344,3962,12447,434,3428,2725,6090,310,7469,7010,14244,1805,14914,8539,8641,5540,15006,147,5171,13670
1383,9670,686,5534,8320,4919,1398,3544,9071,8644,11054,7814,15264,15477,8752,3969,1080,10322,12070,11731
12509,7111,4240,6136,13557,13730,14334,1939,13681,8767,7062,1360,16288,15643,12241,5283,14343,1084,15086,131
10905,6123,13478,11657,16118,8059,6121,15439,4603,13259,2239,9918,8585,127,10994,9354,931,12531,1893,1478
7582,13887,3792,9398,14479,3675,14360,2658,13413,15639,6596,9571,4745,9389,14255,766,2896,8939,15494,1350
7459,6311,8261,13425,832,7347,106,13088,12163,11680,15475,8847,8832,13809,12609,15159,9838,481,3997,10808
9560,109,7856,12928,13378,14070,6848,2998,9569,8482,1349,5280,11545,5764,7639,6656,5559,1435,15980,7145
7190,8711,15959,14888,15760,9704,3476,13418,3162,8696,2661,2327,7803,853,15203,16289,11952,3044,8568,14417
5797,7837,2207,15672,10570,9024,13021,15542,15811,14128,2136,300,602,14132,6789,7670,5740,4455,14338,2522
10177,8787,13997,13590,14570,15960,1393,15551,5920,14212,4011,13615,7332,16298,14483,7323,9940,13932,1843,13324
9898,14504,11949,8637,13327,14011,6461,1115,11744,9442,11468,1654,15092,3235,15259,15345,3803,10797,3582,199
8499,9314,9678,7794,1753,14654,15250,3924,7569,10052,15043,4286,8817,1662,7108,1205,3615,5413,8721,14274
10104,2532,1048,14192,15916,1855,5525,4511,12153,8120,2383,15793,11211,11539,1577,4757,16082,3103,13322,11832
13727,2404,2838,5079,10639,9568,8331,13516,9849,13749,5024,12714,8379,15405,3828,6057,13694,5097,13195,13545
2376,16323,14397,14233,14619,6723,5281,10703,13898,11629,14742,15359,9225,8968,3912,15899,12398,15609,10274,7071
6559,15847,14120,8066,7885,4578,16264,13444,4655,15344,7239,7215,3068,4002,6359,14968,4491,7351,14862,1640
13868,11639,10831,1528,13174,7640,11628,1772,12467,3229,7570,10821,12292,1972,10446,1535,11638,12711,16036,15515
7504,8538,13945,6274,1223,14732,2433,11182,6469,4312,6257,7688,10455,3265,9795,15854,1162,15434,13356,10637
6131,11465,9842,12016,5412,2716,753,4999,10263,14764,12438,1183,15428,353,13838,11624,5897,81,14656,2776
7798,14941,5344,14856,2615,6259,14596,14775,11354,11749,3500,6218,4094,12606,15241,1860,8084,1841,14668,10784
10653,6052,8980,6213,265,5973,6473,189,9388,4343,10351,13938,6039,11084,2328,11900,3452,12281,3930,2746
4602,7343,15547,4903,15503,13506,11726,928,15471,4127,14321,524,10482,5123,1616,15773,14086,4941,2650,8595
14907,3414,11780,13567,1942,14381,5813,11083,3953,3273,7037,3982,16022,16108,10861,3459,641,1488,3212,838
5658,1057,15315,3075,13078,15851,11651,6823,16244,4026,4174,7558,134,7895,10903,5995,5487,813,11076,2177
16229,16117,3606,12962,6453,4069,15073,14322,406,12638,11222,16365,13943,7859,15371,14534,3158,6423,14267,14828
15140,9009,11220,15509,14323,4303,2478,1663,7578,8098,11011,14025,8009,2983,14922,15744,4448,10285,2249,6786
6832,9668,15149,4158,2371,3565,1170,2880,7868,12474,15062,10019,13421,6587,11364,12642,10622,66,4347,8974
305,4367,12135,14101,14528,15442,9387,2835,16031,10097,1280,11840,11789,14843,4173,8579,6102,11520,11195,9008
13483,13240,8673,8689,13258,15467,2029,12063,4246,15759,7532,7752,8019,3166,15322,9798,2678,14921,14428,13253
10230,8011,8692,1907,12611,16375,13310,6297,6023,15616,2747,13194,13201,12198,12262,4065,8388,1071,16176,14004
12585,14878,3832,5153,5080,13484,10478,9242,6884,5646,5166,4062,477,10289,4636,12631,16198,6221,12953,15071
1982,2314,13562,4596,8804,15882,12501,5987,10053,11546,16058,12331,2800,12707,5400,7614,870,10410,5594,7757
5902,7736,7942,4525,1143,7707,9626,14079,8971,14044,3329,9537,10066,8594,13388,9563,15977,8528,4482,15896
7626,1829,2603,9215,2611,10117,10763,4632,40,290,2488,3394,6487,5120,10076,8845,2867,2877,1139,648
1020,7943,7585,4302,1607,7386,10063,9822,16151,9158,3484,9124,9146,150,3741,919,8341,8022,3570,15923
2247,5530,1947,354,211,7399,1039,12366,16371,5011,3540,11738,15293,15601,8068,16230,11007,7167,7516,11901
13410,13435,15917,933,15230,10587,13045,15659,10512,13786,10126,7294,16143,1983,107,2222,15733,4216,11648,11838
8872,4804,540,11549,10588,3347,6063,10884,2957,15088,9661,4559,1596,7265,6561,15007,8639,5695,550,15160
4295,2796,5086,6689,7602,893,9806,6861,10378,10044,126,9336,15631,9001,5645,13437,6151,11831,12101,7138
4500,14610,8186,16252,12860,15305,7090,2839,2459,15368,12526,13393,10888,1163,6263,6620,12389,16345,16246,13724
15010,9523,5976,7760,5408,15272,6050,158,6028,9165,15144,8913,12974,4104,2766,15875,11074,9911,8489,836
7365,15260,14492,13225,5418,3219,5702,4973,13246,5975,8025,12247,14175,9163,14550,5111,12395,5133,9284,7016
4198,10469,9839,7925,13848,12426,15409,15360,2202,2821,13710,15122,1470,9557,9248,10365,12993,12620,1536,9781
11691,14620,16361,11348,1093,9095,3801,332,10671,14234,5790,14127,1272,1246,7129,14005,11286,1736,10300,8158
12770,4901,12481,8552,29,11120,8997,5205,7405,9380,8036,11728,14818,8042,9364,10852,4839,3548,978,14115
7292,2952,7987,8435,12073,8180,4620,8934,6073,12488,9548,8748,15746,2075,9161,6952,2145,6758,691,2299
15767,13807,2399,13220,3865,7353,1029,2357,13197,3104,10445,2083,8604,10544,1823,16203,6959,1053,4479,6672
13967,6354,12461,8635,10605,3238,12667,4255,7186,13032,44,10317,2389,12923,6662,1329,9243,7457,11385,9259
12727,6119,7865,2005,1092,14507,9755,229,14173,9213,13928,10358,5724,775,1524,12318,6645,15496,13016,6281
4083,6043,14444,14049,12964,3253,945,12783,16210,13852,6927,4351,7341,5324,2543,8085,12553,13495,14206,15447
4891,6104,16368,9657,11288,3646,13342,8344,718,15779,2271,15883,3417,8137,5931,8869,15629,12049,6372,994
7634,10665,10191,1060,2723,9790,12844,366,8001,8147,15016,3911,9931,16296,14484,15853,12317,8431,15221,14867
3413,11579,13346,16155,7340,5873,2905,14923,11503,1075,6950,14889,15418,4209,2041,500,1915,2911,1788,1990
7290,3685,5704,8965,7103,9937,5885,682,10003,11476,10237,3182,15449,14069,12719,171,14890,6940,6466,1369
14956,9686,5299,2636,3805,9237,9859,15470,1687,11636,4294,6348,2047,6539,14687,519,4700,15,12763,3522
861,15410,4223,10731,12629,6198,9986,10413,1180,5137,9974,15697,5312,1643,2682,11912,4628,6468,15483,7153
6148,5416,15581,3034,1760,14295,11173,4882,4442,13408,7460,10242,8018,3386,15402,7392,2962,575,5192,7970
704,12725,15983,13802,10312,14554,1108,10971,3708,14111,14087,1525,9480,11109,15102,15275,16379,10225,2315,791
4144,12742,4744,4649,4305,15435,10456,11162,7121,12874,8252,9092,7941,7097,15879,212,1334,5438,10674,4473
1402,13660,15109,3109,9829,11785,3362,9374,13668,8493,13102,4823,3317,14635,6690,8274,12210,6188,7888,6401
7624,2559,526,2551,1342,4957,1604,14853,13191,10719,5921,12641,5822,6607,9330,12319,15339,13313,7748,11059
424,15041,9356,9027,14352,1455,7901,7836,14452,8441,15070,11700,184,15249,3558,15869,14808,7682,15057,6601
3179,3999,90,14991,13238,12909,12729,9015,9510,5892,9708,2028,3497,16354,16140,11143,6071,6457,842,264
8704,298,6358,678,6530,11791,10780,11869,5178,4762,803,4290,7738,10547,16285,1980,1305,13206,14009,14751
9322,860,13125,4232,12011,8460,14667,5745,822,9076,3098,13655,1646,14131,901,9955,1217,5710,3654,11184
5854,15363,15810,10896,14008,12676,3187,1201,16258,14319,7786,12191,16035,2486,16027,6630,1495,10795,2513,9130
15237,15476,3599,631,5308,7124,14939,14299,760,8910,14833,15996,12795,6585,6743,2852,13610,2048,9292,5682
5297,8818,13487,6506,14824,15399,5748,11215,6685,11999,11981,2409,9550,7059,8567,11812,10250,6040,13076,1045
7141,4942,5251,2442,5425,2681,12829,6187,6321,6956,14903,15534,12169,5077,14628,14052,11560,4125,5145,4519
7374,716,14961,8418,4176,9508,5067,8094,2073,5572,12828,6232,10315,8908,1344,5503,1239,3776,10513,3006
5486,3978,15856,2624,13175,6542,11239,14849,4451,11642,6335,2653,12123,14946,4177,6278,5341,9066,11144,14359
11653,9928,9379,13687,6194,2199,6589,6581,12085,14714,4826,132,12272,8065,5358,15645,445,4434,7431,16342
7225,9588,1856,7718,2684,12128,1601,15598,10133,409,8773,12952,9589,6552,7322,14814,6704,2006,14985,13595
5036,8127,2150,3383,15946,15756,2426,11684,15490,1333,3718,15239,15939,16297,4778,15952,7316,13278,5348,4371
665,1505,16353,6032,13369,14442,4904,6415,13432,6592,15076,13686,16350,2025,13688,2129,8257,1870,15421,15987
7184,640,10704,2155,13471,1722,12422,2020,14068,6496,3849,8012,15646,1932,7977,3846,7122,1153,12740,1297
10574,1141,5424,2748,6595,10687,14974,10620,6989,1461,15580,5138,15219,5232,11659,11358,2612,10966,12525,8967
6020,12202,13980,9186,11066,15763,3142,3578,10813,1927,13645,7025,5553,13587,3909,10372,16341,9108,9491,7397
4555,14834,10165,761,14105,2929,3526,14077,7776,10666,6058,11739,5359,11264,4200,15351,6292,13662,11782,3875
13734,3324,14051,7937,8323,7480,1884,8193,1375,7754,9132,6200,5278,1764,3719,1229,2528,16180,6211,2320
1219,12654,3418,4824,6827,12505,11284,1426,12547,9652,8421,3896,16339,11529,12220,10876,3552,5853,8155,9555
1454,10124,15691,7428,3441,8265,5899,9543,9982,8201,15993,15597,5886,1909,5959,7406,8246,4403,2367,16209
8160,3082,5543,2413,8248,13675,9850,8827,1533,11312,14603,10951,10700,15453,2965,2042,8228,2125,378,12645
11013,5625,712,6697,8258,14509,10596,862,7220,15287,13268,8244,15789,6133,7398,16019,10946,9199,2912,5810
6563,4552,2178,1513,8138,1582,1273,2563,4178,14365,198,10442,8547,5517,7680,14648,11314,15029,6693,15762
14473,6953,450,10721,5325,13245,14585,10720,10580,1836,12151,2385,10564,15396,6485,11247,9803,10232,14877,1808
12688,12054,6474,10495,330,1458,6925,5922,1411,12607,9312,2596,3393,75,11709,5310,16034,10132,10494,14623
10603,15754,12381,1167,12551,10920,6878,13359,233,10789,3834,14440,6814,6961,6227,5243,1494,7418,3572,6643
10318,15606,4323,14874,14759,11174,6636,11248,9642,11645,5865,12546,8081,14822,14239,1021,7278,15407,15034,11145
11819,3493,5433,7159,817,3841,4810,13569,1806,1449,8781,12253,2172,15898,10345,6537,11048,12540,4017,5895
1345,4651,1118,1049,4140,15178,14721,3635,1598,7079,4995,9246,3171,15951,999,3363,1498,10743,4128,1731
435,4980,16037,3856,13593,14558,9780,12478,4749,11908,9006,13100,14045,15738,12436,1430,4513,2849,4422,2440
2122,16208,8731,7910,9710,484,4618,14839,14112,5923,14311,4350,9241,7978,11473,1644,2719,9065,11652,3957
9782,11466,3230,16279,3528,10855,6082,12224,5635,1723,4486,9007,4419,7903,12245,169,5372,3521,13795,7538
13233,15722,14591,14469,3908,6556,2586,2147,2242,14172,5501,14040,8523,7089,12906,473,1661,6062,11566,713
2781,7482,16346,11889,2281,8286,11637,3038,13697,7517,14135,10037,4589,848,10077,11880,15058,6794,13566,1926
11108,14418,15928,15824,469,5224,2621,9716,8858,15361,14181,15870,7041,8571,4623,5366,8753,13984,11971,1226
12181,9899,12572,4253,5849,2312,14711,16062,6695,13664,3494,9664,4878,4078,6507,15857,15623,449,16343,10437
15082,1592,3095,14757,14733,2015,2380,13482,16,281,8049,9073,5795,2275,1074,2667,10138,6157,6522,4736
13427,3793,15438,3116,1741,10631,14404,7453,15935,13535,3379,14350,9843,12423,8651,9126,15788,14313,6334,1477
10815,15462,12373,8806,2009,3026,10081,16224,4030,3295,13770,9438,2903,13875,8720,4788,5087,4637,13533,7853
5060,16337,9734,10668,11147,10881,15031,10943,11378,7512,7549,9470,2740,3683,8207,952,7883,3146,507,7434
15653,15065,3932,619,3871,2446,1156,9439,7833,15782,7137,83,5118,13895,6822,419,1910,2590,8178,7166
5866,15372,12979,7126,12778,9656,15441,15818,11028,13443,2401,14485,2940,13490,187,4892,2673,15326,11499,11702
5161,10004,1237,11441,165,14522,7237,10262,2316,3279,6569,8986,14781,3437,12785,12087,4122,5841,1789,14963
3922,11093,4675,11273,15956,7027,4356,12846,13911,15266,13392,11612,16221,9604,6262,10649,5090,12867,15693,4204
14734,13929,3854,15187,2381,4342,14062,8047,10462,1121,9258,9707,7238,8362,5340,1147,5149,16377,11991,9671
10424,3004,8140,3821,10441,12670,12696,3868,11123,13667,14850,2731,4095,15204,6443,1589,13965,15463,11423,15312
239,6451,13344,4355,1027,13209,14983,13876,5654,143,3629,16119,7304,7933,4816,14498,4976,16223,16109,9991
1343,6145,13890,14073,8634,9396,2228,6421,3390,3057,14489,5552,6942,5675,3933,2521,12989,3090,5057,8092
6243,4614,3431,5430,15620,2237,5320,1824,4526,7463,8420,7750,16283,9014,9985,6547,15392,1787,16236,16360
5574,6688,7887,9988,1471,12430,16183,280,11986,2356,13585,1751,14447,260,9110,1440,11890,1952,1538,8007
3921,10965,9950,1248,11582,14308,16292,1702,11311,4754,10164,9812,3819,3916,3047,4877,543,1337,1854,8032
7780,9724,2837,6138,14109,321,850,15576,787,9236,4862,13883,12298,9368,1338,10179,10537,15107,7733,1660
11922,3320,1142,12808,10302,9372,7279,14243,530,13026,11427,8761,8119,2514,13462,2927,12728,16277,3337,8213
11258,4315,13641,8233,4107,796,8898,4118,14273,13475,13765,8870,7862,11462,3884,10987,5035,13242,4604,681
1286,4998,16234,4454,12961,8041,3915,13763,13835,5720,11669,4360,9191,4884,6203,11092,11177,1339,15033,3268
13741,2888,55,3640,6004,16215,14392,14899,3040,15625,12462,7081,2934,3289,4046,2267,11289,9113,7408,8740
742,2058,8672,9114,4715,8555,11366,4906,13358,13069,4730,815,2689,10573,5199,3131,8414,7300,8113,8612
11070,12219,12946,3256,15855,11326,11841,10897,2947,6351,4595,3874,2106,15890,512,1376,15765,13362,283,14804
8355,11297,7672,15826,3449,11514,2618,3983,15588,13003,5855,7695,16005,16116,15719,16077,15615,3188,1900,6126
8581,8755,13828,15087,6568,2034,6564,2565,2226,6490,1123,9177,5194,10836,2220,8793,4446,16235,1154,15325
15198,15120,7302,5252,1082,15755,1069,9736,4648,9875,14272,14363,7918,6951,11552,14174,12950,12967,8481,7717
14710,6025,11751,5615,6212,28,5794,13798,270,14345,13172,4132,14496,16359,6053,11704,3546,9853,14201,1895
5059,12651,5728,15307,15436,4251,7734,10931,12697,2864,2577,14895,15106,5496,12653,12018,5633,12097,9872,4551
1319,1935,5391,5411,13156,4188,7074,10712,15892,9845,2283,6492,15777,11455,12632,12960,7310,6047,16373,6108
5956,857,14316,12004,6374,2468,10465,7192,1852,1877,2422,1548,8072,4711,5378,1725,15003,15988,15330,10866
10761,1365,7099,10532,7283,12576,16238,7588,14584,7880,8067,1291,4362,16270,3699,8281,14486,14451,2128,238
3115,10398,5150,4573,5305,4445,5376,1119,4402,4054,12301,16057,15355,13846,6772,2152,9326,11968,1911,6489
14027,1625,12789,13167,13810,7314,3287,4035,1818,7611,6923,4166,11481,2803,9172,13006,3156,8776,5225,6973
11319,799,15969,1835,13847,3389,946,4969,9267,636,10657,13118,10385,16089,1608,12630,6849,541,15304,10339
8640,9302,904,2359,12542,3752,15726,10708,4319,13145,6333,12026,442,5767,11589,14258,10998,5758,7580,1830
6181,4665,8002,7913,76,12648,797,10552,15937,7652,1580,14794,5933,14713,12589,13680,7869,5721,2655,4612
13822,4354,6864,2825,12581,871,8349,8780,6805,15995,12494,14034,8911,3829,10922,4444,13639,1018,4311,15800
2007,9808,4540,3895,11107,5551,5265,110,11590,12033,11567,7607,13661,461,7579,7195,13947,3181,13962,3303
6341,5818,9179,2496,5027,13002,15808,4047,8545,4458,16070,7802,2412,10313,14155,16362,7729,14016,8701,12069
11753,3489,1124,13903,1009,2462,15256,2444,8416,11203,6480,4516,8322,3321,3663,10935,15341,4530,11611,9198
15906,259,12545,7427,6472,6455,15210,2319,2973,9796,328,1903,14293,15852,7708,5649,10493,12208,7106,1902
2718,3292,8816,2110,13429,8200,2364,5874,3504,11622,15403,7681,1262,10498,12741,7007,4717,2269,2192,9519
10582,5124,13813,9147,7160,8211,8110,1144,14257,13157,1669,9791,4080,12524,5528,12702,7742,8303,8104,5773
15690,7219,16187,7769,13464,10468,13082,1412,3515,13280,746,11359,6866,13841,7890,9611,8801,10224,7917,12265
12901,677,6323,1821,6161,15002,73,10868,2243,13544,12853,14986,15411,11911,14231,16300,4468,1276,10904,5429
10226,10732,14881,11334,2990,12325,13277,11433,14048,827,14762,11721,304,14081,2236,13302,2959,13726,1522,643
7000,1261,2765,3322,5304,13406,16372,9182,13736,6083,5076,894,1963,1595,4437,7698,10975,8947,11501,11964
15240,120,1742,15891,346,14222,10540,14298,15090,1011,11400,4248,11157,10217,14468,6325,982,15522,11752,10229
3858,7297,13578,10675,4537,10860,9662,374,5681,9294,8324,7268,7289,9093,13988,13507,15443,10725,5963,1370
5628,5864,12520,15889,9748,3826,9648,622,15949,5624,8799,3332,12145,2958,1896,740,10908,7042,278,3702
15862,12414,10677,4,942,7675,7518,136,15846,5082,599,1710,15832,10981,9103,6175,12399,763,9828,5181
10803,8917,15343,7615,10211,5156,1125,9257,15743,13885,3566,5015,7273,2899,4314,45,16325,11856,12465,15921
4237,15331,11755,5115,13380,9631,8861,8679,8829,9287,4805,15370,2560,7454,6088,3888,3248,7554,7807,5636
11761,9696,1810,7724,16028,14278,8300,2635,14461,15929,3049,2709,4462,2910,3669,8982,1603,3113,9079,4512
15676,912,601,12088,874,15880,12252,11168,15627,8614,15309,5763,4836,13684,6819,12323,123,12718,11235,6642
3007,12671,10864,14643,1584,16326,11605,6115,10087,9813,403,14089,1300,16314,15423,731,15347,2889,9311,16178
375,7466,6312,8978,16033,6061,3687,3902,6993,1737,12673,11989,16188,5593,12114,6002,3269,4738,2289,14043
9741,15992,15479,6482,4429,10347,14695,6286,14339,2307,5164,161,15367,16168,5229,11881,6434,10806,2826,258
13577,10682,14229,4846,5515,3445,6230,5941,5196,2623,3333,4940,6072,272,13466,6924,12117,9857,4111,14214
13622,5290,8188,15968,7168,8995,5812,11865,2695,4531,2451,15999,2439,16164,397,956,11591,10585,368,2579
4889,12786,2925,12765,7076,8851,16071,3010,84,3502,9273,11277,16146,15468,499,5947,11396,10670,13274,11858
5142,1067,3780,15893,14499,3508,14548,9600,629,7364,3197,10625,4560,15263,3761,6756,4124,14694,1414,14454
11166,8561,13130,3713,1413,1614,3950,16156,14161,12126,15366,7610,16115,13185,1858,14966,7003,9280,3811,3073
14368,5230,2345,10488,5211,9549,14256,6509,3878,3656,5054,577,11478,10874,16322,12028,13491,8866,4228,13757
12776,7014,6307,13889,2256,1879,9952,10541,1500,2021,6808,10566,9539,2504,15636,15887,12636,5,9279,15513
14793,14494,16218,10508,5867,6755,6826,570,1366,8525,2645,4202,3737,12708,7256,8453,15020,2143,6405,12233
13364,11516,10447,12499,10432,13133,10101,286,5081,11884,911,7535,16273,7735,13718,974,2407,8368,2541,9506
2309,5154,7545,16181,16241,657,3345,2884,10319,14414,14116,5737,12173,8744,11888,206,4798,13714,13187,5473
5007,1012,8768,14184,10872,12968,16207,2804,10196,11862,2619,14304,13200,1567,7934,12246,2762,3923,15060,3257
4067,592,538,518,2791,7066,15607,12533,1712,513,11010,567,6106,1531,11818,4764,3138,8512,12731,14784
16286,1133,9834,13767,7845,16282,11186,6903,12463,13717,12225,6617,6258,9735,4348,4184,16263,3650,4162,5272
262,14269,8618,14801,3723,5484,6752,12565,16182,14967,15324,6566,13792,13415,2722,4695,4908,15234,2105,10873
15512,9327,12377,8907,14641,13279,4837,70,5856,15313,13646,5220,1850,7604,12743,12610,12605,1315,7601,4943
10937,3328,13989,11344,12617,13706,15582,9854,395,6330,6241,3015,2472,14886,3586,14988,13365,7891,13151,12897
7971,8541,10683,9361,12730,2390,1409,9362,3666,6426,967,14964,4338,13013,37,13056,3637,8825,16376,12057
4601,8602,3051,5642,4050,10141,723,10336,950,8219,10678,8184,6155,5019,12251,6834,1191,2665,8093,6246
13966,13695,11553,15094,2142,14691,10707,3641,16213,13968,14844,780,1831,14683,13445,15499,11004,2118,5562,10417
5814,63,4708,10599,15677,11821,6326,7544,5870,11510,10523,13537,3682,15216,10750,13553,12674,9097,6049,8857
14525,9174,7511,3768,3788,11923,5701,8873,16301,13121,3844,11522,4858,9535,4287,963,12372,15466,8958,14117
3981,115,12102,3370,3994,10279,3823,12915,3976,6555,15356,8746,348,10882,15776,8010,11712,11135,5170,8315
8749,13312,5478,2158,4159,2558,4639,3420,14669,8469,10723,4763,3496,12504,14624,667,13690,13211,6991,5485
6938,9030,6231,16233,12777,7940,9979,3149,3266,14512,8762,2330,6879,8736,6749,9768,6176,2014,8325,15189
