8144,1098,13196,166,13540,4268,10725,7920,8900,7458,7032,10152,7422,5826,5096,10386,13436,11763,2650,13451
5136,13733,13036,865,1502,1495,4163,10936,8481,12555,2451,9801,5486,15434,10134,15287,4058,1667,2937,11319
7283,14270,15761,7553,5773,2319,14746,7168,4171,188,9998,12903,1181,4731,10138,5657,125,2258,5800,1742
9234,10026,16066,11537,5289,259,6852,7944,3803,3870,15041,13482,13543,15236,3701,3125,6261,2201,1370,15094
4006,4301,13421,10597,11239,8747,9006,1967,15759,7836,1619,5475,3421,5684,1585,15365,1744,16210,3955,11486
1820,8381,11560,7495,15356,14019,12610,3687,9517,4777,6596,9140,4338,4750,9337,5803,1751,306,5433,13368
7022,12388,7227,5710,13870,11568,4315,487,11311,9707,9893,9274,13426,422,3699,4632,1090,8640,8818,15813
4523,8924,6682,14115,2045,9784,7204,262,4627,1504,1232,3035,518,14606,13718,12663,493,5772,11505,5682
9908,6736,6284,7497,6437,511,4881,2251,10031,9882,997,10586,9031,11441,14900,9514,13728,13512,15815,4626
12259,1723,13033,3415,7444,7609,1923,5348,14790,9467,4454,15666,6800,12105,8486,10028,10625,13654,8401,15801
5908,4605,4822,5598,4681,11487,3636,16039,1462,221,11216,14948,3145,7792,11667,5457,14610,6023,2307,13518
13052,13142,1304,2459,462,14001,14901,1489,9277,578,13305,6245,15194,5116,3259,8251,1612,4145,6563,3986
6673,10741,12246,12429,2446,13332,13950,9357,11256,2049,10479,8455,3112,8691,11726,855,3151,9899,7174,1333
4509,11522,3525,7906,10750,3892,4354,914,5306,11658,7126,7658,7670,3820,7430,1994,16166,5324,9639,4545
8991,8128,4108,11508,6286,2854,8017,1640,1880,23,6944,1865,1934,5145,7340,14999,12217,8743,6272,1629
14262,4090,12391,5444,7688,758,820,805,1990,5520,12776,9972,1898,5159,7463,1046,2491,2352,7518,8718
12089,10718,2185,5851,10855,8261,4992,14590,2235,11051,12414,5102,10237,6842,4035,953,7733,10607,8391,12474
15859,2609,14044,3676,15658,4837,5549,2335,15956,13731,11240,984,2988,7498,5535,9624,208,1396,4489,556
2417,13187,2296,10241,6318,2577,2756,8666,11973,2426,1701,11179,5483,5471,9430,10507,5942,1166,16012,9794
2403,129,12718,939,14064,6307,4639,9283,15739,6547,8322,7364,8639,14457,6727,7692,5436,986,10826,14906
6228,6876,8923,7143,14858,9275,11214,3868,10676,2239,2611,6316,10856,6438,2720,3836,10089,9436,9904,902
6702,5070,13782,7859,11520,821,10268,3739,8114,1614,12386,5134,14584,4045,1611,9144,5164,5962,5141,15988
4394,6655,461,12931,388,15847,16174,1835,9236,14304,3654,14069,5984,18,10946,12174,16093,4479,9433,12666
13030,1479,3725,8096,7571,5703,9468,9888,10332,11442,5807,1290,6479,3896,6266,12269,168,3396,7088,13754
3494,4515,1299,9685,12096,4742,14996,85,8183,1891,6771,8377,6135,3956,11307,9134,7485,2558,2984,2503
15432,1330,404,4254,14037,11100,15709,12126,5218,10032,6530,5874,1050,11359,6722,7823,16336,11270,108,14014
15061,8902,14771,2104,1763,8421,1442,11842,6931,456,3677,7800,2605,2409,10060,7956,6603,2740,680,12146
5526,11261,15701,8518,9431,10421,12531,4890,3675,1352,2662,13930,5185,3614,2713,3800,11964,1581,1500,12315
3662,417,4221,4373,8882,7317,8117,7127,6951,14735,3352,9252,3853,6252,7506,3804,6134,12996,2958,15772
2407,15928,3238,12967,4236,7640,8543,1867,10505,16255,15032,10173,11251,9596,15101,5479,5704,13529,6349,7454
7338,411,11166,13675,13341,1613,5892,13017,1510,2822,12296,236,9616,10428,16201,2312,5824,13588,3634,1379
2066,8312,16198,5155,2998,7115,16227,1405,14668,861,8635,9164,7617,3590,638,11912,9480,8727,16275,4577
10145,213,15249,6224,801,3874,4271,6751,4704,5224,1672,2716,1945,4693,547,10097,6413,9442,12178,10285
16235,13226,11539,13124,8844,10640,15165,14367,2723,4097,987,607,1052,15946,315,4589,7684,1493,6755,13835
5552,10929,16286,16029,12072,4601,265,13609,7863,7752,127,13765,15515,14943,11136,5107,4114,6017,6451,8600
7576,2617,3919,2784,2954,4364,13663,2264,7982,9066,4244,7286,6411,6443,12418,2548,13037,8154,13670,10207
10627,1137,5560,4666,7530,1858,3257,11936,5904,7513,12231,878,14724,10465,7556,11390,733,10476,3322,13585
8111,5771,1296,14054,4766,3729,14627,2408,11493,14756,12453,720,9980,14916,3503,11530,13616,4799,6053,1578
5721,922,4850,7712,12924,15912,13219,13683,9363,6688,12659,8530,2017,6717,2116,11006,13769,6476,5031,1348
11189,4162,4126,14817,9590,339,14219,947,11544,12577,15696,3082,7253,10473,5699,2612,12397,14094,6991,1497
15578,2993,13784,748,2046,6633,4579,6353,5177,4537,15190,5072,13989,4257,13021,12155,12340,1419,6056,14636
13966,2263,3925,13323,2536,6802,14424,3843,13262,7921,13983,3709,7113,13333,14271,3947,615,8735,9532,10445
8444,210,8596,8454,584,1794,5291,8626,5171,15595,10986,10731,9895,9300,1897,7026,7011,14361,3899,12284
991,10558,12012,5795,9559,3812,5426,101,1950,7287,2295,1892,4170,1184,1141,9519,4801,2148,6896,2204
2355,8079,5474,9900,5007,16302,1714,5132,1018,727,9790,14982,161,1257,2059,14977,5542,8733,12383,4388
8930,16303,7690,6979,9082,9352,11701,7520,14613,13041,4629,5975,7042,16225,7226,10462,14654,3061,883,1961
21,14533,9725,3258,157,6881,1455,9387,9212,5286,1881,15354,5439,2187,15276,2102,15086,10176,5641,10351
1215,11678,4988,1119,1336,14406,10105,6758,13795,8440,12932,14452,12048,8911,12063,3462,7917,9409,4682,7953
5761,15919,3150,7203,2982,2068,8744,11540,6369,7750,5382,12075,13572,5537,11723,3533,14118,2076,7432,6919
11991,15436,1626,14104,11606,8933,13980,7573,13604,7620,2436,609,7777,7274,6101,8529,115,15771,9398,4049
8458,10480,7410,15044,2961,14531,15557,2419,7145,15879,10675,9541,3606,13501,2285,3992,16055,12645,5290,9327
8833,563,2242,770,8288,233,12677,2202,10668,6967,7018,2545,13352,5696,10133,4513,14073,1647,5040,12657
4672,7301,4295,2236,8700,9515,4306,4105,15010,1345,1583,4149,8048,15995,6663,15846,10857,13365,16144,9785
2613,11683,9865,5160,12153,13401,1378,11123,15541,241,2800,11330,2521,1430,16375,66,11347,16190,16145,8278
463,10084,9402,15674,15536,8569,473,12304,3309,2896,6656,11004,6043,12006,670,8575,3043,508,6784,8921
10447,12082,9763,3776,9484,7081,1043,9560,9906,9629,11449,9214,3360,4347,6348,3116,617,7650,5937,12190
4383,8854,5353,1491,5857,8254,7271,9826,7006,2389,2951,11107,5481,9399,4053,13592,7352,1319,1971,2773
9307,13544,3625,14082,11516,13206,3380,2647,9777,7246,4590,12211,6378,1748,554,2156,10398,5988,1693,10233
5802,15396,12893,5991,935,3791,2485,8343,15895,810,13498,10508,7425,3439,2064,5561,8131,3280,9251,14413
13303,13250,2129,1410,4805,15226,5278,525,12772,7060,2539,9401,6358,6597,9894,8090,6903,1921,1545,1875
5651,6047,12327,1108,10155,7062,5529,8373,2941,2457,10670,10257,3515,5111,8862,4867,65,1729,5965,290
11358,1547,12081,15164,14398,12118,6505,11503,7093,13800,980,1854,14801,13462,2648,8887,7972,5091,10947,11458
14935,7923,3277,4446,14795,4416,9036,6635,3486,12279,7184,5059,4296,16274,8729,15454,6050,9114,2425,13204
13378,13060,9526,10997,240,7902,7633,12289,13023,8397,5041,14855,3044,8500,8715,2759,13624,7710,9985,2995
6211,11322,15872,3106,7963,13729,2821,2213,5238,10259,2585,10202,8068,6542,238,2481,8405,5296,11744,9897
6834,11536,16214,408,13551,2310,9854,2542,14204,13260,10573,4711,5105,5661,3248,9850,1594,16308,15780,3206
1907,9317,11223,4112,3253,1824,735,13224,9881,329,9245,4167,12068,6496,5736,14444,631,7517,5935,9176
588,12656,5451,2079,1764,11412,181,14237,2644,8488,12133,16365,1222,890,942,15684,5020,7169,12406,3943
8319,4504,8138,4389,3022,7952,2965,13546,11007,6453,16028,10414,7117,600,13949,1756,4342,4398,4173,4788
14283,1457,9235,2862,8557,139,7652,1782,5398,14273,13101,5065,2198,12717,3495,12241,3220,8852,5949,11662
5350,15629,15584,3561,7491,13594,14436,7440,2008,8946,1708,11238,13063,6480,7140,9361,4059,10879,1287,10127
8707,5352,5012,2011,8999,2893,15160,12119,6524,3664,3349,5305,10868,5514,5915,6853,6176,1575,16082,875
4929,8436,16189,203,11765,13362,14085,14376,9734,7751,9928,4441,10841,6910,2520,10536,9139,10048,3780,1288
15136,13727,16022,7994,12440,2012,2882,3120,13820,11324,7343,9848,27,4555,10199,5912,9959,10704,12262,4490
9803,2908,4714,8219,2171,2672,12264,15475,7067,2813,12823,8052,3765,10433,8012,8370,8101,2785,9546,10822
14028,3544,10429,13726,2152,6321,1323,1128,8973,5245,9107,3191,444,7995,5740,12354,2708,2439,2879,3373
3263,4484,7266,4265,8116,12214,12741,10455,6614,2168,3479,4745,11849,16081,9119,6941,14794,6190,15252,15248
4230,6960,11164,8713,9935,12120,10600,6095,10120,89,9937,4374,3584,5982,2097,5225,13161,796,13676,13530
8429,14456,14110,1602,9909,12115,15085,625,9764,11920,14601,10684,14116,12156,11868,3455,6107,11712,1657,6188
1230,2123,12977,12109,14703,6723,7615,489,6671,2094,6519,771,12189,9344,8544,321,6534,13637,2728,4086
12958,7167,591,7646,3960,154,3490,9106,4115,4024,13409,12363,5926,1615,11173,3811,14439,14254,13049,5133
10432,2802,12031,4510,6607,16126,4435,9530,1873,5000,1006,2343,9074,4952,15791,11591,14414,5938,16017,14721
5284,5919,1355,6175,12310,15223,9504,1690,10712,6943,15319,6102,4312,3546,604,15915,10585,4078,3778,12253
14186,4492,4450,7443,12965,15785,5062,11203,3598,9967,14341,354,6350,2752,13149,3267,1997,14205,4018,9229
15714,3443,15885,1889,2215,8974,7653,2077,16213,13053,5267,12011,5559,2297,13892,6431,8712,15878,12861,12286
11077,10166,9413,8679,6785,15747,7082,1644,9290,15734,16130,11969,2497,9572,2484,2063,15485,4141,12598,12295
14510,2050,13575,16211,11904,10915,8143,11679,676,7741,30,11554,7284,10352,11517,5738,10204,7159,1972,11775
14230,6444,5911,5518,4800,13300,7939,335,4795,8031,4177,14235,14240,11538,13721,1958,4751,15388,1035,5366
4593,3153,12329,11663,8702,5208,12435,22,13905,8912,4599,695,6217,3274,4548,8980,9813,6078,1143,5195
5827,9224,3424,16311,4628,3513,11437,16024,13969,8879,5312,16041,8107,13735,14029,1349,1670,11349,7072,3138
15932,9558,12341,5035,8188,2115,6471,12318,9780,4675,15290,4594,2685,7361,6796,16083,4785,2554,7109,1992
1322,3327,9673,16046,4624,1109,11034,4054,15732,12544,2770,6969,2903,361,12303,12306,1203,5793,2851,5339
6493,7510,4427,11941,2587,11905,13153,13940,9138,7739,13657,322,4609,5071,14683,2193,7691,1101,3194,11954
1005,13832,990,10101,187,5265,2464,6632,13985,4998,3461,6334,2735,3331,3887,2583,9444,10661,4110,2888
1668,13640,9257,2260,8809,13554,10271,1283,4779,1673,1772,3869,12202,3040,10406,9844,351,10514,599,6296
12123,13347,14566,9610,4740,12869,4286,5459,12338,4095,1859,8005,6846,9226,12667,2225,13882,728,1175,11438
8638,12223,13668,5809,5144,2135,8828,7386,2703,9875,7676,3476,14555,10162,10291,7663,3796,6939,9293,12862
565,16164,9432,5025,4099,7815,4918,11843,12042,14000,9866,4320,231,7128,5251,1838,160,12890,11423,7052
2379,13712,15254,1087,5279,9714,8118,13947,6949,3069,2774,3177,1839,9209,11407,2529,6807,6637,3366,9297
5476,9926,11813,12937,8498,3946,2472,13392,14773,3472,6698,8256,14905,14016,5629,7503,3429,14298,15845,11011
7086,13798,6406,12021,4452,8814,2416,7405,1868,10256,2138,3224,5906,11861,14687,9677,12309,8396,14034,5216
11015,2619,13753,6422,5379,2596,14969,2730,12553,14292,14753,7962,6168,8136,10463,1354,11128,1960,4321,8607
7680,5049,135,7276,14945,2947,9158,10523,11870,667,11750,11735,14897,11172,4011,13404,5564,1653,14988,10568
11692,15863,6472,5579,7222,15128,2406,2695,10865,8121,4285,10786,10002,10850,16354,15638,2510,3341,9281,6018
616,2586,310,6473,12500,13596,12245,2640,6561,7436,8355,4063,12904,215,7132,15818,2189,10085,6454,606
2488,4874,2677,9662,11713,12380,3653,8395,6994,13192,15119,1883,6897,5154,15384,3467,558,8778,15545,14850
910,10541,2697,1664,6518,14062,8815,2370,4052,11463,9693,723,4838,14814,9653,1864,7414,14923,6619,3758
5431,12182,15296,553,16097,11470,5896,12002,3408,3169,15575,275,15183,5770,5103,9116,1391,14731,4327,1525
1079,285,9839,9012,11956,1938,5715,8221,16297,1912,633,263,14026,14949,7793,16112,3777,12154,6626,11738
9065,11143,10396,12851,8563,3607,384,12074,2351,11277,8186,7892,5335,9405,3102,7862,10025,4379,2969,13579
5241,7073,3907,114,8673,15952,6839,3435,14486,9682,13072,10575,2524,7068,10771,1573,1732,9070,2044,3045
7123,6305,4982,6234,12692,6365,9420,15607,11607,1403,4418,5784,1086,10660,8857,5239,4082,3611,11002,15058
225,15212,2859,3861,13074,2721,3891,12265,7771,12514,7277,1924,9249,15095,6757,7950,12053,1719,15875,12810
1308,12451,10690,12114,6206,732,14523,9587,2719,6170,10591,767,5026,3459,4747,11971,3139,13537,10012,176
2576,16102,5575,2629,4133,16334,12028,10038,10212,13791,1434,13320,9440,12757,2692,792,14443,12585,14081,4734
14556,13748,7905,7966,12014,5013,8813,15576,14964,7349,3160,7247,12738,1460,5811,5624,12334,10423,1512,903
15096,13412,9445,11952,15225,15939,12839,6254,9490,3409,13586,427,5490,7445,11756,5501,14660,11681,7065,13713
3985,2753,4056,3072,14951,7249,4144,3104,4833,11129,254,11924,6499,2952,12934,7946,4367,15945,2060,15304
3581,8245,8788,4565,191,1591,12267,15204,1013,4608,5584,4865,15706,12705,7151,12647,7922,7711,12700,13024
749,7334,14171,13345,6205,2781,9817,10669,12609,8503,10230,1813,15228,583,14109,6956,5487,15302,13098,11247
7321,5360,3537,11501,5614,7154,9841,6754,13461,4677,11769,11789,5248,9126,8603,4057,15420,3547,13811,3633
4700,5047,7932,7848,2660,15411,4517,2844,9626,12268,7820,13773,11177,2265,7473,932,1346,12433,6616,8177
5281,15623,5099,4987,9157,13933,5336,6617,5536,447,5232,9833,798,2440,5879,9750,4201,9915,5016,11482
8310,10448,13647,3744,13019,14937,5473,15189,15602,7505,10912,3901,9719,10328,1218,15453,13264,393,13430,701
15458,2515,3193,16023,2224,4553,3118,15151,2927,9441,8359,5432,9960,6988,11012,12007,10637,1605,15752,7645
10016,16014,12113,15737,15018,8141,6069,5369,4469,12260,7231,9248,9426,5068,8220,4923,3860,6251,14159,10088
7992,8300,3786,13936,5115,6734,15210,13708,15303,5207,5947,14067,10820,4965,3504,11990,2134,9779,13958,15340
12197,10360,5611,13692,15368,16146,5449,4543,13082,14078,4326,4096,4451,467,120,12594,4544,11135,11125,1081
16131,4887,15902,8935,11785,12080,7261,9878,5019,9018,8650,11396,14105,10752,16329,2684,3927,6631,11908,8823
15098,3297,8732,1985,63,3232,6400,14965,13919,13770,9709,3048,3591,6448,226,4816,10246,16004,13808,7248
7412,10336,6404,6038,1317,2175,9367,15360,2209,10937,2478,8213,1964,11204,2749,603,4365,6513,6382,11610
301,510,3644,2794,12950,31,13793,933,15397,8094,8252,13275,624,3911,4064,7577,2041,3834,12908,1302
12857,8282,2496,13258,12366,521,3795,9961,16350,7189,14543,2857,14326,7805,5045,11697,10800,15158,14214,14762
390,8326,9492,14729,5850,5075,7424,14236,6302,13532,12731,11623,5993,11153,14955,6756,9238,3583,9178,13470
8030,2736,7411,7687,2036,12029,8338,12379,80,1741,4996,9574,6142,7188,11819,1683,16114,4222,14290,16047
7002,12324,5176,1580,12787,11084,10304,5810,8376,4041,3673,793,5244,11305,12756,14618,10949,3050,9486,14796
13064,15976,1127,15649,6529,13745,4297,13339,12935,4485,9239,5166,14526,5228,11186,6033,1932,2738,686,2360
7232,196,15310,7345,5522,6238,6241,8321,2237,10431,9174,428,1505,15110,2815,2824,12276,6752,711,14053
9435,3760,3977,12319,4400,13215,3616,7446,6120,5316,4237,9690,2469,2705,6462,2516,1176,3691,11225,6192
6359,9665,13679,8545,8067,12003,15920,9022,11169,925,2490,6091,10090,9796,1760,3485,13899,10775,1193,10277
6195,4262,4686,13591,15433,4896,11555,626,10116,3197,3595,16188,10500,505,12921,10812,5889,69,3841,8708
1716,4717,13055,15161,11151,9856,11483,10848,13358,6820,4113,11885,9886,8058,14135,5057,15133,5004,3551,8947
14769,14373,6430,14717,14708,6201,5939,4688,9316,11855,3192,13631,12377,13854,6694,8206,10910,11814,4528,6067
426,3913,8168,8493,6072,4774,1567,11326,14435,11194,9620,5215,9183,11465,5567,5358,2387,1709,1540,1797
665,13169,2853,12236,9564,15765,14885,3312,5242,5191,1579,10053,10106,15520,6225,7501,1622,1771,3070,2877
13638,8412,4680,15498,1429,5315,16378,4004,1427,5453,2234,7879,2096,14754,10018,13380,1058,3216,14726,12323
5301,8842,2831,12829,3741,15516,7967,15014,3189,488,1309,11884,4796,11054,6339,6125,5083,6894,6974,6804
4337,3980,189,12408,15566,9666,12022,3291,3856,1847,8728,15719,1325,1198,6226,5227,8329,13076,8388,10515
10751,11721,11900,2894,3754,10149,10924,12417,1439,11408,200,5588,9885,9457,9982,1448,16261,4088,180,9713
5206,1291,2029,841,5691,6275,7702,13887,8886,2555,15021,10117,4423,16218,1807,14083,11384,1293,14503,4856
8127,635,6932,4527,11245,3394,10954,13279,6469,5419,669,4229,13150,6283,8247,15045,10486,15152,5046,8208
9876,4143,11481,8352,6925,3621,1555,10961,8789,15637,8354,11484,8958,15284,6857,2665,11337,10769,251,7656
12981,13838,10646,9410,2054,494,4414,9747,9497,9372,4176,509,7704,12271,1890,9339,14985,1576,2922,3030
15972,15871,6676,7936,8786,7743,13200,4240,6666,8268,13541,15156,3570,6526,6306,6435,9461,10884,3325,13939
2513,11413,12263,7775,8046,12431,4325,6709,8934,6557,5749,1815,13202,4991,8624,1886,2020,4638,11044,13963
2776,4659,9135,14123,7172,2136,4971,15479,6773,16080,13428,15451,4644,3736,6343,7957,3247,2305,2876,13097
2303,14933,8901,1118,3225,3628,13562,13714,3578,14210,4205,10930,15307,3594,10034,2177,12043,3250,16086,3127
2117,8752,2842,15441,197,38,8040,7368,3368,6766,11398,6036,14232,12475,4967,4781,1298,5601,10839,9255
144,6871,13176,14505,10547,11909,13978,15509,13890,14440,13261,9382,14643,9136,5540,1113,12273,9349,4079,4812
5275,15953,8291,7749,5913,10807,9216,10630,3815,1340,14513,2253,9542,4727,3326,11188,4674,8759,1733,1480
10544,7175,5817,11570,9428,8560,8227,4282,13527,7586,7147,3805,10205,7464,8977,6913,4961,10553,6831,10308
3492,14229,647,3452,2618,3420,9661,514,7728,14087,6347,6745,13508,11571,5153,4536,5856,8217,9181,1601
4293,8680,2799,14307,1968,14150,3100,15923,923,4000,6086,11841,4611,10206,4215,10320,7480,268,15286,8996
8026,15196,1726,12498,3237,15470,5480,7242,13618,9618,1526,7306,13193,8441,1307,4486,8403,11050,11786,10739
9014,12693,5713,1812,7996,12090,2687,11671,4803,4013,1138,8324,5640,7773,16157,14572,3092,15486,7163,15832
5836,5686,12512,7639,445,9035,12753,8779,12360,8647,15079,143,10422,15370,6370,9815,12648,14022,4938,6856
9010,4911,15659,7393,1213,13649,6623,4562,8406,4820,3264,6973,13559,7322,13840,11911,7732,8961,8004,400
10531,10046,5422,789,976,1845,8716,16101,8895,10498,978,4836,3823,4393,2681,10150,2118,11965,6189,11436
9642,1598,6572,2207,3657,15378,15580,15707,6407,15474,2311,11086,1879,14723,8528,8446,2332,2968,1431,9028
6169,16136,12928,3399,5775,6174,6402,12461,9934,4036,2628,2422,14504,10029,14245,4689,5894,9700,5385,6377
3319,13807,6961,10294,8287,2562,2661,3049,5576,9936,5261,14934,11456,11029,14995,2082,3573,11573,9968,2840
10693,429,2015,15374,2418,1414,3530,12026,2421,972,13115,2466,12503,7208,3361,4214,9667,9916,2791,3027
9989,15140,2393,15656,9923,15582,14353,8197,433,14785,5443,9237,6966,12181,14807,7344,14363,4083,8383,2807
11831,12062,15052,15699,7130,846,6933,9757,9093,9029,8697,13526,13790,12088,2261,14008,13291,12747,5373,1882
605,11566,4102,2724,13092,709,15000,2652,3762,5760,3785,15389,14692,1415,16346,8223,407,3017,13767,12833
5167,14125,13903,14061,3094,11163,5548,6439,8982,1707,5380,3957,5804,6259,7893,4705,2845,8875,2163,13671
8653,10732,12582,4894,11632,11039,3229,13651,3697,8238,4453,8929,13216,10963,11375,10400,9531,5916,10688,13771
4884,11944,6478,13387,11816,9735,14269,6381,4219,15221,5050,190,2750,282,6427,4522,10678,9260,10457,2868
333,7757,3451,4081,11271,6862,8166,8175,4516,6787,11145,7864,9622,6983,9945,5237,2772,3779,10692,7256
9072,11982,2636,12889,11634,3235,13694,4615,3999,1906,9487,13374,15327,16068,15851,6463,8298,13468,2881,12220
186,14953,128,3731,7649,10021,7669,1400,8425,4530,13768,9804,7299,2002,7326,5118,14992,5917,13282,3273
14940,14471,11104,11645,850,2565,9306,4532,9475,10834,13013,12706,9676,232,8202,14475,5298,6216,7930,10677
10650,15301,5842,1285,5620,58,9776,11061,15783,8328,1486,3285,1122,931,6978,6892,7559,11998,5092,5678
9849,5847,9147,2838,4607,10787,8774,3246,2925,856,13342,14783,1560,1249,12332,12597,646,15421,7951,5257
2798,16159,1757,6061,8258,3156,15097,11528,9454,10094,12944,10987,14868,14247,5310,11592,5586,6909,4925,169
12480,1153,14265,7119,5388,1002,12193,10938,2668,7099,7005,3077,8595,13222,8794,2946,14340,10142,11795,2963
1165,7101,2248,15507,13570,40,13140,15722,3473,5516,14023,14732,1604,4962,7774,6832,7403,8660,5300,92
6060,8323,656,11812,13452,6187,7020,14950,4547,5066,14234,5980,246,9478,12905,182,1809,10722,8394,1542
12527,14886,3114,8159,6011,9655,13560,6009,15168,11032,1156,8081,2866,3268,1970,2940,11925,3178,12788,4339
295,12252,12344,5322,11823,3286,8856,8870,10703,3941,9287,14013,3011,1517,1649,3996,5566,4181,6849,11742
10944,4919,14516,14528,8008,3810,9389,6914,1631,6525,11175,8903,5825,7477,5707,7215,12639,4280,958,11877
424,9050,14330,16094,5202,1312,3888,13646,16231,3665,8095,4733,8335,6071,7895,11001,16300,11226,13923,15347
8932,12877,14567,11810,4563,4122,5303,9223,13781,14694,14564,6041,3055,6183,12530,964,1599,5755,81,8184
8051,364,8507,11919,664,9391,10,7268,1917,7509,280,10641,15480,5603,16322,11088,13318,3788,774,14458
7516,14960,6143,15403,6905,3041,10595,5258,3407,515,5543,12790,5147,15323,5725,13134,5930,4249,16036,409
843,10574,3432,1515,12229,9159,11052,3809,9766,1209,5997,12234,12111,10904,12676,8325,3559,10045,11923,7482
13833,4037,7165,15016,9753,12874,3905,10823,806,13929,11332,9950,5527,1024,1922,6449,4566,3622,11356,10639
14165,14467,11496,4782,535,7273,3348,6360,4483,3893,12395,4582,2996,3639,957,12199,5247,11198,1444,11042
14295,11830,6878,8684,4191,13122,10266,11770,12650,5885,6987,4472,2376,3180,952,12901,6461,6776,3862,3952
4255,14941,8891,9745,6845,3450,9330,2657,1675,8053,6690,11340,179,8470,9887,4972,14051,7625,6611,10818
13613,13309,6492,12093,1876,5989,5910,13471,5465,7177,1413,1556,14131,9076,822,5266,5494,1245,11852,3539
4245,15206,12607,6239,5898,3172,12818,15930,14700,15068,611,13687,5129,9009,16357,7308,8491,13450,4507,4360
3940,1147,4251,2517,13102,13732,7014,10438,11435,12972,3296,1788,13974,5790,1343,8112,16245,6760,15634,9495
9533,155,15438,10809,202,2281,4560,12589,10221,6034,8011,4425,15092,7999,2912,9769,6428,12104,4272,4792
15159,8236,14604,15264,11853,788,10485,9011,10123,8387,2643,6112,14540,5845,12916,1454,4206,12240,10231,8741
6657,9080,2540,4368,9345,11433,15134,15065,7885,15938,9464,12097,2320,9319,7359,11466,13789,9990,8926,15299
13028,4697,475,6638,2179,13545,5109,8439,9137,11386,3211,3797,1077,6899,14990,16143,14060,90,12064,5367
8302,1089,10821,10701,7542,3083,4218,8362,13951,12367,4825,12710,15511,3563,5365,6870,15631,11753,4809,2783
8948,7865,7850,5829,7612,7467,3983,6109,9058,8341,15460,529,15053,3647,6725,8201,5583,3866,6895,8620
10984,8816,869,3046,3091,12774,7623,8905,5828,11191,8460,5371,6670,9023,11028,9917,1702,2186,3650,1228
13806,532,253,11038,78,14586,8037,395,5959,11141,8369,352,5547,11772,12460,12112,14497,9110,6003,11301
14986,2938,10698,4287,9244,7563,11984,9627,100,7797,5925,10960,104,12651,7755,11417,2675,15940,5477,3078
6203,9659,1954,5582,2270,6683,5863,3945,4835,4462,13130,382,13597,1056,4407,623,14764,10770,12035,12410
11268,12560,25,596,14380,2964,13680,2886,8306,12558,5596,4033,6779,14603,3306,6843,14673,14804,9353,16199
7289,9669,1461,15599,10825,16367,11401,8435,5621,2805,10403,5785,3698,147,2130,15814,6528,15757,10236,840
11879,10191,15613,4978,14134,15970,16154,2597,5445,5308,9999,6822,15263,9033,6710,9879,7557,12568,5223,11714
10477,1860,3982,5198,6592,11488,8532,4226,13338,16270,7536,15918,16033,97,7335,7465,14722,2935,10203,13429
14879,904,539,8056,14175,10356,11833,5458,11416,15293,8273,11625,7381,6866,15106,10051,766,264,3124,10922
911,273,13937,1183,5152,10040,9606,7316,6781,8806,15227,9097,5558,4662,7825,8285,1899,9737,8516,5592
11739,14624,6855,1041,10926,15586,7474,9250,4893,8506,5934,14402,7230,569,9118,9090,11864,8880,6890,2358
8161,6938,2434,4723,3002,1197,12004,2580,5600,8914,5554,14169,4847,6975,16079,8888,7194,7257,16349,11700
1377,12522,13040,126,3642,14619,15888,9104,15144,7708,7889,13306,7429,768,9823,3640,11860,9994,16298,3234
11815,9201,8375,15604,11096,12008,5018,5502,14827,13635,8,14911,8427,11241,3814,15146,13519,6613,4478,14565
3081,5595,10538,4104,15272,1337,3596,5970,14713,8469,14579,7209,9085,4907,2620,11091,502,3426,3339,877
3906,11787,6837,13507,9911,4066,13138,15259,6658,5503,7886,6746,6267,5112,7910,1485,13641,3489,15522,79
4707,10208,4047,2933,12061,7397,14357,5233,1332,304,11053,12991,11467,8594,4754,14372,12556,15609,2603,11595
3436,13691,8864,9883,318,592,3137,6423,13891,15205,2392,13763,7199,5814,12697,15823,14587,10876,725,15409
8263,16341,8965,13327,9185,1728,10288,9046,3299,8969,8098,1381,432,14844,11837,3008,12390,336,10216,3249
10891,11996,13656,283,13627,11895,8558,2085,1034,3998,4147,8420,1908,4074,12709,7648,9932,9726,5430,5787
16260,16150,5779,15655,14578,2855,1946,2646,4860,6159,6405,15905,760,8105,6124,14284,13875,1770,9657,8504
8763,5909,5146,8233,4878,6701,14892,1189,7214,3879,3859,15364,1900,6130,780,6483,15731,10846,6575,15122
4940,8636,10680,9296,15257,7782,14910,1040,2324,2547,3766,14546,8191,5578,9733,1608,10380,5568,4150,14759
3993,11817,11250,5209,1928,13772,15535,12283,2199,15571,2009,4853,3126,9016,5797,14616,737,3531,5820,6630
4879,6052,134,15855,4294,1466,3706,12584,11300,1037,4500,1435,14455,12999,12826,9313,12876,4906,10063,5370
4710,4917,9656,6440,10375,379,3371,7596,3572,5391,11165,7705,614,15135,11094,16217,6263,7001,11142,13402
8447,3922,10788,2232,12540,368,9748,7197,7790,5085,14639,4953,9024,7212,9800,6747,7404,14983,844,28
6250,16343,9834,2255,5685,11462,4943,6808,10952,7044,717,714,9421,7567,6160,12812,11404,3015,2329,1463
10919,652,16313,15562,7638,14375,10144,2405,3802,499,1564,6136,1368,3597,4765,8091,11871,13454,5280,15198
9322,14401,7954,12856,10781,1878,5940,10426,6065,3141,1373,12606,11648,7700,8180,12473,10440,455,5122,1918
14569,734,12724,9576,11443,9565,10239,12764,797,8631,9861,11222,9488,1936,7055,5628,1017,3295,2340,812
12428,16135,6310,1749,7083,12865,7245,8150,4885,16228,13014,6264,11589,15100,8773,7831,8695,9964,8358,8817
13894,2167,15461,6268,11440,16271,9429,244,15718,2664,9219,16065,8303,5221,13920,9302,16070,8085,5539,3209
15596,5666,7545,15091,8848,10453,8279,15799,15314,12169,2325,7590,12894,8449,7079,15224,7938,5990,3548,1386
8215,5789,9807,9228,12815,12819,3772,6963,11970,7217,1011,5127,6291,10900,500,14193,11790,5615,1375,7524
3470,7537,7539,1590,14925,13108,6554,8211,8722,15330,1777,6466,3087,5977,1169,16180,2932,11014,2659,2972
372,13481,14195,1019,10552,2739,3155,9108,12554,12256,6154,7468,15588,2945,6436,2286,9298,402,6138,14841
6527,5156,7868,14739,1787,9867,13828,5005,10657,12301,13886,5681,9710,983,9356,121,4375,3105,11095,11353
2445,14712,15743,6535,12494,11599,8264,11083,12781,566,3615,8731,16259,15017,16001,11284,1569,14688,7507,8050
7428,11759,8893,12025,7662,6703,8904,14641,6200,4780,11636,965,4397,6926,10543,11074,6062,16177,5968,12954
2317,6288,11903,10381,12775,4361,15985,674,15929,12509,13257,3067,1150,11363,10140,14920,5953,7157,11887,94
7742,11037,2221,1472,6082,1725,6590,8445,6553,6642,9162,10337,13395,5302,956,4571,12187,10589,11820,1167
8142,7716,6548,4939,12913,536,8737,4305,9059,10853,4643,9359,6022,14007,7036,14707,13312,15145,14387,6555
3934,1258,13957,9373,7318,9369,11699,12726,4129,269,9608,10201,3284,5752,13383,5680,7926,7672,8748,8390
8360,7918,12817,8244,3157,11986,12730,3107,9406,14325,8808,8782,12570,2083,9450,6273,12737,1869,12280,1699
3826,4618,10126,5190,12349,11315,14476,2920,15353,3910,3799,14577,11085,15030,11048,4561,207,13069,8295,10275
11303,1674,8824,11393,5639,11205,6058,5137,9182,6699,5683,7198,10160,7251,12536,9594,6132,14086,13399,7236
5758,7664,16216,2837,715,9268,8218,12848,7375,13599,2693,1973,14157,12786,15477,13724,15870,2761,8686,12845
9871,2119,9347,8661,10504,11055,5421,12290,6740,11167,1217,8777,13466,2549,8074,5728,6580,9799,8850,14257
12768,5268,6215,2127,2347,5626,9127,4969,2132,13208,3205,8331,13548,14740,15876,6342,8049,15393,9649,2375
15839,1270,5617,14727,6394,14663,1208,229,9437,1738,3215,6103,8960,10074,7426,2001,4256,3498,15336,4798
8662,13047,8866,1829,15207,7806,4858,8938,2506,2262,4840,917,1158,2870,8482,10442,13843,1620,10849,15624
2357,8837,7077,7241,5058,10864,5356,14492,6488,9077,6877,4290,13977,13871,15698,12884,1022,11066,1722,5188
2321,1496,1767,6338,15217,12069,6803,6118,11844,6243,355,7802,10122,3004,10763,12365,4758,13077,4614,5902
11946,519,3165,9142,6838,4405,15529,1055,7971,1527,7164,5158,15283,9254,966,15756,9901,14333,2755,7434
2337,11475,16063,2140,4640,5748,10517,12725,158,8262,2955,9284,14057,15628,13355,1160,3213,6828,9641,33
10039,2962,3032,14878,12046,8972,14842,8361,14957,10019,16319,655,2246,3239,5720,13340,15958,316,6385,1731
5253,5944,1519,3113,1818,99,16109,2818,4253,14258,10519,10315,3497,3882,12091,6589,11357,5714,7050,782
11691,9756,10681,1411,216,2219,15274,16296,9518,16248,2415,4075,1692,757,365,3266,14031,7179,7856,6410
13710,7804,5404,12508,2069,640,9809,6265,9697,12535,8907,10388,7628,10779,6585,2217,12796,211,4062,6546
1802,10819,3068,11500,8651,5090,1374,15488,5162,13636,2745,10638,15149,6783,11826,668,2346,15521,7385,12333
3747,13574,9567,15926,3001,14811,8683,540,343,2626,4158,1069,11294,12588,4234,3287,13921,9088,4406,3618
12495,4984,4303,11286,9549,3182,14208,5577,5599,4732,2091,5792,9664,3933,699,11846,2754,5733,4401,4942
11020,377,15169,3963,15925,6965,9539,9205,10383,7729,12421,1261,9788,12125,1969,16092,2028,15201,8137,13458
7765,14350,14836,11102,3214,15139,1390,9008,8767,7853,5377,3003,10298,13555,7673,6388,11174,6646,4891,2538
5572,10978,3752,12658,1965,1852,3075,12017,10761,14750,8216,13499,12403,3721,12001,11552,3029,1793,13778,11414
6778,5798,6700,4134,15333,14979,15724,16042,10301,6356,10881,3553,7624,223,2707,1032,5638,1737,5341,5634
3648,700,11010,15429,9279,13396,9013,15500,16191,14674,5840,4258,6458,14791,9711,881,10434,10697,54,4434
6660,6788,7585,15173,8589,14709,1281,13182,851,13164,1088,5204,4302,7031,15594,6510,16121,6823,1371,5409
3964,14459,11276,5837,9375,3056,11023,12802,12056,13706,1388,10344,256,6249,5590,11425,4658,10478,15012,420
13965,3989,9553,8693,12736,2414,2067,497,2769,567,2686,13251,6088,14287,10645,8553,10895,3302,12215,2731
10671,15884,8706,2977,11385,13207,5780,1313,8567,14681,2353,4564,2622,11157,6795,3018,3663,9611,10566,12452
11695,8418,10306,15539,15531,11613,13590,4949,12455,6314,9125,838,7146,3174,4505,10436,3047,6113,1082,4431
8069,15775,13584,3200,4399,10889,12302,12191,451,7150,5649,248,435,7717,7239,3190,8531,13011,8193,14189
469,3379,11854,3923,12694,7766,1133,4455,13812,662,13191,1630,11507,7264,9525,2492,926,14789,8550,12591
13286,3580,2144,8404,4886,6482,14411,2166,8109,10794,10957,12331,14102,6819,6202,1436,13375,12828,10226,15035
10745,8510,15750,8367,11235,12487,6376,5762,13160,5609,3967,8372,14685,14068,15295,10461,1694,12782,10249,8916
14936,5606,13070,8742,7057,10806,4467,12448,15318,16253,6859,15773,16038,12752,3813,1384,6769,811,13391,2889
2018,8176,10165,9646,5605,4180,10017,5545,7481,16141,6602,12696,6210,11947,8172,14481,1320,5711,3020,3444
13203,11273,405,7452,2564,1952,13325,1347,4778,13227,5952,12915,10399,7735,16301,8286,7515,6947,6629,1586
13276,1157,4120,6568,14894,5263,3342,8922,12655,8086,5531,10283,5880,4259,14763,1394,7448,14199,14228,14651
15066,11457,13677,1100,13297,185,6361,3904,10262,7243,7855,9922,11981,42,15683,14183,8232,14903,8784,9566
1276,11314,739,10932,9177,8155,11951,6520,1727,9026,3183,11622,15653,12057,949,6762,438,1251,9581,2349
527,15853,11399,3480,7034,1570,2098,2390,3756,10022,10387,9798,13932,10649,10168,7493,9081,11736,13898,8561
12795,5157,16076,2746,13935,13467,11304,8981,2717,11827,3969,7365,15841,14553,15391,1949,10290,1552,386,10177
14266,1220,7488,14215,13128,16156,15235,6181,7104,10391,2975,14289,11665,7347,12157,15455,2427,13389,3609,2084
12419,14114,9051,8472,1026,14840,1721,4862,3179,15428,12557,12127,8546,7659,1404,9129,6415,7778,4188,5229
14431,13244,12352,12945,7490,5630,7900,6325,1190,12960,15980,9603,12177,15179,6157,10163,7207,905,11285,2331
15253,689,2437,1416,2550,6792,9842,13961,740,5528,7312,13855,9240,6639,12733,2160,12975,11369,1998,1120
1534,7547,5636,14720,5618,8803,6395,10472,15490,860,632,2364,7730,2584,1025,2914,15379,13491,8283,951
15615,8566,9981,14640,14400,4403,1365,2099,7772,12516,14249,13783,7619,10742,2748,6706,1826,7745,8703,15203
7686,7024,7023,5323,12739,1428,7817,6996,11197,11306,9198,2304,6457,13079,2828,10282,6393,12488,4198,2432
5357,10273,14515,1179,10764,13016,5405,12719,13876,1239,13650,15262,11943,3410,11563,6235,936,13557,13801,8897
7695,3343,14268,16353,10065,13564,8855,11962,1440,9569,3395,4977,3845,12622,11779,6287,5414,4482,15944,272
10866,11291,4089,13825,7888,12066,11688,55,2653,3994,8162,1750,14133,2010,9778,9829,11661,8577,2671,6039
15867,4111,11287,11602,8434,6151,3354,12147,11108,11891,5236,11978,2702,15986,12702,1582,8846,15414,15028,6814
11650,8745,8408,13246,10526,6668,10624,2843,4931,1986,12566,4092,769,2991,6558,14004,716,7860,6726,8699
14182,7606,14172,891,6345,7030,7665,6270,4524,4584,10993,10366,1919,13907,14991,3831,15329,7784,5767,9312
7535,6962,4288,3961,7265,14238,1116,3454,12687,2145,11672,6308,1178,4824,10664,12902,13582,234,7096,908
1329,8003,3051,8766,7298,12222,9925,12576,1959,10467,2928,10112,671,13533,8417,3873,7786,12248,6031,663
10417,12750,5660,10109,15700,8448,4986,13796,14615,2206,13284,15352,7754,1248,13455,10379,12968,2092,785,6328
2704,8147,8658,13803,7282,12743,15077,4107,8462,239,15244,11278,10740,14751,10161,761,992,2302,8309,1663
5328,621,7220,16209,3132,10153,1163,12707,14384,11777,4494,3231,10995,4655,14599,9795,10721,15219,14646,1315
12132,15959,4806,7453,11394,15887,14198,14812,3727,10245,16240,15627,5670,10623,12619,11252,13086,15687,9155,10557
5756,6774,15585,8604,4871,12348,145,16283,5955,13211,8430,14111,13792,6569,2910,14155,6354,10602,12404,11366
6628,13762,8830,11618,4183,7058,1885,6460,5706,2691,11190,15787,6445,9716,7278,10858,7973,12184,13780,6446
1148,7111,7901,7413,14448,4152,6686,8892,9188,8006,4739,7237,13201,15786,13476,10342,5705,1469,13605,1607
13850,1300,4636,13992,7472,4848,5607,6320,15540,12973,4921,12438,11631,1532,3181,8082,1636,13184,11674,2956
8746,5734,3149,3871,1541,9112,13909,9582,12562,5897,4857,1713,12638,5205,11955,6498,6389,3392,9783,13027
11793,11057,3978,8204,8659,10854,4602,9056,4935,15990,15197,9977,10673,8542,15462,14463,7593,11578,9099,5852
7562,10894,2590,919,10420,1027,10412,6982,7399,14744,14002,7838,10452,10272,6315,178,8205,4195,2410,8234
10715,9591,12405,12294,10251,9638,7423,3828,1093,15185,9689,5495,7810,2604,5960,10408,9180,11608,13881,2111
10492,7097,835,13908,7323,8858,391,11586,6721,10983,14506,5498,16021,8949,5890,2742,10633,4764,14173,8663
15300,15260,15495,10027,12989,7828,4583,17,3661,6516,11395,9169,6810,10792,6586,14859,2823,15695,5104,6811
9311,13688,2694,7478,16015,7543,15400,6791,4540,10003,3683,4139,7904,1816,8071,4769,14349,8411,6116,15443
10054,14680,6218,9949,13701,8246,4512,13943,4944,7592,9067,117,5437,11914,11731,13777,2287,3453,10451,9557
7931,14017,6906,4340,1956,4819,13183,13944,14967,466,13725,2385,4642,3705,7548,14917,5675,11185,7449,209
1957,7053,12467,1710,15987,10888,8468,6464,7554,5174,10082,14213,6552,9253,7581,12233,10005,5731,12940,15564
11279,47,3702,1380,13032,14301,13739,5994,13500,7406,9952,6248,8119,5161,2182,8240,7455,11439,15667,6412
10254,11159,677,8456,6912,4690,11550,9054,15532,12866,8242,4362,13006,6716,7181,8966,61,6110,4233,159
12346,2380,224,14833,7269,9206,4883,6475,10559,5753,4371,10496,1070,46,3505,11588,11993,4882,2718,9555
9903,11518,1318,7252,11148,11352,10292,7402,15056,7054,371,15444,5844,12506,14306,131,13986,11265,4031,9368
10768,11351,15968,3251,9273,7421,8160,1408,8125,8495,12814,9938,8499,5184,3915,1303,3924,12382,3314,11267
10497,9752,1759,5172,13259,434,9853,11627,16178,8171,8971,14757,9880,15450,2157,9336,10956,13405,14499,8022
13269,2055,3976,14282,2816,3195,15187,430,15288,13085,8156,4960,6495,14895,16237,10499,14514,15036,15554,60
9966,7988,4892,6285,12381,11257,10580,13758,7681,10147,7519,4979,5009,6986,8576,15315,16184,10570,1577,5936
12161,4017,299,1507,10579,16254,15567,8088,3903,10593,7713,11684,3877,13248,13841,13941,3028,13075,10928,4904
12163,10502,12679,1353,2298,12691,6893,1535,827,3242,14863,2476,12761,5633,5604,8023,439,14178,13457,12805
1003,8736,11867,12899,13151,1263,4786,10744,5076,13406,2902,10966,10754,13660,8992,485,14544,10730,8643,15481
16243,2366,6887,11670,14888,5078,16307,9,13514,8459,6816,3761,1739,4554,7025,7216,8811,4669,2218,11906
13230,7591,5293,1256,15702,2744,8471,10354,1445,2683,7841,10235,13335,16330,10798,1743,153,1092,4344,836
2493,2942,9544,13824,2194,14819,11542,13356,3938,5340,3852,8330,10990,16075,7589,16215,1481,13487,13190,893
48,3827,16338,14242,11509,491,12678,12128,10852,9598,7056,7409,12019,1761,848,8492,2936,7795,10967,12860
7456,4503,16104,9045,441,6735,8874,10369,13343,7837,7882,3433,4784,5395,10572,14802,1494,6408,650,10362
6601,9451,267,1359,10705,2637,4534,15727,11341,1671,10707,2616,8995,8231,10869,13111,11882,9404,183,11103
1372,13695,14766,360,800,11249,12836,8975,14854,7891,6647,7100,10392,15914,10735,4657,2124,6886,12653,9907
6712,1062,12720,324,724,8871,8122,14261,11526,10096,15118,9042,6588,11298,15610,6661,3757,14563,11323,2241
11243,2669,83,1625,16133,7092,13171,14551,2867,15844,7796,11373,4466,10355,5399,12729,8349,13344,15040,14728
1020,4692,12250,6749,2567,15883,15251,7028,11938,4076,230,4356,11808,10909,8612,11557,56,11549,16251,3391
2026,1627,4722,13280,7439,1870,366,12721,15171,11454,4767,6652,10460,8800,8269,9101,13964,4080,9247,10223
7218,2277,847,10491,7940,1173,5043,8414,2374,1718,11639,12511,5203,1310,14409,11824,10516,9462,15216,10302
10719,9055,2256,8399,6665,8527,448,8235,15868,7618,14,15483,1269,7173,2038,13513,14317,8601,15811,9355
3186,7500,5834,5625,12760,4600,10743,1452,552,14573,13523,9130,4319,731,6375,1063,9358,2073,9691,15703
6441,10555,1182,11732,9510,11041,2733,12401,4877,9152,9889,10503,9166,151,3700,4252,5375,4016,3119,9791
13709,11329,2526,11874,5354,10799,13895,2990,9412,4263,2913,1114,11778,13337,13744,11233,9005,4334,960,3053
10182,14818,9695,4169,14536,1204,1823,818,133,13088,4137,11988,9579,14045,14997,274,9550,4790,6100,12825
8559,9102,8013,10469,8709,10083,5044,15681,4324,10338,10210,5769,938,14065,459,8164,4208,2570,3987,12320
9331,7191,7461,3962,9585,15523,2030,524,10372,5378,12923,8265,16331,12221,6484,4934,4395,16376,2470,8849
12784,10906,11049,11139,6098,9179,1857,8313,3718,2222,15965,14343,12911,13311,4551,5671,7255,53,12362,15463
4776,12409,2608,15630,6108,2875,14145,313,2454,4968,11569,7747,11556,7763,12930,1796,15527,13351,7394,6332
8272,993,16103,13135,3332,6981,3080,3276,3975,12203,9100,11070,5544,1012,6624,10939,338,12797,1155,14797
11200,14874,5866,13716,3163,15704,13877,14508,1521,14623,11629,7598,14385,11633,4155,15742,1038,12635,10628,13247
14747,3711,11664,15009,9064,15335,10702,14049,9740,9258,13955,2147,4351,11741,1951,8585,7584,10110,10255,11761
1561,9170,4192,11485,12855,9974,10899,12218,9832,10564,4142,13488,4159,3894,7457,4588,1641,13112,10562,4392
12317,831,3289,12800,6549,5819,15508,7131,6664,9499,2624,11872,4649,12765,13117,204,4676,5320,14664,3244
9141,1464,6327,12910,4429,6179,15418,4085,4868,6374,2275,14487,948,2065,9921,10592,10179,9810,8363,7789
3652,10976,11898,1606,7945,10334,11115,15568,4631,7762,11641,9628,12266,15362,14331,16206,6720,3,16339,3603
8515,4275,6074,4051,3185,6128,3233,7984,9892,645,7644,2071,1111,6567,10296,15603,12581,1061,8028,4531
7560,4827,15123,10920,8203,9407,12927,9563,7107,2898,15343,8034,16020,16268,4839,12970,11308,12204,16162,7529
12444,14190,3926,10842,5196,6860,14224,2078,3304,6292,7275,1783,5766,7724,7558,1278,15648,10903,5410,8072
12569,747,13553,9434,10733,12561,9741,2228,8614,7372,1940,12400,8467,7538,12873,16116,1358,1036,6028,2592
15996,12107,13813,6538,4477,2363,9789,5175,6904,12225,5768,8714,7675,1030,6544,5737,421,3849,13620,11328
8140,8014,9365,6390,7007,10746,3997,13479,1136,11000,4994,2803,15268,403,13419,10363,10662,7235,1267,2039
2606,5163,5135,6806,8970,6680,8986,8007,15692,14947,1904,9264,12745,10287,5565,14352,13296,6497,4007,10522
10583,12519,6953,5622,8108,12351,1574,2706,14252,5853,15308,3824,979,12906,12821,10548,541,2666,6177,11897
3854,3269,156,5932,7821,3308,1121,8158,10194,4396,9592,4813,9003,442,9890,12378,4193,8711,1774,5662
171,16030,2871,12953,286,15326,1983,11838,531,8061,2474,15255,11321,12983,13384,7803,4140,6651,8199,13018
1446,15680,13377,10714,4976,5468,7333,12875,12192,8366,6147,620,3995,12528,8633,13408,15127,2950,11948,10225
6455,5882,5833,10648,14677,16016,6729,7787,1401,14560,6684,8717,598,9021,4093,12416,15553,8334,8169,1412
1506,11212,5946,1551,1483,10078,14609,102,1911,3890,12947,7989,10189,16306,10244,14873,13821,14839,8478,11354
12101,2981,7849,13118,14697,7718,9898,12995,8145,8297,15982,2599,9438,9288,8226,4148,1094,12171,9498,4068
15555,7977,14168,5008,6346,1734,10250,2841,11989,10415,8573,13080,6021,15437,9418,8346,1268,2452,8167,9538
14845,12375,146,11158,9929,4385,3806,11391,5672,11733,15416,12898,3328,3036,2354,15316,2361,1395,10424,791
15055,12933,4432,450,4106,3575,5964,6131,11850,9717,7818,5033,7037,6304,8289,9505,476,3062,14346,5700
4597,14212,12299,7925,7540,6507,7689,8931,8915,5084,10171,2809,6598,1623,741,16176,7858,915,323,6171
14832,9161,13953,8513,14755,4382,10033,9831,14539,3567,3464,1474,11464,9955,8029,14853,10247,651,5687,2751
9811,13087,6764,7094,2591,14280,12695,7654,2495,16167,6730,8627,8327,3000,15125,15964,6591,5838,10211,11434
13035,3876,14549,9366,7262,13776,9852,14600,12640,8827,8734,5830,15738,4552,9092,14704,12574,10685,12854,3223
4363,1459,14370,6772,10131,9385,15973,10827,2423,14296,9678,11019,15366,9671,11669,14919,4587,219,5816,13916
13369,2839,7492,9038,7959,5447,15948,7666,9845,8457,7674,2453,14355,11339,14701,8230,3059,3875,16149,9613
10643,8781,6873,8521,14614,4278,12887,10530,11666,9210,300,1067,8419,16049,2710,8097,1501,14918,8317,2288
6891,849,13403,7611,9191,9910,9913,2210,13288,2013,684,7059,6848,14381,6274,10454,2763,116,6289,11590
7291,752,2634,1016,6185,2992,3773,2792,2552,5113,543,14765,13696,2443,857,13863,2915,2834,9512,11968
5674,8834,9837,13485,12443,7484,9527,1149,3932,10000,11397,5428,3449,2106,15608,6068,11101,12148,15022,5124
5895,10333,13168,7442,16002,10603,1565,10326,2316,10347,14761,3526,4873,14622,14040,11134,9965,13363,816,8753
5872,2727,13156,6269,14860,10043,7370,7914,7514,10666,899,16292,3753,12149,2024,5689,11348,2341,5321,9739
14305,8120,7254,1982,11405,13199,14101,887,15574,9329,14246,7647,2907,11876,8483,13720,14710,11749,3184,2919
4568,12328,10172,5854,5089,2404,13975,16204,5729,8572,10037,15528,13020,7986,15013,1632,6027,12685,3024,11825
16142,11698,1164,1389,16025,14898,9552,7826,6958,15726,9772,4277,15401,15802,10708,12740,4304,13475,15598,5868
10181,9200,13998,6094,570,14638,11071,6867,703,12274,8681,6126,8749,9687,3357,5464,5345,14460,8998,15292
9614,2568,16282,9449,6922,8259,16185,8762,5466,1804,15804,8894,12837,2244,8062,6738,4197,10300,10565,10663
3101,568,1695,13619,12254,6367,10608,13438,906,2103,12549,11468,9573,6005,924,16335,13231,8380,10330,10654
2595,7660,871,6467,2680,16078,928,15011,9096,9261,5945,14975,13445,6728,1624,8185,7395,6046,5101,9654
2309,3600,9963,11514,4818,9207,3491,10551,12840,15075,3374,11764,2615,8646,1124,3168,15024,15626,5349,14768
13848,6970,2344,9619,14046,13127,12670,4647,2294,7835,14752,9983,13810,3402,13774,815,13170,1894,2566,4413
14187,291,15840,10335,11559,12847,11889,9951,15080,9380,14449,9041,13221,3447,3359,14020,6648,9793,5029,13741
14851,11767,590,2250,1211,6207,10080,10843,15107,12608,15382,13277,5006,6514,12600,7238,8316,10158,2327,16200
3681,2989,9843,8868,3582,10121,5927,11392,13180,9918,9570,392,15369,14337,7136,6950,11597,2120,1562,6212
5010,12172,3610,7010,8133,3370,6227,7206,10224,3093,15708,2211,3991,2383,15942,13610,7388,3212,15736,13698
2778,13621,1539,6536,1476,9597,10015,2274,11709,2852,8927,374,13271,165,14203,14648,4119,16327,16265,1568
14433,1768,13444,15242,859,12322,1085,11527,13603,2700,7120,8843,13301,13236,1029,15654,2048,14275,10229,14518
12136,3748,2588,9736,16077,1993,4421,11003,8696,7616,10596,5387,2923,14930,3712,2499,8318,8688,16355,2150
3364,10464,7466,11619,704,13489,14630,340,2572,3750,9395,10611,3245,3434,11937,2252,3604,2523,8625,11064
14323,11259,6191,8610,5423,13465,13730,12086,10324,1572,2967,8187,6420,11131,1549,15472,12849,11835,8450,11133
4604,10264,9651,13065,1806,16165,884,7187,4687,5211,13942,10011,415,10270,3649,1688,7880,3588,2543,9151
5170,10785,4204,5673,9146,15822,6995,8073,5745,8957,1645,9640,11862,7193,4350,9521,16027,11600,8840,2741
8994,2892,5346,5808,745,10279,2105,7642,9580,5573,11800,11272,8690,12572,14714,13539,10402,15921,2689,5791
13442,2197,7063,1008,14006,16052,15063,3631,8692,629,7420,9469,12513,6936,579,2214,9746,4190,3746,6605
7878,940,15974,13786,12345,5165,2820,3587,6194,7017,7153,3560,14517,8876,934,1048,8822,11743,11236,13719
4619,4426,10317,317,11494,11615,15735,138,3221,6233,12545,10488,2551,16085,4844,16069,5027,5187,15182,12982
12654,9463,3164,2279,15880,11706,6649,15344,11451,7726,1984,14218,6465,15229,6166,14042,15186,4748,5149,5389
13531,15147,4549,5589,15398,2267,8432,11847,9403,3965,4449,13804,14913,7447,15908,10146,10844,16051,13703,690
2473,4660,14048,10892,6459,11472,11292,14286,9933,10950,9424,5688,8951,12464,8083,14324,11694,6531,11858,13571
8805,14092,673,10135,11302,8993,8422,783,1015,9873,11469,319,2874,2014,12050,4436,6257,13058,7353,619
15230,11127,10845,14799,6156,828,3010,11922,3096,779,9270,6732,5,10804,16342,1597,3745,8438,13422,10319
11045,15042,13099,7051,944,14201,9305,6081,11422,6059,2632,7320,11420,2051,278,3098,16087,6158,10444,9751
11062,5478,11008,496,1849,2004,13738,11774,1571,7121,6584,10999,9458,897,4289,10435,14749,15099,9030,2338
16007,7180,5126,15593,14981,5509,14575,112,10309,10581,14089,10797,13434,13794,1498,9708,5843,73,8038,13004
4100,6414,4020,11262,11680,6281,16111,5563,7078,13742,11690,6930,2939,13146,16091,3146,11162,12160,1206,4726
1279,195,14329,4763,8307,5199,376,10859,12084,2336,6221,10636,13314,12831,1225,14537,7029,11676,4211,10652
12533,15033,3501,15476,15808,10474,721,12207,9411,13078,4915,10263,4046,10186,2575,7814,520,7572,6080,5534
5219,11771,7788,6593,8671,6600,9660,15962,10923,14596,4756,4008,12780,12749,8802,4744,13995,8797,10653,9332
8657,4999,3483,15893,10612,13842,13823,15004,6341,4542,15513,15320,15277,14468,4223,6805,11150,13253,13361,13295
14690,1057,7578,15710,1360,3735,1846,10832,13234,13437,9133,2080,15806,2326,13598,8739,4889,9266,14418,2229
13272,10784,8677,281,12374,5079,10418,14538,103,11325,4476,10243,10772,14678,11118,3365,3520,16,1790,7764
3079,8674,7564,12427,8110,12152,14243,7296,5659,7635,13005,3637,4386,4065,7041,15478,15499,11829,13334,2216
2966,11248,13817,15298,1538,12108,3316,12226,5841,1252,7000,15503,12806,8629,16090,13084,13913,413,16208,9048
6040,14360,2601,12660,13815,14820,6089,1264,11406,10343,8757,6076,6714,11616,1478,16348,9575,3475,11510,10813
10055,576,2058,6643,12939,13948,2505,3966,6504,3555,16224,895,14742,11281,5240,6521,8730,2765,12293,13031
4936,9547,7884,937,10489,6570,3387,11499,13917,5532,10305,3288,13163,11977,12208,10413,7899,13506,1154,15496
9781,12830,1712,11704,357,15899,14824,3099,15777,12482,1791,7937,12038,15910,4023,10075,6391,12816,8537,9905
4651,13945,11949,8047,8210,1226,9838,11459,15560,10365,3109,9770,14420,7872,492,12732,943,13797,10378,16242
2431,4529,11489,6477,4581,11293,10115,3613,5052,3792,6295,4415,6942,5054,11716,9855,1548,2670,1186,1185
8628,6073,4815,649,12680,892,2758,11521,184,11361,5972,16128,2959,11729,3353,7416,11219,8580,12773,10313
4525,8102,11546,15989,659,11244,8740,16026,9472,8853,5055,13174,1910,15328,9524,10494,15544,8409,9456,6889
862,8525,1007,9068,9851,1563,8682,10361,6935,7504,11651,15900,13299,9774,481,9944,15550,9049,5023,130
13486,14294,15563,14308,5407,4698,15082,10493,6863,13483,9958,542,15764,9168,4637,5307,8539,1848,3521,9604
702,14427,9513,13440,9821,4990,4160,13062,132,2806,5883,8474,16147,482,4212,7071,7779,77,6902,3948
2368,2465,289,9631,11992,2715,7415,16044,11013,11362,1051,15163,13054,2042,5416,14698,4314,8990,13552,13090
11950,11930,11180,10466,15854,10359,2172,4157,9761,14816,2178,5823,1174,1449,3262,10757,636,14938,3574,2830
10778,9670,12799,13359,1528,5956,2131,2502,3130,4762,6884,13760,10749,6998,7629,162,10766,1105,13459,11976
4345,15423,16359,12016,5702,12143,2979,5277,13367,787,8867,11031,10220,11334,15180,15797,16290,1433,11092,1125
7981,4861,309,15002,13123,6121,13249,358,13968,12134,15834,1265,10299,10068,12841,7270,14397,729,10314,11447
501,11725,1711,8115,1219,7595,10694,12632,13435,3808,12538,9453,3878,706,484,12186,12883,3847,3936,1356
12067,3196,13308,12423,10789,5381,5999,11668,1106,495,15543,9721,15999,7098,4652,15376,7366,3336,6150,3478
11224,7356,2827,10136,13788,14176,2829,8407,14784,12885,4019,8645,12997,13179,11628,1065,11710,13525,14904,2075
9650,9806,10994,7731,8917,4683,10072,406,6366,2290,9577,988,9362,13561,8153,15467,9326,6574,15111,5517
580,4332,12098,13626,9473,3518,7304,15800,5891,6608,10970,1420,15297,9978,2508,11192,3764,381,6312,12871
13734,16048,3680,7727,10228,1587,8502,7354,12255,639,15181,369,13376,6416,6247,7913,2906,11312,297,13662
3667,2301,15751,6409,6014,9824,12548,7451,9637,8195,622,4695,10215,4084,15089,11227,7355,6294,10996,13420
1311,2978,9712,14788,13826,10560,14038,7522,15121,10540,4831,15935,12165,12442,3928,4207,6373,15309,16222,2789
4673,7144,10556,7076,12045,12151,967,7541,11080,9392,12583,4909,3362,12926,14260,4309,1095,10076,12411,12238
15729,12643,9173,9004,2016,7085,7087,5492,2394,6433,7389,11430,15448,5701,10931,311,10104,8511,977,756
8608,12838,15064,15762,1799,2257,14884,9578,15193,15565,13946,363,11604,12212,9704,6032,13407,5623,1715,9674
4067,12969,8487,15358,3730,14966,11687,12620,10118,526,5183,12777,15114,13558,4353,1376,260,4749,16364,4759
7408,1194,9091,1595,11635,10111,12496,11253,13705,10982,11620,9019,10528,11794,16197,14989,15561,5194,11156,4699
7327,845,12129,6282,5140,5783,7046,7090,14893,7942,6299,4459,2367,7139,9684,14342,8526,7824,13569,1691
13880,8021,3743,8984,14106,10286,13336,2362,11220,10219,350,3134,348,4025,12961,5983,12771,14146,11916,15155
3819,10129,1273,885,5878,7683,14849,3722,1200,8237,16229,12261,9501,5252,8045,5337,9192,644,14684,8075
5087,9060,8791,4974,4773,8348,11431,3523,6798,2900,6924,7358,175,11915,3522,15505,11047,14137,16256,10837
7329,14501,12918,6957,10674,5652,1781,876,16108,2638,15154,1665,3737,12578,9630,14121,10679,3937,6980,2025
15622,12297,13658,11491,14598,8476,14050,14706,5732,1800,6236,10655,2227,921,12430,8039,14961,3715,6063,2743
15271,12662,8617,6178,5815,14857,8783,15038,3142,11132,9957,799,8611,9805,12723,13285,11562,3254,16031,10964
13749,70,13665,4832,11746,4508,9828,8284,9535,803,7845,641,3033,15525,9471,3900,3057,11927,10416,3769
7748,872,16360,898,6825,11355,593,2283,11647,15838,2350,2766,3425,12524,4495,4775,10170,13568,2801,5015
11474,14299,9749,7483,8466,5631,11335,9991,4721,14653,11069,2698,2850,15922,5646,12601,564,11280,6517,13400
5384,2100,11210,11902,8189,12994,7260,9303,7185,6311,4869,5580,6818,1513,3771,5831,7549,12897,13639,3959
4506,10647,2872,6743,15291,12665,3557,15744,9672,705,7873,1773,5899,6387,15688,9858,15019,637,14838,3039
7898,13119,2525,9069,5722,6824,9902,982,11460,1831,1697,14605,7968,11076,12159,14576,3058,7285,15881,12922
15178,10872,106,14993,15459,1533,5557,16018,10368,2553,5250,5364,68,10049,11541,10606,15538,4993,8898,10539
12415,8464,13418,6653,691,12936,5098,15269,10765,10490,1805,15489,10977,6213,2249,9115,3974,6104,12804,11603
8271,8538,9860,10214,11208,7080,13542,11260,14434,4409,14620,10810,12546,10535,14090,13165,10860,8955,8124,2269
3411,8899,10030,15644,6650,12798,5546,13681,10601,2151,15120,10898,11791,11987,6481,16117,11211,3568,6004,10310
6583,9149,11866,418,15713,14689,4981,12491,6064,8424,1441,8304,7417,12715,5619,12675,9227,8064,660,15237
9946,14338,5463,3884,1221,15241,5741,13723,1678,16368,1652,2594,13847,13494,4535,3692,10545,13324,14891,9822
12767,12272,10167,9171,9658,15978,8035,14738,5130,4232,13576,2345,5723,8621,10584,2722,10410,4227,5958,284
7294,5658,5151,13366,14191,12868,12526,5875,1350,11682,3840,7767,10103,12998,16186,227,802,15906,5036,1066
3851,14369,11379,9984,7608,15402,2435,8541,15440,12122,4900,13972,11346,4908,345,14393,3488,4736,3916,11918
12138,14231,3660,9996,6927,9835,5765,9167,12637,5510,15137,8514,12579,5901,3428,2512,4194,14984,8485,16351
3393,9084,15211,4248,271,4684,10470,6242,12393,12627,15858,4077,13987,4357,12686,5954,222,2563,15647,13449
12052,6687,1271,11506,6487,8174,8077,2917,697,14574,9044,5325,4772,14407,15390,11411,14405,2916,96,11331
2133,1241,16161,13960,15504,14447,5235,4539,11792,6214,15267,6621,3821,13415,2712,15725,6911,4843,968,1392
2861,5635,398,16323,13587,11705,3086,4834,12030,3210,13205,4914,10814,12058,4912,8181,2690,10001,9692,9924
5073,15927,14160,2052,12521,2890,15579,6865,10699,14441,14666,8392,2322,5060,11577,13310,9452,9699,1207,7281
7223,14645,10576,9543,2997,3724,8785,16059,3759,11380,1097,10013,12985,15059,15789,7336,16056,1811,11446,13827
11310,3384,5334,12888,14122,1205,3793,3418,12210,3738,14649,1981,15214,5053,11945,8630,12907,6262,970,9304
15484,13233,11933,7861,5386,4372,11689,15074,1072,2153,5782,13528,6182,12551,15050,9335,12629,870,807,4196
764,2033,14716,7583,13293,2400,2522,5262,13655,13918,2223,4103,2696,8374,1689,9548,9063,9211,15363,11377
3076,10610,11318,3510,8281,1558,5519,11582,8987,5181,12131,2527,2181,1736,3128,6715,13981,3564,14080,7332
3898,9599,4179,14493,2849,13446,6679,16064,6854,11255,4718,1465,3026,3203,8016,5870,14143,14479,7313,13856
10935,14442,15769,985,11737,11207,12834,1895,11021,7614,736,1210,5359,15909,1531,16107,5331,15386,6763,14667
13862,4003,3290,10867,11580,687,15589,7201,13866,10988,8224,15721,14702,9086,7544,13267,13746,16140,12372,7561
16202,12121,11558,4719,1758,8357,12195,2,12864,9615,3321,2579,12040,3909,3942,16105,1942,16363,4377,7292
14625,298,7587,13212,51,9217,12471,12539,13372,2635,15577,12036,10113,452,1557,6691,7816,5343,7162,373
7129,3463,14583,8229,8173,4235,11295,14711,13704,10969,10665,14466,296,1553,9705,37,10907,5192,7555,6915
3066,13423,8277,6280,9652,894,10091,9536,10007,3143,7061,868,9584,1654,15591,4646,2110,1769,11640,10598
10213,14944,15332,15665,3837,177,5288,4667,15025,10863,4316,6337,13736,3593,15412,9496,6696,15447,5948,14036
10811,15240,12478,5848,16316,1681,11718,6148,12361,5846,2625,2532,7494,13602,16045,4231,13849,1589,14748,15903
3931,14327,16100,14826,10289,3953,14495,14585,3152,10376,15733,8962,12144,4298,1685,15831,9242,5612,15142,12288
11587,4789,4228,3236,10893,10384,10099,8151,10258,14136,13593,4091,2530,6827,10686,9393,6085,7907,11564,16293
5182,9341,12387,13581,2943,93,13615,7734,11477,3243,12763,4807,920,5893,15660,13178,15611,14798,1301,8134
2388,261,13328,2475,1676,15482,8228,8497,12820,1638,3115,8209,3159,8634,11040,460,9027,12507,5408,14311
170,14974,4239,5726,4010,7351,14217,13996,2266,4932,15177,14741,7890,8769,5950,516,13071,6537,12813,5739
15408,3317,1212,14896,3201,4376,5272,5110,8568,9956,11176,6587,12711,8152,5489,10582,13761,6317,4487,13388
15882,561,2428,7933,16171,10269,12140,6162,10156,5142,10619,2883,4022,10758,10482,4576,7384,412,7398,2645
6324,11033,2377,3630,13283,4596,4125,15937,1989,3471,8609,12201,3608,1144,8889,11983,4625,8477,6662,13858
16182,1227,15093,5835,8198,10959,2602,867,6571,14319,10634,3383,1925,971,7568,9792,9292,7812,52,11018
13155,2176,13294,14415,10253,4859,11289,5813,11383,4200,6145,3635,15754,305,10958,9439,12541,11840,15730,15346
7756,13563,6253,1084,3110,10916,14777,4496,2788,12469,4313,6954,7678,14541,11740,3230,16187,14715,334,1004
6522,7310,10658,486,252,4087,15614,995,11027,682,12287,14251,5900,9846,10159,5037,15492,11452,15191,11182
13225,12180,13185,11297,16325,15305,5074,11781,560,3838,627,2627,13263,5056,4002,2600,11734,2864,15717,9466
12751,7668,11994,4428,2109,8925,10533,14164,9724,963,16037,9617,2878,6790,661,3693,13505,13245,7200,1735
6010,2259,15373,10169,4802,4186,6450,7551,5818,2463,5317,5871,4797,2308,12330,8810,11758,4606,14908,6768
2061,6681,11199,3519,4622,4916,6340,9037,13067,4826,192,7703,1437,8041,5294,2901,15830,719,9830,8260
15625,16054,2089,4055,5676,13910,11967,14039,7627,16344,2203,8685,4460,14465,11073,14066,5511,10128,5613,12801
14808,4250,13775,14524,14582,8044,13860,12914,2190,14862,9156,4864,7012,3728,14632,8129,3669,3445,1,6434
7309,6533,9225,11940,4872,8845,11009,3261,1277,853,4276,8967,2607,7015,2447,1443,2777,9675,9123,8750
16277,9001,754,14778,4216,5282,14530,8964,832,6654,12502,13010,7383,1966,13220,13425,14368,11497,26,16379
2535,11409,6997,7013,8059,14780,13448,2441,1316,3880,13186,819,9315,5197,597,15247,6564,11828,15770,2494
14725,15084,13567,9868,13091,15081,7961,12956,6092,12822,8983,10252,7978,8787,1132,3881,16207,11146,2342,4443
5921,3629,5120,7903,15102,718,10377,7830,11476,7570,15936,3500,11217,10724,7934,1642,5169,1406,12194,12426
9537,11637,13061,7877,9371,12373,9820,13504,6793,14041,8655,12779,8033,5533,13622,13589,3271,4131,2674,13145
15877,10847,7202,15749,5781,15803,4185,1810,11579,3293,3865,10529,6566,3897,12978,1140,4410,13922,12505,11596
8664,12485,5555,11072,15774,12425,15798,12987,15793,13147,14462,2180,11106,7,12230,13093,4073,2544,3292,6880
14875,3303,3674,11181,585,16148,15812,2833,12842,7156,7021,3166,12024,3719,12880,3283,6618,14652,2835,5724
15816,8819,12277,6231,11097,14869,5664,12447,11959,13411,10998,2847,3569,1244,4814,4533,277,15891,10588,10062
14597,13556,2812,14339,11910,3710,12986,5178,16194,14313,12518,8942,9378,1477,59,14225,12882,503,11612,683
14676,2856,13509,9943,11230,1383,2573,16252,1471,2480,10549,10154,12644,3908,10829,11005,11388,14861,7459,9522
10009,3089,7597,8574,3404,12832,6900,16155,6946,1700,7401,8556,765,1470,320,13473,3536,13051,15663,15172
10513,2458,5093,15617,14132,12054,14151,14686,14867,8170,13353,4903,15415,13232,12613,11811,7643,7373,13464,8772
12852,3990,12394,15275,1224,122,8597,16328,15427,6002,13689,84,14430,16310,549,11696,6105,15497,7396,5397
2790,11901,10327,3199,6397,347,3514,3732,9215,6425,2184,5424,11170,3949,12224,13642,15519,1253,13148,5454
12552,14634,13549,14147,4771,15600,5001,3601,10240,12219,13625,1827,12792,15312,8280,6313,15361,14084,6675,13904
9320,4787,15015,8885,12337,15425,11757,8705,1422,6579,2081,6841,15456,3446,9556,1855,4153,8776,5231,7433
15468,14072,16035,4621,76,8382,15345,9607,4895,16053,12164,16272,9318,6240,5924,5708,13535,14695,5273,3542
3872,12713,15781,12102,490,7511,12013,1044,2381,4034,11899,15833,14846,14562,397,538,7857,12396,12925,8353
11935,7881,16179,4437,10905,2318,10041,258,12618,14631,1407,4829,14958,7715,14416,5021,4247,8020,15399,4
6501,470,3619,14163,11387,1550,4556,13492,7854,3822,5094,11807,14077,9400,9971,12170,1730,8024,6223,16276
8720,6246,1522,2559,11997,2771,1151,5496,9397,9787,12167,10183,13538,15043,12626,11381,9930,12523,12376,14158
14332,6097,15317,15104,6940,5500,16062,5254,7983,6384,9718,1939,15534,14972,10217,2649,12759,10862,15796,375
12117,12092,9688,13121,7948,13510,4685,15112,8103,9679,12412,8165,13830,11693,13447,10108,10107,8351,10972,1255
1049,2424,11113,5292,15931,534,11780,14181,11782,8257,11098,6127,3659,5318,5048,1362,14580,13057,2072,7108
13223,15924,12504,8084,13867,4213,12445,12308,15285,9309,10713,2371,9612,14354,14745,6990,140,12200,2825,4461
3477,8704,4136,11498,13816,10141,10520,15270,10348,11479,13787,1752,11059,5616,11677,3204,2192,4557,383,15746
13162,6255,823,2918,14837,4117,8350,9534,11894,7580,2514,3571,15829,10035,8509,11748,3097,5309,13379,5920
2139,6303,2582,2330,4941,10945,137,7655,5530,8801,15911,11644,9703,9040,3576,1909,11461,612,12563,8000
2482,12137,8963,7084,16380,6111,12130,14734,7377,3390,12270,12529,12336,4224,14659,1801,4635,11939,15031,12166
14359,440,1139,14059,5571,6129,15234,6826,7736,3416,9128,6573,7798,14774,5778,3320,11105,6742,8839,3973
13113,2448,2983,3419,5505,13478,12641,16291,15464,7832,6075,8365,2031,6084,1229,9340,15581,9122,10393,12027
14464,3506,13424,10164,1819,15514,3958,7331,10644,1274,9973,16238,2869,11702,173,2534,8194,11581,3726,5978
12900,16287,11110,14153,1091,2960,4330,634,14365,6007,9113,14281,14093,1516,15331,12942,13883,7228,4444,9285
14994,6872,4661,7661,5342,4184,8389,16008,8099,5095,11929,9731,464,5038,13287,10617,998,1199,10851,4333
10962,912,16305,5594,7258,12633,10689,15679,15693,1987,11776,8342,4559,10441,41,13693,2191,15983,14594,12009
3751,10064,7371,658,3484,1948,13511,5884,9506,2688,1421,13601,9282,8274,907,12704,13484,5985,14828,6045
3324,8533,12458,14469,8337,2420,7758,12708,1458,8775,7290,3318,2909,11675,16110,9203,3643,4876,13547,6541
2339,8423,6297,11917,7769,6418,5061,16067,12846,14835,3198,11660,4266,8654,10014,2655,1803,3832,11958,15200
1425,9927,4138,713,5951,5747,6141,119,14438,14872,9742,479,4725,6323,1903,15148,14482,2047,6486,12701
9197,7566,6801,5645,742,10991,9755,3007,9702,7990,6719,471,13177,12018,4123,3423,4442,6024,2528,4701
12459,12587,4997,15981,10791,6386,9416,15620,255,13497,4768,13331,12878,4161,3742,15641,4420,10020,954,16295
8182,12979,15359,5441,3512,15339,6277,292,7550,8592,7601,8087,12542,3535,6077,9601,7324,14417,10193,1223
14108,1074,5214,64,9346,6540,5362,14379,14924,14052,14322,11598,3565,5692,15246,13643,13970,882,8508,6858
6153,13954,9600,14699,2382,10989,11655,10840,3914,3154,8113,2395,5887,11290,15109,7376,12457,12624,13105,5905
1902,13872,16221,11856,1795,15892,7834,6137,14928,4956,1926,199,9265,618,6844,1913,13094,15616,7496,10323
16284,12668,15977,10394,1231,10710,10974,15670,2291,4473,10773,12689,9586,7124,13364,14589,15951,5562,1896,10870
8771,7819,8723,9625,11296,10981,10696,11445,194,3060,3825,10656,1814,8135,14946,15001,13853,5429,2356,7075
11626,6096,14154,11575,6847,5859,4501,10615,10951,2430,12278,5750,2141,12350,6208,12000,15994,7380,10793,11122
12951,4349,11755,4966,8851,7677,3401,5694,20,1843,14571,13089,136,9150,4828,5928,13414,13785,5709,14864
12879,643,1786,2188,12477,8945,15967,15129,12943,14672,517,5117,7346,10198,3740,2074,10780,8001,7192,13217
5264,8678,7116,237,9954,14177,12398,14130,3358,10148,10456,7993,10880,15083,13661,13066,11630,15167,88,4182
7955,5757,5392,15090,13081,4323,6172,6093,6692,13628,11218,14521,10550,389,11024,16234,7523,9241,13007,12769
1110,5679,9422,13025,3355,14591,3968,12275,6146,10238,7039,1499,1778,13757,9729,15170,4329,11184,9267,14103
594,10914,6609,11364,5271,6636,5100,13818,3367,1747,9819,247,7776,6149,10087,8311,11090,13993,2113,2971
4920,3037,1937,3133,6362,15337,9098,4438,11773,506,3768,15341,15445,13829,10437,1978,15424,9095,6833,15404
2195,9354,14529,13433,4001,1418,11888,4897,1233,10614,9508,14532,13645,790,1045,5744,16003,15573,13290,10278
7997,9812,13350,1382,6396,10114,4854,3063,11196,9079,4521,11953,10370,9299,15131,11979,7842,817,15606,4210
2196,3589,13273,6945,586,14390,3226,4761,3917,5355,4464,2541,10594,2034,14971,3883,11822,8249,577,4470
4648,425,3723,2729,10312,6789,4948,10621,1841,9094,16226,14263,10284,7651,959,8535,12247,15380,12984,4595
9481,15917,16032,12811,693,6835,8402,642,6144,7382,6399,15819,2571,13189,9561,5610,5647,12439,1863,12564
2884,11513,9953,9443,15963,12039,6640,15728,11881,5069,5121,14347,1618,13837,14629,4060,14856,12628,3427,14535
14719,242,2593,14095,10390,13682,9874,9797,13740,4130,15150,14608,11798,8954,13678,8670,15640,15934,13048,14303
6326,12703,11921,9947,8490,11730,10618,1216,11342,14548,3696,7152,950,16096,12291,12422,7871,12462,10057,746
4039,10339,13270,2953,12671,15510,14472,3686,15741,16010,12356,2899,5051,11893,6392,5597,3217,3787,8299,14033
7091,11426,2238,4135,4985,6923,6545,13001,5411,9193,4014,7155,7221,8243,2450,14559,13857,12034,13652,10980
1344,11120,6319,12770,3552,8883,1075,4468,8721,7360,7720,15779,12517,8294,15518,8602,5234,5693,6015,10728
9186,9310,12139,6594,6748,9728,1187,8738,2793,13834,537,14018,6180,13759,13103,8648,9256,14822,6329,3755
12946,342,5754,13900,2836,13393,8761,2782,14386,14691,10322,3260,11368,11078,10726,3458,16246,3502,13242,14316
14952,12603,3770,6556,13095,314,4264,1369,6782,9948,15280,87,1468,8548,10609,2200,750,8032,3307,13410
3781,12652,4480,3398,10917,13938,1893,826,15027,4069,14356,7407,3170,16060,12343,10783,2832,7722,5569,15862
6219,3481,1096,16034,12892,6026,4633,9571,15232,7532,15621,6468,12436,9423,14781,9609,13349,1784,5472,10815
2676,4187,7894,10119,8881,14274,3833,13329,1047,16239,14758,10878,7947,11783,12370,5976,15338,11601,3442,8698
10767,12235,13188,15008,2170,11859,7594,2154,3944,5551,2114,12565,14312,5698,12078,2205,3516,522,6952,14527
5923,13322,10449,3682,3586,6851,4746,13044,279,2924,12015,15054,1280,13002,5788,7928,16236,7303,8517,11263
11370,4511,477,3403,6813,9836,8755,6364,13697,10736,3369,12077,480,16361,15998,8027,10913,11834,10578,13385
8979,12534,12023,9942,3305,1284,1357,4863,6718,7486,10385,1955,11719,4366,3695,3694,4641,15865,3042,601
14233,13109,6331,8290,8622,16337,13914,2880,9786,11081,12353,13050,1920,2289,9969,14192,14593,13235,11372,4043
10185,3064,15835,109,14098,15049,15174,4728,2137,9350,13348,8878,14657,12399,1905,3456,12532,378,5656,7875
3208,696,3850,4040,10604,12456,13143,8799,14570,11928,6581,2973,7998,4738,4463,5969,2762,1720,11453,7569
399,4573,14793,8339,13241,3775,7808,1196,7876,13606,1503,3684,341,10795,1616,12886,14279,10295,14088,13167
5929,9814,13864,12257,2313,1684,2980,5256,12355,3228,775,8384,14227,694,4702,12492,11030,15904,5507,10509
15768,1305,15371,11605,16153,12307,11707,6577,3656,11896,4679,7630,2574,11512,9648,10232,15502,7240,14628,8831
16089,9632,10776,3816,14829,6850,14470,4156,1762,2245,2944,11656,11892,14358,3400,15901,8267,9333,15619,8501
15866,10495,3474,15537,13256,4821,12827,14297,7843,5963,9417,3733,7499,5653,9448,1853,4913,5922,6057,11471
12690,7339,6474,15372,11432,4570,5873,3482,12835,15466,16205,14152,15209,15601,7844,11803,13573,13100,13073,13502
1409,10157,16247,1669,10554,5961,11839,11035,5735,13398,8873,12963,2507,11155,11720,2280,10374,5003,1172,9523
829,13896,250,2093,7469,5998,8919,13976,2814,2537,11473,11548,3218,11980,10274,12919,941,15763,4735,15961
8196,4318,11931,1621,1260,15675,15452,14395,773,14334,2095,16134,3579,13928,692,6012,5570,2399,6955,15971
15546,3524,3889,12783,2654,10367,5718,2633,13766,7314,13120,1944,15047,10042,3034,14534,12481,14079,12065,14669
16203,4402,551,5504,16118,124,6344,11282,4124,11703,1064,11611,3300,1115,1250,11995,10227,9634,16098,13321
559,16315,1453,13979,14915,14865,14276,10316,1131,7149,7450,4498,814,4032,8937,8913,15138,13931,12917,8768
9857,9286,3469,6976,10404,2300,9701,16372,12292,7780,12595,2531,10311,6707,11926,7697,5743,9914,7723,14264
837,901,11402,7476,8443,8484,2999,4743,14912,2396,15007,7600,7311,8649,6184,13845,808,15807,14500,14216
8248,3437,3298,16158,431,13194,10439,4712,9588,1933,10747,13026,548,2056,13159,13373,12789,1798,12243,4491
12173,7211,2656,12047,12669,2433,13317,15552,12661,4246,7588,9941,15006,9111,2560,710,15069,14366,12630,307
414,8710,13427,6119,4963,10635,14272,839,11345,16280,12316,12853,3651,12573,5799,14288,10401,1339,10605,13702
8364,4132,353,3645,12209,356,1871,6562,12955,10885,12358,13669,12758,3626,7074,8605,10077,8988,13133,11365
12037,7502,8652,13022,14030,4050,13836,10760,5363,8825,8266,3972,7613,1554,16232,8163,5669,12463,7508,3345
9605,13634,2128,294,1342,14119,3527,6836,11511,15825,11389,15753,12870,1341,3272,14128,8178,11972,16212,12824
11360,4475,15491,1706,13967,2819,1851,11799,14253,13432,1039,6372,5283,14202,4811,3023,419,12470,14847,9246
14491,13925,7870,10723,6363,7698,8590,523,9869,2651,9377,14772,1974,7045,10067,4899,1451,9143,6705,16358
12314,7924,8433,738,8656,10446,7919,13799,544,7533,15143,8689,13747,16294,12681,8820,2711,15350,9291,1177
726,7390,15162,15023,13666,13354,8066,15072,10971,8780,3019,15685,14962,1282,11114,15886,1080,3970,9862,10331
7916,2401,12371,4164,1840,5512,14162,4358,2737,14010,3440,3562,6744,10537,13141,9175,13809,11963,2142,11646
1830,270,4975,5361,15758,15677,3830,1236,12646,14012,14775,13015,3902,562,3670,12596,15760,14445,11553,5420
5941,2673,2037,14496,13879,10831,14907,12615,5446,15067,6029,15788,71,4217,1877,15836,12124,11617,11535,4694
5148,14223,15108,15916,8368,10542,16257,15955,6512,762,3920,14705,4474,12891,218,10419,8669,10407,7166,12083
572,13630,8564,13859,12537,12392,13228,12959,4493,14655,5064,13239,12952,7178,15132,9233,15662,4391,8296,14922
14142,5217,14921,3612,16113,8760,14450,12616,2333,15073,12525,4005,1509,11160,12673,14156,16340,15542,13480,11168
3388,13129,15526,1484,3950,14611,1603,14617,7761,3136,4793,9039,9073,6333,14314,11126,12188,10943,5077,15265
5627,1888,1866,8057,9583,8344,3930,5508,2804,10816,8872,3311,5593,7706,8562,13240,4012,1975,2797,10481
15632,11089,14011,10875,14309,13802,7363,7693,478,5313,11653,8025,10190,7487,15222,5493,7462,7259,13583,1385
1514,3025,5024,15755,1112,2088,2146,5139,7813,16173,13083,10667,13629,10753,3363,7829,11649,9220,14244,7969
8832,13274,15375,11654,16299,14382,67,3071,9827,9109,1028,14167,13690,11099,7330,6401,36,7811,12964,13175
13755,14058,12407,1142,5860,8571,1677,4061,10886,11821,1660,9732,15175,5717,6380,595,8426,981,12472,9221
6426,2226,3350,13869,5097,13136,8494,12744,9477,16264,8570,6429,14792,2019,14545,10569,1366,16138,2468,13667
11804,13413,909,15322,10691,4151,7760,12484,2247,3672,2035,1648,2726,13268,1962,3867,8452,9663,15113,12844
3971,6916,15188,6336,2268,217,15551,8106,13516,10458,13029,4927,15034,5786,15266,1351,3167,13008,15051,11727
3508,9494,4199,8356,15850,2121,4671,8416,14451,13814,11532,7827,13137,13210,6048,5260,4189,13614,7475,12727
3592,3016,11805,4598,587,14015,6634,12499,2569,4592,12298,3219,5390,3052,5455,5764,2858,14834,555,6713
3135,13229,423,13577,1520,6515,14693,6357,13988,12625,6523,4343,7219,6403,16057,6055,9877,15419,14184,13874
5201,14932,15805,8829,854,1999,6070,11171,1698,7671,2231,2101,2779,1617,6874,14140,3620,9172,7133,5088
4995,2462,11594,6948,3340,4209,13934,10629,8565,5886,13045,4299,5869,14149,9722,1473,12634,9919,6276,10325
9509,4384,9131,15233,8126,8847,14647,16125,12468,3951,6099,12843,2165,5450,6641,15705,10824,2780,9602,8989
8480,396,10729,7089,11638,4279,7233,4430,14848,3344,4572,9864,13197,12807,2767,12993,12808,14291,8002,10709
7949,39,3685,15852,8065,8807,9995,12342,9323,12205,13131,2006,1266,5406,3632,3511,12239,10883,3981,12312
12929,9840,3763,3397,14803,6550,7161,8618,6220,113,13495,11327,15947,3457,1705,13496,12010,2504,10902,4959
5821,15342,712,15712,14248,401,16124,483,3385,10896,1765,2863,16269,6051,10200,16333,653,5002,10659,9680
7427,11065,2169,13292,2483,12858,10184,1931,9696,1387,12300,5220,1856,9863,11585,13926,325,2891,11344,16317
8770,9057,16005,5456,8764,5287,14074,4810,10092,12746,1398,12305,11116,9384,4408,4172,12809,672,7008,10534
16304,4359,14830,13152,9635,11117,15711,5482,16219,14250,5030,15394,786,5602,14426,778,6066,12748,4947,5506
5470,13839,6539,12778,6689,4404,3021,5774,243,11845,287,10267,10738,13536,1076,5295,7979,14956,10687,2090
4273,1240,10276,6885,9276,4021,6502,4574,14063,7250,7707,11448,3638,7392,2581,2732,3605,3222,6625,12698
13254,863,5028,2747,10620,3655,3496,3509,14525,15857,7135,13104,12684,11567,16175,15281,16374,5434,3839,24
13578,11338,13463,12135,245,4175,15556,12364,12863,15273,14852,12176,11231,7279,9278,4823,15837,7714,10563,16011
174,6704,5319,2373,8063,14097,14032,15215,8985,3255,14642,6908,1943,10632,12249,2926,8598,15979,8865,3275
1107,4656,15,3794,16168,15530,5042,14474,15689,5186,10349,15088,7315,14490,387,14561,11246,1821,15141,15676
4220,3005,11857,13243,4317,1825,3538,13659,6883,14805,13956,13042,13644,10389,9446,337,14428,11228,15446,13684
7746,8386,7869,9034,6511,13717,11609,3767,6489,11371,4029,1295,1321,7225,11309,14285,6090,6622,5632,11802
12311,2623,13952,7070,13096,4585,13878,6693,15896,7709,8315,7531,3038,4519,3148,1054,359,13888,7929,9334
148,14403,12228,730,9075,15767,14027,1696,13517,10525,12599,14843,15957,13893,1546,9931,5269,6355,1126,9979
14141,8523,12033,4591,13805,763,6421,7489,167,14025,14480,12895,11026,528,8551,2760,2402,14815,4471,504
15715,1584,13846,4970,12617,1202,8665,13852,6829,6016,11112,3807,9015,8956,15864,7883,4518,12071,5794,2479
14889,1033,602,14197,12728,16019,4048,249,9328,16115,12213,4281,8632,2086,9153,5193,10631,3282,7190,4028
5933,4178,7195,14138,7701,9414,15691,14644,15549,4154,14478,8554,465,15060,13648,8253,5751,3846,14394,6606
15984,4378,12076,1135,11067,35,1014,1272,3465,3279,13281,15517,14929,9744,6560,8536,15348,1789,1130,10174
8790,12281,9165,6123,16352,14547,3406,11450,12501,12971,10838,1915,2860,666,8413,7896,13,1746,3377,14939
9818,13851,16172,15046,16084,2155,14351,15826,1078,9230,11274,6167,14003,1837,15559,8909,2161,15782,14371,16183
13927,5285,8668,9987,2022,3173,13046,6322,5642,7604,14959,6419,14866,9595,3798,7137,16241,15766,4419,6868
2578,11234,9896,11374,14718,1633,7603,6140,1832,10137,13752,9491,12642,14364,2053,11523,6230,15642,14602,16345
11427,14200,15506,8588,7040,10125,16281,14489,14823,15597,3144,4390,11058,5376,14776,12079,8637,5394,16009,10955
1492,7437,9381,3507,11152,1326,9782,1780,1658,7699,13166,4730,7244,4706,6256,2278,5462,1423,11836,8751
5855,14166,3431,4575,16258,7038,5591,16195,610,9727,6087,12339,2556,16347,110,1609,10178,4950,744,12413
8724,15646,14483,5776,15745,14207,8586,1524,6999,11299,3111,11583,16169,3252,3333,4026,4346,5400,15572,2273
10450,10397,9912,11275,9528,8950,14429,5716,12605,13144,12073,13873,5515,8519,8241,10968,16072,13779,16000,3858
1259,546,13994,1361,8132,918,12198,1103,10261,212,10180,14180,4458,14621,2931,3678,12859,12183,5226,11068
6750,1117,946,11343,12881,13844,15005,14607,2985,13999,14926,5403,2663,12716,15282,4070,4440,8908,8512,6164
7035,13750,11576,4875,12631,5697,1717,10468,14825,1536,13059,5654,9184,13521,5180,9529,11232,9043,14786,12912
5553,4926,9025,3265,11642,11130,3448,8616,3438,1643,772,6612,12612,13266,15239,7911,16123,2489,14454,1068
3534,14055,6232,2768,9647,11161,13382,2865,630,708,5415,1289,416,879,11316,6898,1393,15723,14682,2057
107,6163,1201,12755,9208,6271,15776,12158,14256,5128,16106,5719,6,14743,10307,11932,15943,16314,3121,1508
12359,8687,5255,5957,5524,11880,3935,14887,589,7369,15325,3855,8918,5497,8385,6989,15501,11016,43,9976
11495,9483,15828,2817,16160,9308,10940,10484,6667,5413,8593,141,3921,15381,4851,11762,1662,5881,4567,1941
9992,3679,1511,6417,3187,12095,5931,3131,5914,15422,4910,4729,2630,8719,2365,13566,11751,13110,14902,2873
9768,3351,5368,654,1242,10346,2183,5918,9507,13897,10471,12672,6599,1168,4094,9975,5150,1009,11201,14374
1363,11320,3090,10975,14554,6604,15792,12142,9002,6765,11046,5648,11711,4261,7927,2384,2449,5987,12510,14942
10071,4116,15124,10281,15220,8393,12957,9920,6595,8130,9342,105,9816,8371,4645,10061,1367,2254,1031,5034
7305,5314,235,10023,2487,3517,14661,999,6917,13990,804,1792,4352,5326,1544,5039,11863,5907,14954,14813
10918,13822,8437,4752,3671,4526,14259,9500,12032,2679,6759,10341,10716,14662,1661,9047,8642,10265,2934,4678
2786,385,5213,6352,6199,14222,2164,3717,10510,10086,7438,5485,13360,1171,4794,10830,380,6708,2848,7102
10175,11685,8623,3009,12543,2589,13991,10817,1306,10079,91,12168,14139,16071,16377,913,4924,14021,4538,3417
10475,5865,4928,8582,12237,1537,3545,7341,4497,3716,7043,2701,16043,6739,8463,12384,10711,9715,1170,15558
1988,10877,12385,1297,1593,10197,3430,1292,7362,6993,2112,13213,15195,4270,15245,9083,1755,1929,7103,6278
1490,8978,2032,6565,7682,9289,13915,11883,3688,8179,10052,2500,5259,10318,7631,3864,13906,4696,15324,1447
367,11873,498,14056,5080,293,6049,2682,16120,14494,2230,1060,13751,3979,14671,9775,2970,10358,14335,12483
1775,98,8522,276,530,3585,1146,4964,1666,205,11754,11934,6840,12389,2621,14998,3240,7621,14100,10006
9476,12990,3842,10069,5347,8836,7182,8473,2509,193,9562,8861,5460,6298,2158,14870,4422,15385,6042,7960
4369,7632,15897,5488,12282,1639,9218,8910,5877,15334,7374,4038,11961,10887,6035,15243,6122,3720,11806,1530
15605,12867,11875,13370,11421,5304,7602,1785,1523,5125,5513,7941,7350,825,1235,6470,2714,753,142,4770
11547,12938,7293,13982,11545,9485,14557,16151,1129,111,4203,11183,4412,10409,9825,15861,12547,10890,8952,13443
4845,4578,11531,4355,15020,776,3161,12742,150,14391,5119,1402,1610,14446,12803,4274,4613,15062,2885,513
6494,11378,5179,8765,8379,10613,6934,4630,2107,14980,9196,8104,12493,12,15954,2533,3835,349,5812,95
13132,13255,15645,14209,7839,14595,14255,9698,2429,1426,1836,15694,9516,7048,13198,11229,13503,13039,12110,2220
9589,16285,8475,13043,15548,14670,15583,1637,8453,6971,2391,8792,7224,16366,2372,10734,10759,3171,6432,16362
14300,5690,8944,8644,10321,582,4973,3493,32,961,3386,6193,6008,5351,14656,6984,12116,16073,3528,11766
10833,9723,14650,4146,10874,10873,2895,472,6918,14633,13550,12051,14220,9222,2460,15469,5574,14679,5822,6985
15652,14502,12434,512,2000,13580,12611,13307,8428,14196,2143,989,9032,4044,12244,2314,11415,4946,3577,7874
5759,1214,15569,10427,13737,15657,9154,6030,14328,9636,4945,16137,11784,9343,1682,9720,4804,13439,4101,3084
7641,1243,15933,14968,6770,14881,12683,698,2614,10130,16273,14344,4433,4335,5014,2282,15950,6921,7033,5643
8940,10459,5108,10222,2887,974,15258,13565,12232,16263,14425,5538,896,5650,8920,3414,13743,9455,13289,14005
9520,916,15039,5333,12357,14909,8798,10567,15790,14453,9767,14658,1010,12714,7138,11288,15992,13973,4612,4499
12974,4165,14432,12590,10188,4937,3714,15889,15383,302,9071,4664,858,16244,11999,14461,4817,4447,7297,2642
9474,4849,12941,6864,13685,15686,3468,10965,7470,12087,14047,10590,9325,6155,6775,10512,2276,2369,13600,5114
9374,3929,5440,1262,10802,1104,11975,6559,1646,3422,9668,3499,873,9294,13315,8606,8060,11985,4202,3065
1053,5801,14558,16122,1438,6731,5467,10805,9808,12368,2023,11565,443,11237,9121,6741,2471,9738,72,6678
362,1518,9120,9773,1450,12793,6019,7637,2921,6812,9754,11221,8270,9872,5832,8479,842,3335,14096,12604
6861,15355,5695,7575,10828,5338,13611,3147,14831,15669,8758,886,3346,3176,5063,2610,1334,6615,3988,930
7196,13357,15673,8415,11087,6006,12085,10672,4808,5986,12909,533,14782,11584,7095,5876,13173,4072,12636,889
10260,4411,8884,4118,784,5200,14377,6083,13417,6165,3954,9771,15457,13038,2631,2808,4902,9993,394,3227
11418,7737,6442,5311,9503,13453,2987,2546,10095,16050,12420,7667,8148,410,2511,15202,10777,833,4030,3108
5521,8939,2271,12520,8139,3532,1979,15037,6645,6551,1238,7325,14821,7141,12980,12592,12402,888,9683,7419
16119,2757,5374,2461,4541,14488,9338,8461,12602,16006,14113,2904,15898,1977,3347,15849,3689,9482,3912,8534
14810,864,14931,9545,7142,6383,8398,9199,1324,10050,3774,1397,8345,7721,1635,10836,13390,8190,1234,10717
7288,3556,11025,16095,15949,14760,15117,4370,10093,8540,4753,8524,10683,15231,6830,3690,7049,15633,5452,5581
9623,12162,1543,7337,7158,14737,8055,164,16321,13477,15650,15740,7267,4283,4846,10234,9379,7809,11809,5992
4665,172,3487,12699,4755,12005,3356,12872,11079,3281,6368,14310,10303,12550,15105,346,13474,10430,7295,10010
15157,12437,4951,13534,13139,5556,11890,8149,12369,15993,3202,5967,9269,1152,14787,15533,7460,4654,4852,10218
3012,118,9551,2519,13884,4930,15417,8613,10242,13885,3668,1286,10132,5996,10908,10782,15377,5417,8400,11317
2561,14388,14396,12571,15907,830,13456,57,8076,10626,5763,14392,13715,11124,13962,7738,3389,8959,5168,4481
14927,7479,2122,10501,6037,1766,10941,14127,8100,14809,7622,7770,7112,4668,10044,4980,6330,3782,9124,14091
14890,7685,11060,4291,11480,11797,4757,1754,5402,11254,12766,4791,12216,1071,1275,14362,288,13623,11428,44
1808,777,6503,15587,7019,2162,4870,9020,13126,7431,10340,11686,15166,4121,1874,16233,8123,12321,3886,755
15078,12206,6576,10139,6398,8726,15057,12041,15720,2126,3117,3270,3405,7605,11957,11022,3857,4488,6964,3375
2438,4448,8214,6447,14345,5297,581,7064,4457,3382,1930,7799,15848,12103,12559,7263,9470,14124,15279,15130
12515,1432,1399,16318,5393,5435,10443,14552,4880,8010,2498,2810,14914,11093,550,2699,10979,11269,9762,9052
6001,11,7975,6879,8520,3381,6379,7610,9017,7679,5943,2639,14144,15716,2905,1980,2929,3323,4603,15860
2292,9465,11242,4284,14498,13700,688,9386,2994,13673,13416,15643,6114,4737,437,6456,15639,8859,13911,15126
10762,9758,7210,5966,4708,14321,4387,14581,15821,5484,2174,574,6279,9408,15238,6490,454,13524,11801,1529
969,6920,34,2467,12486,557,4866,707,3549,198,11075,8200,8146,1192,8089,14277,945,14588,9148,14423
14422,1338,8584,15192,9189,5849,6300,6161,2444,13158,1188,11202,1817,9000,15213,16192,16309,5329,7110,14161
11144,9643,8465,11886,7785,11788,8222,7867,11524,10748,14612,15392,8301,12722,4042,9243,13116,12682,12575,11376
8583,8581,962,6115,4550,13214,1180,11283,14485,10036,8906,8641,5981,6054,16129,3188,13304,994,5469,3378
14129,12335,11515,9633,15387,163,1123,2306,12586,7908,14626,1001,10720,13608,8378,14408,15493,3031,7634,16279
9348,10774,4653,14043,14117,2949,6929,10098,12141,12476,15678,1996,15661,8795,123,12251,4898,1884,7852,3256
8192,10371,12962,15570,794,573,14170,9062,8207,15991,5995,5396,4888,12712,11768,13653,1237,11657,5249,12948
16312,13386,3734,10280,15153,3554,929,16289,852,11429,13319,15465,5777,4716,15997,5667,14976,14179,2477,2641
571,10927,13068,16074,9187,4331,1927,7781,6817,9706,7418,7791,575,1475,4307,1916,5861,15313,15874,4310
15682,10357,4616,13316,6977,10024,12059,12227,5523,7016,13313,5587,10373,5796,15405,12949,955,11215,9087,9160
685,927,45,10329,474,4456,2173,12621,7599,3658,3818,2087,2299,14071,15256,8667,5727,15115,6509,6659
8239,15199,14412,8793,3054,8212,2062,657,11154,10425,13607,3984,8555,1162,11490,8305,1650,15975,9376,12446
12326,13924,13595,11147,11036,11561,328,15690,4546,14174,10587,4269,16170,2233,15407,3784,3666,10756,7379,5332
2911,9324,5655,11178,15960,11313,12479,13238,303,11187,1901,14404,6677,15208,4300,15278,6500,3122,3334,3749
3175,5491,2846,7833,10682,1424,5327,14519,7105,1740,6491,9884,4709,12465,11424,5448,12466,2795,7122,15810
14507,7069,4586,1779,1099,8860,16332,14770,15635,10599,9681,7582,5677,7840,1145,5131,10803,1828,6888,6695
4168,11121,6079,8877,2948,13431,11728,13984,8943,12196,6244,10790,16181,6674,11913,7186,3466,3617,16373,7114
14592,1833,4439,1159,15048,2764,15842,13959,3790,7280,5742,2658,9644,6139,4670,14730,11752,9314,13330,9231
10571,11745,10727,2667,1331,975,9262,15809,9396,6869,5173,14733,1566,11193,9163,2518,6761,6371,14883,5746
4311,3310,4381,1724,50,10293,14987,5418,152,15969,996,10532,15668,11747,7607,3129,14194,8070,7435,9502
12734,9103,4098,11673,1588,11043,5461,12432,15618,15435,4954,4933,9089,5274,10706,201,6204,11851,4922,8410
809,7696,7912,13302,10546,13889,6753,14267,3412,11818,9645,4715,9730,3441,13633,11614,6620,648,6222,8018
10081,344,5644,16278,15636,1634,11111,1628,2557,5270,7118,4617,13034,9145,15612,12850,6106,15070,2108,3073
15941,4724,1417,12920,8080,2897,6197,12055,13831,12497,2027,5864,1844,5903,7160,10008,16040,3074,9232,1991
11865,15026,14882,15827,7534,8549,7694,4128,13252,9061,1488,2323,8009,10953,3123,8615,7521,8936,1191,7915
14477,7066,5143,6937,12794,8225,5344,6000,12649,2678,9891,1872,7794,1000,9962,14302,7047,5243,12325,3713
16196,7574,9425,5086,9053,9415,16356,11213,9360,6627,10561,10882,15664,973,3624,12094,15250,7964,1456,8863
3158,10521,327,6907,13699,14185,5425,13632,12060,9195,14970,5011,14336,9940,2293,15592,10942,8804,15547,10345
10925,14512,14112,11652,11717,7987,11258,15966,12976,7753,13298,1134,15843,10350,4225,6351,9765,12623,12674,14877
15869,1487,6025,7400,1745,16013,14378,10695,3704,1314,10353,8293,7378,13868,15820,9321,8015,2348,326,8157
9204,2334,12580,7441,1753,8694,5839,12762,8078,2787,8292,4783,8976,9370,9132,5637,11621,12567,16288,15367
5372,49,3085,6452,457,8042,15778,11082,13012,6901,628,12313,2709,8054,11382,10102,14522,14278,10642,6799
16061,5246,4380,11206,6290,15817,5082,1861,13181,14484,7807,8320,10506,7976,6152,2811,332,7171,3330,5438
1995,3372,4741,1467,6237,14107,1335,4691,15357,9743,3599,14239,9117,2412,5383,15890,15748,15795,834,9847
4720,16369,15184,5123,8756,795,10933,14226,12664,4015,15410,13912,10056,6972,12735,4308,15306,13997,6260,6508
11137,4620,13865,5499,15442,13381,4445,4514,8340,6928,15261,16223,15294,331,1327,3541,2159,10297,14963,12450
9997,5862,9686,9271,5442,13664,3863,19,5276,6198,6644,10973,5668,678,11109,8812,8547,5730,9202,10901
3848,7319,14293,312,6258,1976,7302,8997,13157,1776,1195,6968,13441,14637,11056,9194,10801,8579,4322,14241
10411,11760,13819,15512,6582,14383,7846,8431,7205,11478,4955,3895,5138,15494,14509,7719,11063,2442,4502,2007
206,3088,3540,14188,15289,759,7170,14665,16132,7958,11796,7348,4238,4109,6610,4260,9383,4905,10934,2455
8838,9970,5222,11333,10248,13901,9511,14675,214,3789,16220,8890,6882,11138,14024,4569,3140,11715,5032,1679
10871,5067,2826,14550,8333,11410,2930,14389,9802,15449,11551,10047,12347,14568,16163,15913,10622,7307,2272,3817
8896,10511,1042,14318,9760,13397,3013,6992,5979,11543,3329,4983,2957,15406,13711,8835,3550,10066,880,2598
8036,9459,7512,15894,8587,679,6797,8275,10911,3338,14211,12424,2411,1834,13515,16249,10196,1687,5022,2386
751,13686,12070,1656,824,1247,4174,29,13612,3703,10796,15671,5806,11974,4663,2986,14075,6335,10059,11832
2315,15426,874,5805,13114,12099,220,14315,9351,8701,86,11264,14148,12106,9394,4855,14520,7847,12020,15076
74,2775,9427,2456,14206,1887,9388,6733,3095,13756,149,8675,5974,5973,613,11502,6293,4348,7528,12688
6543,9390,12966,13493,4243,3301,11572,13672,11519,1596,10518,9988,10835,1914,8250,15856,16250,12285,9540,675
9939,6809,14542,6672,14070,13674,10861,9280,6301,8442,1703,4465,4901,16230,370,2043,436,5230,7970,6777
14473,2501,1102,11593,11504,13125,14421,62,9460,15430,7965,7744,9105,5585,8591,10070,1482,4958,1704,4242
7565,13056,6697,7027,12785,75,16193,1655,5525,7213,4417,3278,7759,11492,13764,11907,1953,1822,10192,5412
1294,6229,4292,15003,11367,16326,12100,4241,14635,15487,14880,6013,2359,1246,7527,4166,15116,900,9568,4634
5608,10755,5712,13394,13722,3918,14120,3708,9859,453,12049,10487,4760,9213,1059,11455,13209,10187,16320,1600
7357,4650,6133,10073,16370,7866,545,11942,1254,8505,14348,2005,6815,11534,3885,11533,3566,468,7783,5299
2734,9479,15824,9190,11966,10124,5971,449,1659,11529,12441,6309,4127,7272,2413,3543,10209,8754,82,8332
4267,6186,6117,13490,12454,7626,1947,8968,16266,13469,5663,7851,15218,10195,1083,14099,228,4830,4558,11350
14437,2328,5888,3602,11149,13472,446,13278,2149,13003,2378,12490,6959,10524,2208,6780,10616,6209,13371,8255
4341,4328,3294,6173,5081,10058,10382,507,6786,14410,12988,10992,7004,11869,7229,11444,7909,16152,11724,1592
2284,10737,7935,8578,3241,2040,14978,15087,7367,3162,3646,2398,2486,13902,8796,13172,9870,8869,10921,7183
11848,7176,8953,7725,1023,5106,781,14511,13106,8451,12896,11960,11643,3014,7943,9364,9007,1073,8599,11195
3801,8826,13218,12150,6424,11017,608,5550,3641,14806,16267,8019,3844,3413,16088,3207,15395,7387,14009,7768
5858,10483,6737,11119,2021,15672,12145,3829,15071,12044,10651,14696,8043,14876,12593,13326,1328,7985,15873,8676
13107,4071,11708,1935,9489,6767,9593,2976,15029,14399,8619,3939,5665,10897,866,9295,5212,16262,2725,813
13154,6711,13861,7552,1862,9554,12992,10395,7801,15473,9259,7525,3783,9694,2796,6020,4703,13000,4424,11624
7003,7328,6794,10808,308,458,4610,5189,9272,6532,12489,5210,722,11574,9263,13971,1680,11403,12449,7125
6821,6875,8314,14035,2070,3623,4580,4027,12242,15439,14221,15471,14320,1364,6669,2397,7974,1850,4336,5541
9759,15431,3707,8552,7546,16371,11722,16099,13617,15321,13195,2003,8336,2212,15651,11525,3529,13265,1651,14800
681,7822,13520,7636,8821,8308,266,12175,15413,11878,11140,7148,4989,7887,1161,16139,4841,5017,2974,11400
3376,4009,6578,1559,8276,3315,5427,8496,1842,11209,2243,7300,13009,14736,6196,4520,7391,9301,5867,15697
7657,14419,6724,15590,7234,10577,9621,16127,6044,10700,12754,12258,8941,9419,2125,3460,1686,4623,8928,4957
9447,15103,743,10143,15794,15524,8093,7526,14076,15349,5330,7471,3103,9986,3558,3627,9078,12614,7897,15176
10151,257,5401,7342,7579,10985,10405,10527,4713,11659,12185,13346,1021,11266,12791,3006,15784,14126,11419,7980
16324,13522,7740,14899,8725,14767,9493,330,11336,6485,15311,8092,8841,7991,7134,10364,6506,13237,8347,14973
2240,15351,16058,10948,12179,7009,7106,8672,8489,3313,10100,3337,4842,13460,1963,6685,14779,13707,10004,14871
