10823,2346,5605,590,6460,11114,6058,12814,15199,10770,8418,11046,392,10623,5904,5301,15650,15739,7268,2412
1316,4580,11037,1429,14046,8093,10089,1529,576,6419,1994,1454,2473,13170,11523,6766,3166,7683,4408,2378
397,2544,13489,3280,12155,15153,6298,4215,11717,16046,11459,355,12255,5534,2775,6353,4017,3320,10629,2949
4913,5253,4890,9648,15999,12363,16045,6687,10264,11483,8804,15789,5318,8889,11739,4953,1431,3374,5695,1300
13383,8422,495,14328,13832,7638,3159,8042,14376,4346,2328,124,4835,15115,10287,1754,6680,5129,573,9130
422,11311,5536,7885,5685,10031,14214,2854,9753,12817,6337,5235,4830,2156,1571,2038,5463,57,9883,11682
15814,3384,10521,497,4378,3546,4417,5766,7240,13133,10876,3881,361,5540,8505,5832,15723,14182,11281,4639
3856,4080,13520,4114,13669,2865,2242,270,683,6440,1246,13244,9821,3875,7489,7899,4721,2552,9783,10258
7256,1055,6605,3778,7276,6090,11252,3972,7037,3382,2251,11289,13204,10252,14621,14596,6593,5953,5124,9957
7345,7869,10407,8245,6571,13684,4339,1092,9260,11123,8480,7811,13208,14338,11610,2555,7229,5676,5541,7953
1972,11162,3522,1569,15138,13545,7958,6584,3937,11015,13116,15719,9318,8223,5960,8308,3700,2968,10893,8261
4853,1945,3955,202,11674,4872,6820,4683,11437,11849,5881,10562,14521,298,11994,8082,4860,12258,16103,13353
11958,12820,1070,730,6589,8517,2925,5096,9293,1556,6594,12689,14319,9271,5411,1620,3388,466,1590,2546
4755,11476,8655,12517,1128,316,8461,13921,5734,11680,1829,13239,3106,13900,4446,14816,12945,4560,11857,3068
2424,1760,15450,348,12261,7206,14028,5467,3510,5778,11216,1032,5728,1600,12970,4319,15120,5756,11472,8019
7999,1060,782,7800,5472,2838,14332,6525,7806,3741,6319,3099,14402,10933,11369,9522,1391,15688,14755,3718
7356,2519,2477,14963,7257,14334,11727,12267,1819,11257,5320,7620,3468,290,10325,14082,10593,7172,15637,15076
12902,5228,1105,2482,1530,7068,29,13752,10839,10190,3757,6638,5209,3948,10054,3474,1702,4294,10417,3820
12237,1174,6595,12780,6438,7766,8895,7850,856,1262,8778,2263,10016,3367,903,1163,3122,15771,789,703
9304,8997,12539,9506,2562,10682,9728,14721,6130,974,772,7597,15144,4447,11039,13095,15681,1567,14102,1861
10027,3146,6744,9348,7134,11996,1059,12359,4674,7311,3850,2195,15095,11889,4539,10652,15103,4424,11386,6206
5459,6746,4571,10005,6382,3646,6577,2966,1160,2078,9268,16025,12419,8886,14106,8777,2804,9094,2671,14206
12088,3462,7238,13455,7795,10106,2986,12471,2657,5626,3770,7701,1478,1370,1673,14128,933,2658,8661,9922
744,8848,16166,3306,14236,530,8410,8225,10296,97,1963,10542,6200,12329,9106,1763,9853,7399,1521,10693
9184,6106,15609,14066,10329,11700,8832,14589,13547,6432,8860,11845,12899,6777,14859,2395,5789,2617,2213,8069
11003,7537,8953,2600,15217,5131,11161,8794,2901,3739,6280,2523,6228,828,3263,9392,5038,9286,1961,5258
8170,7895,9585,4594,12839,15404,3869,12336,3759,14277,9750,11418,3721,4372,741,11533,3186,1369,4,1724
9849,5205,156,144,8445,11077,901,13168,3764,6143,14855,16115,11138,16232,2510,846,8102,4527,14788,6814
8367,8072,13750,10360,1660,7950,9129,15715,5720,734,16096,16348,15610,7588,1581,821,1030,8374,11761,5093
7551,12596,2441,10821,1881,4973,6508,9984,2948,9230,15750,7998,5968,4795,11075,6111,3539,10811,9496,3300
2152,11170,9805,566,3406,10400,3800,9645,7717,5546,3589,8473,5076,401,16286,2839,1335,14252,3288,6851
8662,1211,3394,6152,5908,6566,253,5061,733,15977,752,9941,16263,12295,3762,2612,15633,4708,9548,16173
10064,3784,9888,11715,2130,10884,15141,6788,6948,1825,1868,11775,15227,3897,1864,201,5389,5961,14229,6848
5264,6236,5877,13619,6362,7631,7894,13513,10955,8920,8775,6796,13646,14886,5883,11200,7177,12302,8126,4603
2516,2622,16281,15114,14864,2859,1894,4403,921,2399,3357,4407,1438,10427,2241,14538,10463,11596,3214,6761
3635,8312,6129,2338,2194,12447,13285,6114,6417,11926,2661,6080,8394,1977,2198,16122,14641,7837,1721,10001
6266,3389,10587,11597,7175,12643,4259,14058,13881,2951,12157,4416,1415,12900,9626,3024,5959,5356,15390,13449
9999,236,9061,3950,7313,9017,5625,7291,6801,10395,13688,10777,873,6257,4041,394,3769,3717,13202,2306
2089,3656,7392,4492,16136,8808,13483,12538,3239,8086,12132,13033,4008,15303,3256,8768,12600,12573,13430,2102
2438,5842,11607,12662,3570,3372,1086,13462,13839,1585,595,4723,14412,9204,7230,9767,2,13417,8159,1790
528,1728,2041,13525,5575,5333,4393,8322,13931,16132,13465,2264,2634,14400,1459,10342,11695,12581,2625,11706
1898,2532,7778,7761,15263,6830,6528,10921,2106,3879,12458,16182,5554,13365,8922,9797,1676,12411,6226,3680
3456,10388,12669,6383,9573,6476,3432,858,8930,7050,9778,378,10824,3954,9859,1588,12014,12169,3786,11683
7176,10692,231,8075,9309,5118,9134,9465,10510,2023,1286,2138,1627,5030,11753,837,8762,9454,13518,4030
3577,12171,1803,5337,11149,12865,4162,7494,12859,1002,5913,1816,5797,14912,6794,16049,1596,5423,420,11967
15981,3252,8028,5,10312,10556,13774,6371,10228,12453,1095,4942,7912,7208,2733,10506,4776,11944,15726,182
12228,1113,15046,15947,5454,9549,845,1716,12493,3766,13154,8564,6131,16076,1997,1421,8377,1923,5483,15473
3250,4488,1738,11198,6415,13763,9256,602,4998,5522,4431,8858,8251,805,5372,11804,5870,11300,16039,11041
15367,4122,1296,1291,13009,10726,1930,1386,9291,7589,8493,14957,1726,15748,7391,4113,8235,13246,5489,3380
6023,14177,4738,8516,1612,6479,14466,1747,3633,11193,4551,4200,1540,1915,5879,8326,8400,1216,6602,3838
2013,2455,11394,5443,11866,3298,14267,8132,11329,1664,6305,13632,8847,2468,3916,1742,9458,1674,2460,11359
1159,6439,8868,3833,3496,9946,15846,16237,5753,1931,13023,3775,5807,3878,12750,14152,1584,6839,6699,10020
9950,13569,43,340,2267,8287,4939,9777,1321,11643,13321,12791,4786,11333,6729,6446,2368,11011,8412,2818
9993,10267,8123,15528,15206,16184,5928,1315,13760,10871,5504,11840,7285,4836,14022,6285,14165,14274,1998,11148
1138,2186,13475,7574,5368,13893,7954,11965,8298,2487,2316,4660,12977,3543,12287,9848,4498,2585,1046,2045
7408,8393,14828,10161,13995,6873,357,9788,4496,7224,4273,7935,6643,5019,1659,13778,10357,1193,9356,461
10136,5944,5955,3858,5460,14767,15938,6740,2358,5420,275,3771,2454,2216,1162,12816,11953,8619,2809,7971
12533,13331,6368,11339,8753,1544,2693,3178,6418,3703,8217,13954,6955,4473,13242,4959,16366,12207,4997,4463
4051,11955,2578,2472,15072,10313,7098,1248,3576,10675,13229,1739,609,4230,4892,2150,4712,6980,2082,1526
12917,4406,15098,13276,887,1729,6048,6400,3335,13551,14176,1513,6341,11090,15939,9611,12437,237,1278,458
3711,9467,1449,2036,14200,8881,2214,6506,16190,9451,9781,5213,7368,3284,3604,5194,14410,15362,3547,3325
13195,3915,14512,14327,4452,10859,12555,7242,2062,7529,9714,7691,3354,9697,12513,10170,4732,12528,3107,5048
10221,15300,7298,4341,3154,8139,16107,8773,5776,521,2409,10946,8068,10365,13003,10457,9231,13283,78,2209
12546,3687,15255,8879,1889,72,11096,1358,3158,2113,1252,6991,8273,15466,4746,14923,1493,4553,8179,3346
6148,6641,1863,7096,4914,13261,14339,14392,5022,3241,13233,10650,12067,1550,5954,4313,15173,12924,9077,4413
6827,6411,14528,6388,5210,15479,6330,9033,2494,3133,14902,10367,6925,8353,3696,5558,14676,5528,7462,3561
13536,6688,12449,3603,6918,5693,6569,10444,285,15190,13615,12031,11001,5315,773,2181,594,4362,3690,2136
6856,7679,16280,9082,16204,13511,2886,12044,14969,8540,3028,1784,11401,74,15766,5848,9812,16151,1010,166
13847,3497,4627,6344,10237,4813,11794,7228,945,341,6136,2329,3629,3333,11101,11175,8743,6256,1684,5183
4562,5263,10085,11445,9729,1968,4128,9361,6308,13507,10143,3524,5104,6614,5772,14982,1243,2244,1129,6828
10280,2770,6323,1309,9160,794,4927,1946,1201,9937,1675,7848,10261,9989,5394,12285,9224,12188,6071,6222
10114,13730,1706,5435,5859,13882,8610,1767,8421,14455,7341,6387,10620,9274,1465,11980,10021,8609,4194,1043
7405,14310,1656,14636,13407,7772,1222,4253,6287,13657,2792,15245,12632,8945,11545,138,10169,2755,5930,2932
1862,9111,4747,10428,5295,1553,12557,14096,7247,3051,14736,15345,4841,15011,11802,4054,8943,15805,6464,13588
1604,579,4096,16113,7091,11937,309,6057,5552,7733,16171,2294,9277,1644,12392,7417,9042,6958,14501,5393
14684,13740,9485,8355,9371,2273,12211,5653,9582,7670,13184,5506,2375,15200,13122,13173,10102,14814,10948,3076
5566,6920,7583,13049,15125,11625,8338,14256,10694,15329,13487,4389,13559,12080,2971,15165,709,9372,8714,2580
6906,2308,3483,4404,4418,719,7248,436,1951,14396,6381,11971,11429,3152,4355,2128,13543,14585,2127,9909
5375,12887,8790,5174,9078,11647,7236,5849,5894,5010,7706,14379,1958,10520,6852,7270,4883,4547,897,1497
5757,7471,1102,8963,5214,4436,13084,6954,10274,14751,1395,3751,7501,7678,5307,14100,9625,6108,4050,6805
10843,8313,2844,5386,11038,13923,3425,1954,10352,712,2798,5165,4499,3131,3540,7071,6116,11255,11635,14388
7013,3196,3204,14476,7396,10146,4440,13177,6908,15148,2384,6844,892,16322,15079,16307,4861,12413,6150,4615
6575,3839,7872,6250,9547,14871,764,2920,13403,13663,11651,7192,5822,8888,623,12756,16164,271,14604,15895
11977,8989,12321,2272,7026,8916,831,4716,2513,356,15286,10905,11583,4839,4864,7383,9713,13473,15630,5721
5369,6901,3935,7149,4350,14067,1777,808,11639,5532,6969,13342,1783,8109,5946,5725,8497,3038,14754,16215
2366,8383,5371,15396,11798,5588,1996,759,4610,3077,603,2224,11836,7154,4791,13019,1761,615,663,10449
6278,8574,15615,4964,4400,14970,15867,9894,1341,5227,15156,554,4293,14403,14573,9977,4652,3876,11814,4638
10951,1006,1284,2333,7204,13498,969,904,3798,7879,8127,16368,11891,104,8749,9321,12056,14012,15398,10108
9313,14739,9031,9540,11772,765,4295,15873,3894,10819,12629,2277,7571,3993,4026,9075,10756,14449,833,8479
10023,3697,4858,2647,5218,10571,527,5715,13797,14448,4983,13357,4946,12503,9808,11659,8233,4213,4476,11833
9838,3344,13174,7888,4001,8537,8066,10507,15266,14725,14583,15260,762,13080,14496,12821,5089,1398,11272,2495
7749,2004,1354,12879,1949,16038,7246,6322,15191,3101,15298,13574,11877,8549,5085,3773,13047,7215,749,4748
1267,9898,16123,7425,8247,13732,3521,4006,14548,10915,10984,14387,824,10762,14592,10211,2605,4810,12494,6066
7764,2640,11430,1969,626,2673,6799,15172,1648,8236,2525,3513,1231,6865,12266,7185,13148,8184,9166,1104
10793,7130,3447,15876,2618,10134,7281,8550,431,6482,2231,4116,7658,9600,13919,1591,8209,5669,8309,5040
13308,127,5586,11645,7777,9976,3828,10126,5677,2573,5137,12176,12084,9514,3724,3501,12819,12864,3274,6887
5563,11126,679,14927,8640,7713,9188,13245,2713,8892,2911,8166,34,12809,14065,14023,14055,11020,12439,3272
15212,2380,16072,10831,5574,8172,4353,12037,3144,3599,5976,9653,9228,5332,10093,1762,10030,4220,5995,39
10503,9407,3245,9426,3864,11183,3440,8324,7497,12951,6042,6198,9926,3529,16012,6664,4143,3020,2105,79
13227,9742,15456,276,1383,3155,11561,10147,643,4002,2852,8809,5909,6483,557,15622,14830,3532,14357,5021
6620,4616,10028,10603,5584,2650,12172,14235,3714,13012,9165,413,584,5053,1353,13984,2076,14129,14297,8647
13875,13457,14320,11458,3625,7444,1700,11890,14010,1019,922,9724,7140,11275,3854,5243,9628,3119,917,12066
14607,10473,3490,11788,15902,12352,2843,4648,14824,4557,13432,13355,7523,4877,5583,7876,9008,15221,260,14375
2179,6413,10929,4011,2450,1678,1535,10864,8475,15675,2206,4931,621,13165,6661,5390,4764,6145,2286,15924
14705,2261,10865,2303,1096,8508,12248,6779,1566,15646,13398,8854,4334,15862,1981,11341,16226,15594,4441,4866
8975,1037,6550,15185,3270,1118,465,3600,8978,8471,11869,4093,15636,1207,13678,9580,11921,4082,13994,15096
11516,7601,277,4382,9536,4851,14035,1965,7326,2980,9297,14542,3036,12508,12410,1482,15552,5498,8502,10998
14821,12253,14626,15310,11973,10116,11723,15508,7420,6926,8971,7473,12407,9698,6293,3421,14485,12614,14168,1364
847,6294,5206,6197,5215,11043,9773,4650,8683,13877,13951,6535,9641,11111,15720,6214,9923,16109,15359,2486
4676,7101,12953,6099,3019,8680,2579,10212,8297,7742,5523,6771,8740,3328,15188,9112,2969,9947,9754,14142
7083,16172,5639,4332,8907,4769,8032,6654,5835,13381,7725,13807,11457,13673,10080,12667,15461,14875,2686,2237
3814,11407,120,12196,12288,3867,5458,8836,15880,11557,11378,2490,2934,4994,7474,2611,10053,12570,1589,13668
13361,108,3992,12290,3128,10631,8654,13819,2289,12589,4435,10716,7758,8035,13719,8216,745,7262,7419,713
6582,6511,7310,13670,11543,5433,1655,7454,4856,1220,7165,11245,11595,14868,3289,3694,10751,735,2563,14929
7684,88,2613,14435,1718,9400,12281,2126,11599,7832,1308,666,2568,1234,12665,2311,10735,11763,3087,8961
4895,6548,2824,1357,8105,6713,6463,176,1417,7145,15673,6069,15896,6717,6583,4159,811,5808,13236,2582
3194,8143,6397,13287,9122,10681,312,15647,5770,4816,4635,9765,14689,4426,14411,7614,6763,2240,12691,1662
11500,12137,314,6546,8239,7862,14355,388,7029,13755,3965,724,8649,4086,8566,10096,3654,2440,196,7183
3580,6105,11493,14748,3171,706,9518,7732,2992,15085,13626,10336,10144,1275,15226,3505,11935,9032,8499,8155
11988,15495,1399,2229,10653,5798,5876,1498,10483,6429,12683,1752,10068,16289,9564,11042,5232,14167,4971,5450
11735,12615,2850,8780,13378,15032,2924,12252,11720,12855,8599,5499,9409,9320,8914,6760,3752,2383,3193,10932
8552,8006,5863,434,13978,12627,11461,3877,7762,13028,14851,6029,6170,3849,1565,8543,2956,11219,6983,3161
6094,5784,7398,8583,14631,403,5414,4705,8504,8484,4756,3568,6558,9486,5843,4881,13671,147,3217,1137
518,5069,16359,5199,14195,4078,1382,1057,7054,5634,1730,2104,3830,9295,110,1846,5158,13961,4669,3791
2069,13431,8557,6752,7065,11468,2314,6046,12688,2204,6006,11724,3933,170,7078,1708,8533,11205,8125,8295
6553,6321,15794,329,11004,5100,5619,11708,6846,15714,6518,3848,11439,9051,5142,9180,6461,7759,6946,12429
2988,13892,6227,15340,2043,8831,10848,5674,6135,14815,12135,4059,9725,9283,6020,8489,14024,4722,4692,6469
10536,8578,1151,4850,13878,1719,3319,15257,9875,9053,6930,6725,4694,13617,5802,2405,11443,382,4567,2092
14996,4534,3098,15985,7667,6637,9633,3210,10453,14161,12656,5962,15184,17,5633,6512,5987,1564,8110,7634
9412,10183,12626,11221,2001,4568,8259,12516,9804,11210,456,16230,4235,2586,129,1255,1084,9381,6872,15402
10223,2789,12203,407,13597,604,13472,14734,9431,5284,8457,167,13274,9772,1765,2254,6297,13183,3073,10881
5565,8234,3659,8205,12340,12280,334,3148,6519,13672,11479,5762,2413,13100,16120,15451,7205,7651,13757,999
536,4834,11754,6588,7788,11725,7808,13743,8423,3618,10500,14629,469,14146,2870,7144,15343,2535,14131,15395
14331,10936,14598,8366,10233,13727,15399,7280,8208,14682,8816,13370,4327,1807,5310,8769,7388,2026,6919,2137
8510,4691,5392,7278,2875,13161,14999,5201,4275,5587,10559,4013,14710,6736,1518,3220,6804,14812,11417,10701
13745,10029,4370,13966,8784,16334,4561,7628,304,9445,12204,10807,7431,7305,9383,3834,6126,9221,6243,2872
14599,8129,6279,13583,5903,11931,16314,13001,4563,6189,9503,3173,7942,15280,4759,6004,7358,9119,5727,15137
12932,1338,12145,11125,12834,15499,6097,5395,5293,62,11323,14515,13039,13359,977,4221,513,7870,4281,899
15531,7484,780,7769,14587,11489,8685,7839,8729,11306,12262,4074,10894,15621,10920,15642,15335,2116,9856,2764
5123,13066,8789,7296,3358,5887,8438,6174,7447,14655,5404,6134,4218,672,3165,4876,1640,6149,5654,8760
6520,14674,5029,7132,10294,16355,7490,7085,18,7048,12322,281,1265,6635,16080,5984,3987,3223,12893,12759
4427,14952,8481,2736,33,5046,6651,6207,11790,1823,8411,9399,4899,818,15516,9146,15632,3945,9620,9379
8770,4526,13026,3324,6081,13707,7629,14711,13268,1987,2336,7853,15550,4672,10234,9175,7189,14647,5388,4785
5324,8372,7369,11551,2888,8396,5211,6974,8937,4754,12795,6823,9651,11292,10371,5840,14986,2696,15315,11655
6268,7407,15892,1406,2790,12254,2855,1636,8059,15821,4180,2415,12357,5166,3243,4653,10733,15331,5202,11520
4598,10654,13406,2018,7556,11027,8717,4684,14633,2304,2997,15799,2820,14249,11182,5311,15002,2427,1877,1179
3883,551,6234,6142,471,4199,12709,6467,4842,7773,5749,8827,4402,370,214,2400,8272,8630,6998,12714
15667,12476,7665,14597,8704,8199,3623,6706,7316,15312,12358,3611,3970,5487,15735,9152,3591,15418,8511,7936
11395,10844,16024,9739,1384,12551,874,3995,14184,7346,15204,11951,717,13042,2388,13484,4075,940,13166,7123
1016,7939,4097,14827,11526,7527,7565,2313,9550,6151,3449,1326,10359,9487,203,13254,10017,7008,13943,7892
3062,1085,12612,6756,13167,6208,6587,8527,1475,8011,15480,1523,7190,13711,4432,4070,6260,2483,12474,12703
13804,12763,6036,1643,3630,12871,2669,13099,2174,5039,12110,317,7458,12114,2615,649,10430,7353,13904,4792
2139,12428,5620,1182,5599,9711,15957,1130,2758,7711,10820,4065,3571,2361,2344,3442,14905,9402,308,13140
4326,6700,14204,1076,5366,7006,6123,7304,3429,10419,14699,393,4297,15967,6315,6751,1483,7463,1649,10546
279,11438,14911,125,12421,10135,10226,1273,5786,11061,13988,9243,13301,14488,2025,2721,10788,2403,1936,1149
4503,16139,7880,9601,11823,13788,1542,14208,10286,8726,9640,5251,15405,5257,368,188,6329,7040,2061,6286
2692,8277,215,373,9818,3323,11929,13374,12432,3195,12813,1857,2981,6590,11361,384,6221,9813,6459,3996
8067,13098,9476,6406,9991,5121,13537,8631,13531,1976,9719,5139,8169,3855,3393,8811,7608,7434,15774,15276
444,3747,12225,8401,13079,4168,4398,12650,13480,4381,9006,879,13540,11927,12908,13816,946,10883,11570,8262
10272,14559,5249,5300,6937,1226,5034,6028,1845,2299,7611,12845,13282,11605,8198,11460,14049,8581,10160,8737
3459,15727,12773,12842,11168,10024,15453,14971,16155,5750,15437,9108,1021,3424,3842,11139,8306,14250,1200,7997
14008,12098,4882,8755,12554,11690,10836,8720,14823,4053,1922,9424,12274,9938,6262,3726,6196,4530,2009,12692
7297,12293,16057,13018,12299,13052,9307,15110,11232,9598,2946,11730,11808,11236,15969,10242,6261,6465,14794,2756
12574,10882,9429,14909,3636,9572,618,6765,8990,9446,6414,6586,4465,15338,6695,4369,15057,6224,9016,7809
14440,13817,15628,2963,6544,2094,12469,13237,15368,10870,3684,14446,3403,9149,14746,7856,8628,15023,306,2566
8531,13963,12602,14945,3748,4657,2088,3980,1038,3402,8785,4733,4590,12684,13394,12112,10667,10256,5580,5869
14893,1147,12525,8817,136,9560,12529,3555,3311,10816,6360,15295,6386,14113,1860,5226,8674,2983,9248,7295
4383,2954,13810,8863,6685,13908,13627,7760,3728,15196,16185,677,3901,14985,13456,15277,959,5267,16059,1009
8679,7275,532,768,12578,14186,7792,11127,6559,15746,11503,6301,12105,11773,13299,1249,325,2707,7700,11496
5602,9109,11842,2587,14425,8852,11525,3017,7859,10412,10850,5915,6555,4982,267,4578,16274,5927,6291,10120
12370,16178,5920,10154,4522,10009,472,8603,5935,11482,5521,2773,268,4433,826,3841,395,12760,13838,6127
3665,9934,7147,2481,10236,10305,12451,5796,2781,4591,9172,14086,12647,7817,430,6367,12892,13089,4439,4569
2972,1229,7217,1505,12884,10203,7729,4724,1814,12549,2474,8118,15246,1367,8941,12343,4886,736,3749,12939
11536,10343,7453,14943,1423,4847,8548,14047,12810,7845,2898,7336,11650,2265,4071,12247,6503,6909,12526,7756
4628,10644,2905,9176,93,1722,6871,5814,722,9657,12651,12222,13205,5286,9357,6975,690,10671,12185,1638
725,10773,6372,15912,14731,11537,9107,14566,438,850,8695,3330,3145,2393,2107,5403,10502,13828,15460,11859
8608,8362,961,3977,4686,3534,5130,2149,2752,4645,10458,9607,9837,6728,10764,6240,15951,16349,3626,1657
15755,2327,934,10376,12486,15478,6532,12154,12811,6164,12,1448,1186,9730,11452,3373,784,11048,4160,9416
4871,12507,11009,14218,7768,6022,6486,16270,5162,12870,10355,11946,3226,13051,6624,15987,7496,117,6531,13459
12040,1794,4211,4087,493,14345,4595,15210,1705,4880,4884,11447,6017,204,14166,11036,696,3884,5056,6510
339,12590,5407,13134,12003,12212,1145,6013,5149,7914,154,4961,3219,3895,13738,4095,5014,12457,4910,10204
416,13656,13306,12198,16001,9043,7119,6776,13586,8520,2876,13123,1361,637,15274,3368,8711,15052,801,4514
4469,4775,2370,5190,9281,1363,5004,10368,13973,3118,9123,5455,5709,4419,5948,107,10121,12108,7120,13855
15868,6505,1297,5141,4285,15045,9687,9843,7606,7044,12801,6995,8144,13980,12631,15874,3353,10475,13408,10484
8593,7021,10299,8710,6431,13956,4735,14143,10772,14941,15475,15306,12199,16220,5016,4888,11034,12161,7058,2921
9591,6622,10757,13792,16371,12215,5990,4699,5687,7314,16316,8349,13521,13295,7115,12593,15498,3132,224,964
8607,8748,8507,7949,7377,9944,2122,8671,798,6837,4963,3203,3999,16254,7552,1601,15919,8227,14557,812
4204,8676,5516,9115,4996,8120,11208,4689,10519,13214,6959,9227,11506,1711,9328,3844,3890,16004,9819,11473
6124,164,3693,1368,5128,7067,13433,5742,2553,14269,721,8637,2900,9050,1254,1537,5359,9539,12978,3316
15146,5445,7959,6720,75,3134,7660,12496,11212,14796,14818,580,6115,10229,3962,5365,9913,9453,4016,7470
15425,1967,12806,5700,4774,849,7286,9885,14680,13382,11477,7925,9382,4992,15903,14350,242,2528,11705,950
7338,11504,10858,5874,2604,16327,11733,3912,4583,1821,8677,2425,7371,1536,2896,12734,16362,2723,4077,3594
6306,9734,1966,12265,8972,7435,11366,3452,9987,3113,15041,9829,8523,2326,14434,9363,9961,12032,8316,13905
10071,8,12787,13802,8985,10855,11367,4725,1480,6457,15251,7513,9378,2672,1180,2794,12305,11786,11512,11351
10784,11157,14690,5659,12143,10580,7855,8701,6103,9551,15949,2169,13833,6199,15763,3126,1375,13252,5261,5886
2063,14154,12504,10523,6616,832,1520,7545,9497,3301,5383,12776,3564,9212,100,5186,10926,13645,9948,6355
3732,16081,11896,15289,6962,9589,6334,14503,11196,5631,9507,4314,3213,12403,6960,12836,1892,4511,8742,12116
7198,6436,3236,2796,12888,14807,5562,8033,1158,1693,15658,12450,12440,1919,12334,5844,8255,13351,1433,5256
14514,6611,1196,5862,2512,6810,711,5856,15222,14728,15729,12275,4625,7967,1131,8927,3084,3399,1593,13918
10281,12796,2788,1285,15013,7348,10878,5846,559,6201,14088,11800,3968,989,7689,5449,3411,11047,6567,519
2134,2889,10337,8488,8119,7676,7255,4144,216,9250,5914,9834,10278,10010,11813,11390,1599,4780,6259,8061
1815,9386,15436,14639,15296,12906,12828,9067,11159,10247,5812,11653,11402,1820,11128,12515,8334,4907,8658,13506
6364,15088,7106,7400,6180,1392,14553,3117,3743,3956,1069,3391,3861,16279,7851,76,2146,4119,5240,9916
8894,11757,8351,14901,13124,6119,12929,10922,13021,8821,12961,51,68,2417,5473,10103,2390,14308,9968,15827
12479,12422,229,14733,1111,5792,9466,13315,13231,10263,6603,4375,8587,5702,10079,15334,7108,1450,2506,13142
4247,700,11846,11711,13946,15278,1597,1768,4021,10189,1195,7415,9615,3477,13557,10214,3200,327,2610,15808
15756,287,6120,4331,12365,3673,5410,4767,14898,159,4552,2176,4212,12327,4945,10123,6054,15946,9131,10993
6102,15015,966,13152,2220,8926,11923,14207,6530,5322,7822,4967,1780,13822,14770,13710,10008,11922,1112,14433
5609,3986,6753,8987,9794,14212,7397,14964,13753,3451,6366,2732,9953,16033,4620,5871,7579,6774,10100,11657
5533,13940,4633,11277,16064,15205,12456,13606,2834,2377,1876,5741,11502,16284,15534,7681,3498,8416,4081,9404
769,12009,1410,4044,1897,11759,11968,3188,888,11095,4949,8492,7010,723,5649,14126,7126,10422,3709,12701
653,8276,4504,2480,15192,5971,9244,9707,11377,1641,4609,12618,5299,10040,6187,15802,462,193,13400,15150
6295,6966,2433,15252,12038,6742,2621,13801,3027,12563,5453,3294,15044,3065,14085,9969,11243,2862,12096,8264
14069,12765,13834,4714,3385,15080,12974,2928,8150,3248,4042,14663,2619,13241,7283,10476,1435,1227,5718,13821
1563,9897,9912,10301,4338,14601,3197,15558,7249,4630,5098,14658,11867,16257,9994,9558,12097,6610,11911,4559
5025,4279,12980,569,3554,12982,6818,3318,16073,14888,12010,9489,14121,10002,3975,5378,8018,7081,11920,13800
8692,1694,3212,14430,5153,4308,4661,14948,6014,10524,2967,1004,6325,14949,11661,6245,9483,4729,3616,7475
7674,11100,9737,1651,4367,7718,6543,8509,376,10904,9935,7483,2769,7187,5023,12442,2533,8373,8250,5107
4697,13171,11379,6786,7746,8524,14523,11992,4703,2381,14107,14210,15073,9763,3559,16365,3170,2334,13623,7203
10779,6691,542,7151,15363,12181,10282,775,7267,16216,3049,12925,7160,9685,13181,13845,4584,16005,9058,2332
7917,14130,8560,14866,14561,1270,10937,5103,10822,301,661,5764,8327,13783,5292,7113,4533,135,15539,4911
9247,6128,10338,12497,13907,12498,12990,8966,14640,1943,7003,13697,2193,7528,5682,9721,8724,4032,14919,5892
8201,10455,3125,3296,6748,7011,7987,6825,15795,13180,10091,11345,13350,14959,10311,11409,10553,1274,12644,878
8925,7932,2153,6470,9904,2053,5585,7540,5815,5606,13640,13784,10081,6646,14183,5111,11117,5391,14938,12446
8716,4918,1941,906,61,3423,1852,13267,10208,5326,2201,9003,11266,8360,12427,4601,14432,15314,6269,6246
2556,16318,11611,6496,12947,16138,5170,13032,8911,12071,13876,2616,13795,13733,13090,16162,8700,5431,6693,7042
13496,2397,13332,10373,790,9335,11689,3286,4141,4550,6650,1492,14170,10375,12964,15666,66,1910,7299,11106
10065,1469,9322,9748,7234,15259,9800,4593,13981,1525,245,7710,16061,9332,1937,2012,16175,9659,5780,7690
8718,5934,7702,6516,3782,1562,9072,14238,414,4668,1818,71,8460,16336,7909,3649,5774,16036,8052,7196
13344,5288,5220,5646,10231,11224,10377,6754,16370,13058,5624,4246,3777,15769,2518,8534,2998,443,6560,5967
13773,10248,8625,14063,5509,6395,15923,12506,7714,10369,13439,3754,9864,9447,6809,9479,2805,12426,954,4248
15616,3081,779,4187,6195,11989,15160,14570,16,15326,4701,4348,2841,6600,1549,4310,14493,6082,5932,5224
208,5434,10491,13209,15908,2322,698,3701,10778,11894,6320,40,8197,14881,10731,5049,383,13474,13187,11174
8478,9571,9502,9167,7488,10787,6370,14801,1658,2642,3350,2899,2141,9639,9758,13650,4532,3232,16037,9823
10411,8458,6840,11381,15054,13275,15380,12744,5306,8690,2746,15626,16335,3862,10981,1560,5872,15820,10113,13250
13185,8115,9942,8871,3254,14519,4374,8112,834,13111,11030,1489,11563,3464,10722,220,1380,2795,5665,9603
14030,11805,5970,7961,14928,1642,13467,10969,4033,7253,15319,3177,16356,2728,7868,10901,1250,15661,12360,3227
9945,10728,3685,14013,14072,1541,6219,2210,766,13217,10527,2154,6101,4838,5027,9918,5330,15525,9096,16130
8071,6083,6690,232,2070,11008,11261,10992,3614,7365,12617,9397,5269,11364,4935,11426,9340,5312,7361,6393
16272,8039,7724,5110,10309,3533,2873,2437,6745,11784,3486,7801,11490,9252,10153,13118,7023,9236,11566,5514
9308,7330,3242,3130,8835,7184,8844,13065,3002,13097,6194,6421,11078,12752,15000,1598,8906,5698,9136,6045
1283,15927,8106,1831,11976,981,15458,234,14352,4846,235,5008,8160,5084,6905,15062,7423,9091,4428,2054
7428,11014,5511,8929,1957,12393,9055,13949,7582,1443,6609,8045,12189,15834,919,4068,5882,10738,35,10792
12901,439,11669,12431,3745,10078,16332,15826,16252,15753,2274,11247,14349,9886,15414,1294,14484,1759,14076,10374
9339,6485,12904,3266,8539,10066,15287,2488,14033,13687,5178,5073,3290,12208,11023,7438,2170,1770,1167,6185
9889,979,2290,9258,8302,714,15811,14021,132,15042,13794,16040,5697,10990,1639,6859,425,11164,2271,4525
1470,4115,997,4781,15645,2057,10973,7945,13560,12998,2694,5926,8431,7814,3059,15486,1048,14490,5545,12415
5642,2341,3345,480,1305,5850,4663,5120,8845,4083,9508,16357,6452,15657,8013,15668,16266,10137,10657,8820
1097,2847,10799,12443,685,9490,4972,8765,6458,15047,6064,11000,13765,8149,15843,25,14315,15370,5845,15470
5988,14108,9199,10034,1419,3991,8218,11312,8230,9245,4290,6732,6223,95,11263,10243,1743,5628,13666,12637
10499,3050,3827,10013,11422,898,10478,2144,10125,14887,16353,6990,8391,731,3275,14221,12375,7024,7599,3906
11005,8688,12412,9982,13303,6487,6679,7594,802,3014,5198,10180,12928,7567,11507,1349,5439,4989,5102,3441
7164,13729,13226,5773,11752,4379,14921,5167,14608,8986,5000,13440,7771,6238,3453,14405,11424,5338,7915,5745
11327,14463,5902,11792,14292,3813,16202,11481,4818,3086,7996,11882,15320,7558,8862,15336,7260,3788,11082,13985
6389,9355,12091,5980,7265,12889,6493,13872,9870,5561,9468,7063,6669,5260,8875,10663,689,3396,9423,10875
2607,12993,10557,3852,7157,10643,15702,6633,6723,9213,1792,6857,103,10447,10786,11777,9285,9142,7287,48
1029,8433,3078,2574,5830,14510,9170,8462,4401,5415,9279,14418,12910,2072,13734,929,6153,7153,11572,15926
3409,15026,11586,15152,4188,8857,8553,9365,12835,14833,11598,3911,14802,5641,227,15176,1788,12068,11485,13163
11178,14447,1872,5610,8721,10038,10167,14846,11448,15203,7099,6039,2666,11924,2098,8667,5441,7905,11299,14251
14526,3512,3903,1303,3257,8345,2256,2392,14199,2090,7263,12398,14077,5358,15186,14059,10739,2730,14564,12907
9023,5799,5931,7940,13799,9624,9164,12635,10486,12210,6351,5837,13846,4681,12564,11187,7075,4597,15699,6132
213,10238,5400,11389,16345,10145,4064,10940,14635,11131,12829,10177,8842,614,15504,5531,7820,13510,11542,7871
5351,14265,6891,12459,10035,2826,15132,8015,1173,14840,9872,6521,16342,668,9026,6252,9263,1064,1515,13825
9081,415,12148,4968,1022,14764,16262,14020,10598,7596,506,4837,16297,12830,12641,6617,7031,13159,2828,8682
7,8092,2943,1100,9817,8605,6168,1119,1866,12823,9629,14420,10869,15709,3560,11177,10606,11230,3740,1551
477,9879,6514,16253,6100,6659,8567,5247,10257,134,10677,4464,11535,15171,6167,7070,2115,8733,8286,6775
12558,15765,4554,13384,983,14646,16364,12622,8491,13277,8122,6545,7018,3237,9162,1205,9715,14910,9420,7122
12178,13848,5668,507,5594,6160,3670,12424,14220,15535,16075,8388,10246,165,12133,862,8535,5417,1921,10791
12913,6270,8675,11374,2955,1106,7362,616,11916,4206,8468,3437,4037,12272,11335,15069,8176,13897,8426,73
6875,3755,9500,756,7981,9676,2581,12374,7173,14922,13093,11276,155,12268,9306,501,6403,10759,15349,10771
5470,16319,6016,31,14785,12219,6540,3115,10433,2698,5538,9671,7857,3277,11899,3859,13705,2337,718,11884
600,6012,6882,6819,13861,15194,5328,12751,3120,13661,185,1325,9101,6498,14737,7901,6956,10111,5893,9866
8787,11594,2821,9395,14916,9873,5746,9532,14522,11225,13568,7162,3419,360,3247,11326,10464,13830,14722,10766
8706,9461,7191,2961,11885,15722,11939,2428,12800,4264,14946,1464,2559,4474,1157,6448,13203,15371,5810,15803
4072,5813,9063,7308,16183,8340,15881,16235,13027,12372,3787,9126,1677,7866,10872,221,9448,3386,8436,3927
10615,4808,6001,5657,5457,7005,6139,9345,4766,3457,14562,3688,15292,10744,7560,8905,11084,4336,6307,4743
6354,6471,4925,1320,7514,15786,2469,13228,8924,2249,6475,3853,3753,12163,7182,9510,7337,9955,406,4079
7883,1257,13057,1101,9353,7807,14299,8756,10568,8580,12245,2597,1047,2880,15854,6523,244,13641,6666,797
10436,320,9373,610,2916,6608,1619,12858,5259,1150,4020,9257,15980,15732,2991,7180,10655,15061,5437,14954
9127,8545,11259,1939,4529,9543,13219,1176,11843,251,5897,427,15391,371,10525,12712,8798,13866,15416,4969
12021,9498,7467,1090,13558,10465,5923,9852,8077,15400,14869,12580,14845,16070,4152,8747,8164,10162,10908,13867
2434,13928,1670,1385,6662,7138,8200,14040,8407,8981,5182,13164,1851,9811,3899,8041,5057,14302,225,6922
10691,9358,4256,10052,12984,12509,7980,12850,11298,3390,820,8339,11337,8365,1247,7159,12731,6067,11803,15029
448,13006,10314,12441,12202,7796,369,6422,11392,8542,10014,1161,15083,11189,5493,11915,9867,12950,8653,11681
7511,16282,1917,2952,12686,13653,15606,7657,2706,14416,2814,9990,7581,3422,13096,6003,14829,15954,5603,4217
927,2674,396,11056,4475,813,2386,1245,11207,11057,9974,10390,13901,9570,3043,11058,8379,5134,1020,11698
13107,11155,13906,14826,12303,6333,14758,6573,13501,2599,12242,2309,13790,4543,7284,16347,5611,13991,15442,4779
16292,8897,10331,7737,14415,15507,9342,15972,3042,5678,930,2897,4541,6627,1238,10156,8005,574,6077,10459
10961,2391,14397,13857,8002,6867,5884,7480,10877,13279,8193,2003,9586,4019,10174,4599,14513,1451,2099,2777
12477,9958,14531,1527,7543,2466,491,11841,7273,13628,9672,14645,14258,1139,12027,1272,11334,12180,11282,14135
7637,10440,1110,3658,8321,15243,14061,116,9329,289,8984,13358,1666,11315,14995,14768,11934,27,13960,15064
746,15583,11097,266,1146,8293,8370,2073,14264,10813,13296,6002,2985,4915,4468,5589,5350,2034,7881,5710
10322,7719,5007,6903,10740,4192,11475,1166,9771,4434,14426,12043,142,10613,11024,15520,13950,15858,4565,2175
12677,6416,8406,8951,11270,13888,7970,14897,8904,377,2203,1346,13436,16026,2419,9037,7973,12556,14071,8099
6089,2065,14032,10251,16278,9178,2182,14907,522,9504,6665,15837,10351,8870,7482,11531,936,6581,10168,836
80,13153,11574,4356,4010,8024,526,10982,7062,14424,3487,14115,14535,5818,2064,7517,591,3379,3191,8869
12583,4984,13534,15710,10049,2702,7823,12087,6629,272,1115,9618,2049,9083,2226,13725,1153,3527,9673,5983
11868,7754,9855,6078,4629,3921,16050,8472,374,3905,14784,701,15648,8865,14642,12880,15491,15575,11237,10173
14649,10725,460,6879,1103,2178,1271,10307,3216,5794,12611,10636,3321,249,7704,2050,9100,16247,16197,3297
1552,9182,7231,9090,646,10438,9695,11966,10210,4102,12307,787,695,10050,9349,14757,6807,3404,5481,10648
3052,6570,15676,5001,1501,109,1980,5998,13603,10889,8728,14660,8470,15818,13314,15031,5627,10916,16219,4131
6044,7367,613,7898,11560,15381,1795,278,6943,9786,11750,8938,12051,10741,15077,3790,13262,1709,4857,3221
10107,14675,6898,5866,10129,11568,307,15422,12930,14867,8151,13136,3863,1494,14307,1072,10727,2964,10736,10133
619,10790,681,1377,14750,1169,15770,8417,6549,14054,1058,987,5519,410,10413,10317,9847,90,6734,11527
6986,11505,8263,11428,3924,16117,12798,5661,12414,1645,149,7323,12770,15236,2829,13599,13769,6229,6886,10956
10386,11511,6350,9264,5448,4811,7086,14283,6885,1409,10199,12276,55,7937,2275,15372,3803,6949,6719,16300
9337,14744,6263,14150,4805,15066,7235,8490,1618,11076,390,5105,687,15831,9195,3951,12036,1430,11860,11316
6312,10714,13987,364,11816,9079,6494,5236,13853,13190,3169,11962,4799,6249,9463,3851,11344,11704,11637,16195
10564,13915,8428,14317,6377,10573,8839,10434,6945,2606,1758,11872,5805,6773,12251,10640,7672,11888,12604,6211
8556,2726,15321,13675,7174,4155,2833,1580,15323,12085,7150,5346,8244,10966,6288,13207,4325,7776,6686,12395
10151,9538,9680,8168,4271,15801,8644,10944,14421,8357,7695,6328,7073,6472,6450,2123,1605,4366,770,1241
1824,3000,19,5595,8776,10800,7992,1802,11406,12673,10006,9621,10700,9986,9163,13048,14872,16011,6841,8585
14976,6562,10348,3303,14151,2906,5547,2030,13856,10104,8271,11145,6468,4698,322,14124,3503,2685,11268,10888
7237,5179,2118,7350,4142,10171,6526,8213,9604,2171,13974,11903,16338,2100,9557,4843,1323,7479,12323,6714
7197,7403,15573,11160,9034,10094,8137,5191,7252,14696,12679,15378,5075,10583,13937,16213,14569,9884,835,1400
15104,3329,2882,2836,4600,6025,490,2292,8378,14039,1434,15155,1389,15489,645,12481,8913,14593,1623,1630
6992,9854,3506,4981,7060,2683,6086,13305,13659,6179,3934,13341,9844,15988,358,13482,13495,5321,14793,6050
9405,7618,6781,12943,11982,13175,12710,12862,11510,4303,8573,6880,4240,8189,14717,13102,16261,5262,13292,8633
429,5530,7931,9741,14567,10989,13055,7390,7534,2741,5696,6675,5052,9186,4255,7111,10862,130,6927,9779
13186,3262,13700,303,13114,6248,7919,1017,4040,751,11241,6299,12778,1194,1771,8162,13345,8455,2708,8065
8815,9262,9326,7865,15915,13014,14356,12786,8447,5479,12595,2037,7785,10398,9519,9906,6689,1455,740,932
6836,11324,3142,7324,1841,9066,7799,1703,5135,10249,14117,13607,13577,10060,1053,485,8584,10295,3371,4242
14157,2999,4917,6724,12700,7875,4445,12967,13998,7780,14312,11649,14908,14672,3172,9552,13077,9917,14364,13291
6749,7751,7334,4497,14841,13150,5711,10900,7643,7553,960,9114,11565,15871,11942,7531,1745,13706,3031,5833
16140,1075,9710,13625,4046,10224,10776,5036,4136,12997,956,16248,8221,9369,9525,9173,10541,10737,4483,13930
3517,4679,1929,9790,7979,13610,10164,9816,409,4274,12895,3365,5298,5068,9298,1348,8859,12548,7080,3436
5652,6768,9554,9480,2760,4384,11303,16243,12379,7969,8744,13000,8752,2710,7605,38,5329,9559,7461,5413
4611,6068,1005,13890,13885,3946,13297,12373,11132,16112,10163,8384,11026,14240,4928,6349,8419,13736,6466,8621
12283,16091,1178,14955,3698,14322,14858,11487,4306,14260,8814,4410,9649,6346,10112,3304,11248,14480,12975,12606
8076,13523,8305,15219,9494,15290,4702,15325,4121,12246,7225,3349,12324,9610,11774,446,12100,7838,7495,8763
5771,4891,7510,2342,2028,479,12746,12735,9254,14795,7069,13010,9251,2269,10132,14594,1355,140,14958,5623
8283,12707,7783,10468,6062,14083,4390,8634,1418,2877,6338,15446,16249,8639,9537,12052,985,8699,13829,7828
4666,15170,10979,5160,3035,14763,15207,3610,15035,7887,539,4823,10150,16078,12092,5097,5364,14270,7457,15050
2315,15231,14550,7687,4357,2345,15958,7572,1039,16160,8196,6912,4950,9635,14516,15788,12805,7739,5616,14556
1503,571,11767,6304,2989,3997,10505,578,9359,5234,380,9025,4069,10815,11016,10379,8111,14222,5640,8689
15955,6911,4201,230,7563,5109,77,1935,9824,6345,800,6053,11393,3215,15776,11119,9546,14007,6061,10635
4111,11660,5593,8759,5754,5847,6327,12695,11220,8012,10215,16148,14365,2266,678,6041,9154,14329,11444,1944
14904,1611,4515,11737,6209,12140,12547,2359,9775,4135,10330,10723,11501,7422,11540,12353,2185,8191,9401,13156
286,1690,2467,14051,12057,9826,10320,11446,3605,8051,5387,7476,13064,9686,7522,9533,13260,14491,9103,624
6615,1444,9877,6157,4758,9159,6711,6454,7694,3343,15599,16067,1014,11930,12682,500,15074,788,10271,15501
4904,212,3885,8274,8983,7064,8224,1510,10293,8403,14287,3768,1701,12388,8315,10062,3917,4787,5353,2376
1287,12623,5989,11250,2639,7757,4906,3190,6088,3352,14159,8439,11280,1223,10490,5050,2259,16141,5965,3185
14089,14926,1504,8031,11105,6137,14419,13582,10551,12263,1496,3587,13074,9218,6205,9594,742,15593,7986,12591
1063,2091,15135,928,10363,7227,8004,16321,6892,14743,4197,7920,13704,8991,13884,8146,8101,5063,2444,8660
1531,10179,15870,5094,8613,13604,14382,14975,10187,955,13108,11350,4956,12182,16245,6434,8142,2772,14899,3302
10266,5357,14253,12495,7991,5919,4399,11102,1911,11875,11769,3774,5469,14790,2676,12296,10695,14423,4301,14048
4443,12713,7261,8595,9613,2965,6928,12966,12160,3593,2500,2253,1797,3586,10785,3253,1210,2373,1050,3070
2846,8887,295,7922,9929,7726,4302,9310,5694,14884,9949,4545,4107,16127,1809,8829,1993,7216,7648,6783
8296,3634,10978,258,11226,4794,10976,597,5667,9237,7609,9418,6963,450,11587,4363,99,2653,3055,1959
11012,15433,16343,14037,5408,2576,9351,8154,4088,10095,4521,15579,12406,4556,2355,10026,12979,9663,1263,10055
11590,9568,6770,13399,880,10711,14457,13777,13025,6401,7984,10401,4706,9690,7057,16088,12078,6758,14667,13939
1813,11271,8734,15654,15309,12948,11360,11372,9315,5769,9093,6817,8359,15589,758,13178,7307,15993,8083,13731
13914,5325,14468,7598,1221,15690,909,9333,686,9362,4229,4902,13613,10639,1740,10696,15147,6146,1925,1615
732,9842,11640,9187,5497,12827,3756,12876,12104,6202,12633,14036,7214,11385,10058,9736,1622,8220,96,349
7810,4815,665,7549,15469,517,6190,3473,283,3334,5557,1886,9704,8532,10222,8153,7001,15043,7782,455
11692,2320,547,10471,2976,15142,12061,2095,262,9869,11858,11861,13622,10518,5621,5829,7351,9691,13212,12983
13062,5485,9505,8329,4730,14380,9441,6721,9367,6579,8589,799,4665,10572,5156,9655,16021,2767,14509,3001
7734,8874,3164,5503,10837,13572,3096,15392,4234,16168,8623,11349,1013,4360,16268,10492,11331,11410,5250,15009
14362,11722,14681,6274,10188,7612,10719,7402,5712,16119,1582,10344,767,346,6499,178,400,14707,16032,9145
7416,2757,16042,4608,11879,13629,14914,7039,433,10514,6420,2159,8402,4391,10851,3097,6384,8073,9030,5291
617,14006,9921,12784,13524,12783,2114,8369,7027,6117,435,3806,4922,4182,12124,4588,12797,4709,12963,10452
9493,786,9780,15053,195,8056,4790,13865,3551,9470,6063,1629,8967,10289,15544,8014,15128,12345,3251,6845
482,9282,6162,14838,15412,12956,6738,7533,11291,4793,1041,7547,5572,1680,1635,15119,11809,14348,3676,14246
16200,4012,10466,8519,680,7426,10835,7934,1707,9450,9793,1764,1388,10707,14193,8964,15543,10686,10656,4462
4438,15149,3375,4185,2816,15768,11901,10149,3417,8936,13917,14280,250,7703,8057,2747,8977,2451,2815,9314
4624,2689,16174,2734,8448,3891,9052,739,9827,13576,5177,15994,11591,11347,15250,10846,2421,2124,3922,8207
10442,13397,8890,5462,9375,14404,8113,13925,4257,10538,1328,4829,14078,5982,2211,14050,6034,14276,12075,14073
3187,13312,1766,11467,6884,2785,957,13073,10288,2548,13491,1933,11382,986,9481,12149,4291,9059,4509,8908
6568,15780,12020,1753,8091,453,5380,9469,3572,11738,5900,11652,11423,16192,8730,13280,2799,3160,494,4618
7640,2626,9567,12184,7004,14973,1713,9065,7317,12187,8062,14703,6365,14678,1880,10044,6104,8782,14311,11129
11751,16205,5278,4920,1445,4430,4517,12831,13390,3387,7913,16147,11190,3793,3167,12808,13555,638,11099,3418
11854,12101,4486,14980,8226,8864,28,5838,3460,14278,8397,15796,890,4854,15208,15038,4048,6552,7329,3994
5477,9911,15570,10138,8237,4149,7680,11619,14492,11436,10560,11451,4090,1378,67,5901,13054,13119,7604,10213
10302,8288,8079,11098,1007,9841,7731,6216,11713,1189,6769,9784,12912,13450,9110,4901,6940,5806,1311,3914
852,857,5148,15311,12220,10122,4641,1344,3361,13380,13105,823,16099,10306,15760,8501,10592,10717,1114,15683
7595,12989,978,16063,13962,5680,14848,882,8319,3183,12675,14508,6842,6849,16210,5425,2717,4139,8103,8434
11609,11677,15090,4146,7641,476,3573,2492,12306,4771,7943,9064,632,1904,16131,11400,6021,9814,9074,14495
14099,10867,11694,4570,14141,15492,8736,7009,2822,9289,1192,16149,8301,10410,8544,4000,533,1586,13409,12366
8025,10119,5549,7570,9384,1360,11181,347,5427,2630,8696,7404,1420,5115,4893,11388,1995,15865,12301,8124
9344,1932,4173,9239,13269,2101,3548,1890,2307,14288,7955,4276,8465,11072,9887,1796,12093,15447,13721,11672
13298,9120,11970,363,691,11685,1467,13002,3431,8413,9828,4423,14708,8746,13708,10809,210,2521,9125,5664
3054,4707,7109,15992,13069,13327,9038,10423,656,6989,631,8097,7245,7141,12190,9235,1319,4231,12544,335
16326,3989,8903,13253,658,12860,12354,8084,3681,9670,13194,5781,11795,11167,4280,16312,1887,5216,3733,14543
12034,1206,1804,14461,4174,9270,1170,11284,9216,9745,4682,8140,10019,9890,14762,15060,7014,12853,1471,10942
14819,11874,6950,11343,15305,8496,9116,1918,8036,9895,8282,12645,12582,7509,12346,11434,14723,12376,1992,9449
13362,14822,13448,7232,15705,6596,3538,14988,1971,7209,14627,16193,4621,15158,246,14714,11396,9280,2656,14248
10662,9209,10098,12147,15369,5855,459,16325,1001,9234,14293,112,13808,14987,7446,7148,3032,11881,11115,844
14042,16350,3259,12344,13527,15116,12214,15224,7079,900,10382,3446,16181,12658,10713,7685,10450,9581,8117,8219
1204,6501,6171,4058,3961,1289,3229,13820,13689,9972,7219,11960,565,15202,866,2281,5223,560,8562,4189
3240,6235,3033,4558,11049,5175,14863,5196,16135,4409,6923,1279,9014,9471,11288,386,5442,3138,629,7272
8999,9970,10477,11465,1175,8356,13412,4015,854,11088,1356,11642,10626,8027,3783,8330,778,13850,4536,11902
16077,508,8331,7199,1988,15571,8954,12193,13405,6015,14811,1737,8805,8713,9194,7017,15830,16358,12244,12232
14698,4003,13200,7251,4577,15655,12279,6390,265,1436,1177,12129,3426,11539,4317,13735,12128,11834,529,15313
4236,14662,10924,7615,12955,14683,9792,14616,1140,5933,14590,8982,8806,6027,13343,5636,2711,457,15672,8855
9809,750,4125,12173,299,6907,467,9693,9028,13286,1682,7816,3578,8932,7669,3139,9706,12705,10127,8965
11091,6981,2738,1424,10165,5577,13092,5630,13528,14632,10392,15662,11265,11240,12863,12022,2631,4148,14323,905
8304,5785,4170,16276,14487,11670,7584,8577,10364,7158,14666,10000,8241,6276,8178,9731,9919,8709,16331,8643
3401,1306,5340,11431,1970,12484,15256,200,9022,4905,3461,13942,2853,5612,953,14378,15708,8624,9027,11618
14774,2831,2068,2056,13145,9179,15244,738,6822,3407,9020,15477,6795,12042,7469,15481,10504,15434,11404,2891
15112,2514,14234,2463,4632,2902,12452,16101,2382,8952,6159,13690,14611,14781,12123,402,10481,4814,5290,8559
15601,9105,2754,15590,8707,16330,3003,13616,9896,11414,15167,8214,12946,4604,10472,10591,15008,4358,3541,13454
3269,1637,6271,11399,864,5405,11455,13747,12754,3162,9757,14385,14574,2662,16251,2592,4494,9484,15991,10754
3044,15012,9874,8546,12561,15824,10539,14038,12065,10928,865,15472,13458,9702,10432,8180,10547,6230,6668,13265
14294,8494,13225,13749,6218,8722,12144,1543,853,1045,1883,15538,118,10391,13211,11801,1668,4210,14112,2705
11984,8337,2247,3719,9151,4662,13050,6178,8843,10194,9762,11203,12368,1646,12156,9575,2215,13428,9556,16163
12385,4328,3601,10953,16241,14438,10101,6733,7342,5500,15234,7007,6237,2856,2497,1822,13957,1913,693,3947
6893,3585,9661,6580,8098,15523,2643,5212,5950,15909,9185,2024,8361,4727,13169,8386,6883,1466,3816,13947
9417,8190,11807,11822,2588,7696,10529,10798,11301,3369,53,7243,592,7436,9749,9354,1672,14894,12572,16027
1116,14196,6726,1782,4544,13471,949,9413,5281,1924,3444,4176,8335,8343,365,8612,13590,9577,8228,4643
8188,11997,7812,9960,5062,9414,10345,8395,967,2589,5067,9189,2268,11714,9602,2491,4873,15627,11086,12313
9007,1277,3112,2977,9267,8884,16137,6138,2051,12501,2715,2498,11907,7722,5819,7288,4804,12317,4606,5556
9012,15018,15003,6357,12297,5465,8873,12567,9272,1109,14475,8802,1372,487,3893,6435,2903,8571,10669,783
807,7878,14603,13665,12512,3067,4687,5940,4485,6447,10341,8896,2572,11055,14588,7161,12115,4613,10276,4414
14407,3528,1916,9631,5282,16231,11185,1314,2893,13188,15861,9196,2432,12757,11244,16267,10570,9087,3767,11656
5345,14391,7168,3012,13221,10025,8026,2086,12733,10545,5979,5765,11765,15935,14173,12165,12732,6215,3005,13137
4807,13008,8697,4796,2778,9936,7020,9520,8942,3638,8265,12954,11909,13863,14772,3102,5651,65,13680,644
15386,2143,11199,11355,16095,7677,535,12804,4500,4359,10205,12433,3308,6899,11107,10818,2884,8799,11071,4966
4085,13759,2447,11998,3009,14586,15293,5207,11053,15659,1457,7635,4538,269,13135,8318,16084,11063,10651,9768
15536,6541,8238,15885,5412,1337,7929,13235,4089,14842,9482,211,4986,13288,13868,11613,4908,9820,13602,9284
795,3443,5494,3825,12041,219,206,8885,10530,7127,10810,15804,1485,963,15916,11010,14026,7384,11130,1261
11893,8833,15849,688,16169,14431,15087,2890,350,9769,7846,14789,13742,8912,9608,8795,2508,4573,12921,6296
7089,2164,2252,14473,5159,10826,3672,12239,7938,9226,15249,5614,3015,4979,3785,2262,14618,2387,13836,9311
2864,2298,16180,6375,7455,10945,1453,13986,7340,3427,1736,14659,15408,5419,7562,2915,3663,12138,9004,3080
3734,8823,7933,15322,10589,1538,14041,5738,9561,126,15474,2601,2938,9039,3004,2331,14389,15428,5706,9583
6793,10586,12952,5569,2545,9442,8962,387,11908,7873,8909,12378,302,9394,5804,3074,15605,15825,9443,11548
7124,9275,10155,4270,7813,11294,4103,12935,13913,7978,10470,8022,6527,13085,1440,1773,5294,8594,15328,3797
3480,10157,13017,4425,13329,16265,13434,12465,8390,15777,9553,13068,9975,11592,14145,10347,5937,15017,12192,15665
8074,3985,10680,12016,5854,12592,12467,3,11770,877,3973,13499,14279,14832,6533,4153,2990,6024,10185,14174
10943,7170,5733,11509,11553,3124,13437,3666,4658,14203,12903,13896,9501,15941,5704,5471,11491,150,15779,8009
12559,2750,8878,12599,2071,12264,2205,2112,3763,9294,12423,5783,7233,10416,13891,6374,12063,8976,1576,496
15218,4788,5385,14956,9011,8708,8307,7548,8800,5248,2941,14577,6896,15500,12217,12822,10880,702,9380,2507
7671,15228,11092,12000,11573,9137,11113,13416,1859,12183,9722,4875,7854,4874,4923,5313,5402,9535,12396,10637
12697,12216,9664,11295,12720,1425,15515,2459,15817,14494,7666,2575,5713,7394,1908,12095,13842,15028,6808,15122
16329,15476,1324,8311,13324,13934,14776,7550,11421,6125,5088,9876,13112,14726,3332,5480,4718,13519,13503,2140
7315,13349,4127,2929,8085,12151,13584,8970,9327,14882,10467,12338,3435,10003,12764,12241,14291,9744,13389,10742
2879,5992,843,6292,5373,2475,13762,15471,720,10950,7178,12314,404,8576,9210,9049,1439,11819,5888,2471
4454,5323,6764,4626,9215,6441,5768,3434,3988,608,601,5716,16129,1906,6290,82,6175,3818,42,1749
6815,11675,14451,8691,13509,6791,9336,15752,10176,13744,4502,1952,12594,12794,11348,914,2279,8796,10911,8958
15839,889,12616,755,11569,15620,10895,5873,5438,14295,14409,15291,10061,11847,11718,12802,2993,555,6860,13063
4249,15033,10912,2011,8243,9071,9174,13375,1614,1365,13125,13693,3511,7557,13859,11305,15282,11273,13485,7891
13611,4677,14937,6648,5360,9161,5644,2087,4312,12029,7709,10201,3400,15901,5912,14670,10975,9317,10042,10543
10275,13352,7693,12462,777,12028,4451,13334,2109,10443,489,9760,9901,11087,14325,9862,16108,447,12397,3108
6412,1746,11320,14612,3537,12122,7900,7239,13146,14429,1077,570,6289,8333,16014,6407,8818,12896,12141,7429
11703,13385,11188,9139,13035,4342,12179,44,14560,2443,7055,1310,10533,15787,792,7271,12663,8049,233,4782
13371,13691,12914,10393,14000,4737,4396,15844,12788,6378,10960,12649,5553,4195,15407,7804,15443,1393,11231,11286
2598,9863,9908,14043,6455,12489,9104,10614,1985,14335,1329,11552,6433,11956,2641,8617,470,2288,1516,7520
7797,2551,1374,2347,704,3557,6282,13548,7061,12724,6332,13781,3090,4224,8427,5451,2515,14962,6033,11173
13570,2145,12351,11883,12881,11758,12942,7188,1710,12920,12621,2079,14839,9915,9646,3048,14188,12553,8919,5936
3900,5963,1647,4575,11152,16301,8996,11134,13643,3271,8715,11555,10730,11806,6951,8867,9478,14427,8289,9951
7491,15747,1428,5192,11154,8346,2389,197,81,14004,11925,13598,9222,14694,5362,6231,15829,11617,10012,893
52,16203,12729,9727,13109,7432,7053,7259,2080,16176,7964,4299,8023,12260,7576,1901,6862,5542,12319,5907
4460,13391,16044,11678,15936,9048,2917,13452,15883,8850,14961,5860,2678,13075,1148,2536,6173,4693,4777,8797
12025,8575,14791,11283,9527,13360,1827,9709,13909,15684,7546,1595,9981,14189,931,10873,2531,4516,4421,10607
1669,1948,7485,4208,16157,9158,10389,11052,9219,11450,9408,8783,2002,8280,12364,13787,375,3083,4014,13086
4133,11398,4260,5675,5230,2542,11646,2771,3804,4546,6757,11665,15107,9054,5066,14273,9217,6612,13554,4035
4655,10588,12077,7712,8096,11384,11873,56,939,11768,944,9979,9830,12159,1027,15717,10456,14304,10166,6019
1198,7965,9513,669,16074,11192,15745,9124,10794,3574,13596,3562,13130,14960,11346,4209,5496,336,14343,9403
9472,13404,2923,4354,11810,2363,16052,16242,4376,8579,3691,692,4397,3057,13739,13562,9905,12909,3660,6427
6379,9802,11069,11664,3224,7221,6515,13969,12550,13117,10907,14330,1327,7580,7373,14361,1304,3264,8767,4720
12445,5729,11147,3470,15823,1756,11368,2221,4322,2305,3228,2623,9133,8604,9740,15036,9669,5828,2511,11546
9679,9776,3231,10075,8614,3488,12536,15101,6217,5986,7941,13316,15410,10353,861,9214,15983,15130,12273,6326
11142,423,5809,13561,5064,11581,13451,11112,13348,3526,4958,10182,2157,11554,3715,11153,21,4163,8771,6652
2959,14205,694,5484,5087,7512,2414,16271,5925,15124,10679,1259,13310,4309,15879,15580,16209,1789,5083,3949
12448,13812,6177,14390,1191,15283,7770,4869,10387,13595,10664,14634,184,2111,6684,15707,22,13030,10544,7682
12502,1035,6183,2842,11201,15911,14254,11780,4134,7911,2869,7994,7507,9265,12560,15522,4768,15822,8917,12937
6176,5339,10381,3990,13325,10115,11514,15344,15248,11358,10630,6647,3465,10540,13823,14011,5590,8596,1067,7028
12300,4817,11050,1402,12996,10595,9622,13191,189,4947,11771,6314,15998,9341,12867,9569,2745,11018,11279,13453
4349,15542,5317,4066,14524,6829,2416,2163,12530,10806,15496,15687,11260,14518,13965,12473,5518,14237,13793,12753
4821,15743,11415,9701,5938,15566,10866,11904,11370,5225,6144,6944,13420,16238,9588,6888,190,16244,6404,3430
1052,14081,3104,11227,6782,10526,2894,11031,7030,11793,5244,5573,7464,1725,14367,11267,122,14591,3679,10131
8485,333,3671,13040,2103,16018,12030,13445,8181,11397,8793,12257,3381,9201,11748,11811,15424,8001,15588,5916
11691,13972,13780,2722,6005,12613,14900,8923,6254,13741,15163,8435,10057,15855,7642,14097,11990,15772,10073,15836
7179,6670,675,9839,2684,6563,1631,2476,2714,9700,13844,4962,9988,7114,2255,15493,14925,2190,6426,13216
12111,7117,10461,14452,6300,12170,14464,9930,5782,12722,15078,10923,4495,7650,3674,2067,2629,5028,8450,11254
1172,12083,12762,12971,9515,13372,15761,11612,11035,5042,6490,15852,9705,5683,9018,1302,13587,12911,6456,514
15984,9346,15419,12337,10814,11778,83,980,3222,4368,9871,12897,3454,11251,3808,12438,2939,13505,9439,1751
4287,6737,1107,13600,3735,6147,14766,7600,8947,4181,5041,10832,5891,13460,6730,9062,14285,13644,12328,2994
1799,11726,11783,15154,10292,3310,8382,5906,9528,12999,13088,12919,2646,4316,7000,10801,15863,3836,10128,8813
13129,6747,14017,10673,12654,12076,15744,13447,6710,7573,6203,1847,16167,1091,10750,8152,1735,89,589,4025
1798,3249,1154,15963,12500,14114,6070,1805,11365,11812,16228,13504,7744,11469,1061,14727,3433,1087,2885,3494
3135,14847,2725,2379,14172,7564,9668,13935,15730,5527,3157,1133,2837,7893,6358,12534,16201,11856,14782,15106
13827,7112,12055,544,13041,14467,1390,7723,7363,7059,3565,15694,372,11663,13929,14394,14623,885,11264,3151
13585,6632,7264,10152,11615,4976,2351,10987,8830,12127,9699,13494,1479,218,8602,14116,15635,6934,4023,8946
9943,10218,12541,12523,6410,10569,6698,6673,1578,6220,6474,7195,4879,2761,5889,12478,13722,16303,15797,12013
2659,586,3664,10283,10661,14185,3822,15070,15929,572,13336,3281,10841,4803,12384,13346,10193,4827,8791,10638
15351,13022,15682,14709,12175,6430,11979,14084,13311,12630,15813,10420,14918,14896,2406,11223,1685,4482,10761,11818
3952,11745,9878,11006,5827,16003,15691,12569,941,15285,11269,10354,9526,5309,1488,1117,11405,12875,14479,5081
10197,2402,14836,14241,2682,1547,11133,15547,1914,12001,1237,2668,611,16090,15948,12226,12136,2881,5853,11707
5032,10775,5861,15778,760,15230,5831,6703,8256,11380,5308,15847,5722,11408,14498,13249,10260,3598,10517,15240
1264,3405,1594,2074,12923,6165,4585,14581,7433,11156,8779,11686,11588,9177,3639,10925,9850,1626,2681,11151
13251,15025,6957,5495,15519,12711,2892,2470,4763,10755,9150,6554,14783,11109,13712,12464,9795,9276,5655,781
2861,1750,4422,11302,2927,4695,11070,4524,3860,6225,8222,1778,14741,5382,10660,3362,3781,12335,15559,2810
16375,7632,63,1225,15067,3843,9652,1073,896,11383,502,15030,5009,10617,14677,10604,3312,12868,6947,10346
16013,8352,9491,1054,10963,16208,10611,1508,428,14454,13751,3207,11435,64,13272,8582,2031,1808,2060,6933
6813,13442,9001,9499,20,14002,2033,1134,10618,541,14262,91,238,7056,11746,13386,16094,12318,4458,10874
7968,11578,7781,7051,7974,106,426,14442,3872,11387,14056,11933,7414,1042,14111,3007,9207,4047,3809,1292
2595,510,15239,1456,332,6971,6994,12905,7349,8030,9846,12537,15853,2217,13814,8672,4126,3575,3865,11676
804,14947,3780,5747,11517,12250,4442,2632,4832,10582,1920,12702,15365,12126,11433,7585,10697,10903,8314,4105
2935,2840,3450,10418,3892,13294,14068,705,13837,3622,10451,12053,12463,2293,7110,9566,5896,9996,5726,7207
7352,7223,6982,3029,10130,4252,11863,13127,11567,7472,9985,16145,7825,7355,3282,12381,5788,4108,14878,14889
5899,8128,3871,11328,11796,3428,13748,3904,7645,5502,7755,3053,3746,7387,15704,9073,2222,11449,10622,2811
12738,4640,12838,5169,105,743,2627,11776,10898,11064,4940,13347,5761,6542,8420,2608,585,4205,10566,4292
6302,6428,13438,4335,12940,2675,2561,10886,13464,15040,5739,10209,13043,5491,10124,1545,11741,11558,6232,8495
13642,12209,6709,13874,10599,13782,16259,12356,6253,9761,7633,5660,15082,10250,3514,12588,207,15019,699,13975
4388,598,15582,1607,13373,15065,14809,5187,6182,14286,5221,12017,1477,5078,11499,12782,15971,3420,10501,15039
12883,10011,15894,8657,7821,15467,8414,6597,13335,11214,6181,16275,3923,13113,7836,5851,8405,11826,15899,9076
9060,8772,11108,3109,13756,1632,9530,7022,6712,13429,14541,11124,13871,4491,9347,6759,10758,10482,113,13698
937,9845,1472,12535,1212,2321,6348,5287,12200,10033,6800,10861,13206,4161,15421,10404,8547,4675,13879,15561
13996,9752,15773,2448,14079,1024,5452,11093,6352,5092,11413,2042,9259,15459,14271,12693,9041,13060,12054,3377
7623,14940,9825,3812,10597,10445,174,7499,16114,11104,4919,14192,5348,10666,9475,4223,12201,3579,13031,15271
15931,7593,2570,8757,14652,4800,902,11332,11742,13330,10619,5132,2019,13056,5272,9411,14934,9576,12571,12743
7963,5629,1215,5316,9095,12409,13580,5505,12348,12120,15840,10952,6863,13061,9191,1955,9932,1342,9952,13883
7506,15356,12755,8788,8512,10658,14653,4225,13993,10259,5255,7907,9390,6065,11668,9069,2633,11166,8586,2246
6204,5082,13078,1078,12213,10339,5717,7686,13638,11712,2420,13036,14747,926,12766,6000,4151,5035,6095,7077
9529,3499,9013,16315,12492,12915,13989,13490,4395,2665,9428,4031,6653,6084,3525,1774,910,14665,10333,2930
7539,14482,9156,256,15352,169,7516,15360,12069,11721,7333,2234,2774,14852,995,14346,11848,15541,7793,14720
12511,14139,10366,2819,15674,14843,3265,11462,11317,2782,12607,1003,4991,15663,5560,10310,12349,9882,3283,3520
4178,11285,4216,15784,7903,11797,4690,4974,6696,14120,10632,12229,10554,10403,16060,13413,10768,12018,2851,10220
10796,3667,1801,11589,3088,14132,16022,10429,10196,4061,9296,15649,12793,2887,12223,11975,14673,16087,2703,12408
1336,11416,8017,12960,3811,9473,7306,13967,4987,5122,15007,1715,10083,13387,14876,10914,13614,1089,13563,5185
13435,7294,12383,10710,7972,14133,4437,2119,925,13771,12164,3347,15604,1213,15373,10426,11403,1884,15382,4587
7791,15603,8116,5515,8415,11029,4647,6707,10625,2596,12015,11917,6277,4049,8810,7406,15888,12936,7105,3692
7927,16273,9592,14506,8616,5303,11862,324,13924,11876,7664,12609,14571,7166,7515,16304,7554,4166,14856,9684
8157,2191,2883,6640,15505,4711,3018,10552,806,12958,8741,5714,15397,15728,7032,15198,14939,7521,10747,10633
10460,13862,5637,13796,4612,12049,11993,10063,8719,15680,3817,12520,14178,12825,1893,2620,15976,11033,9632,3056
14540,6642,8034,5155,1810,9002,6921,12483,12231,4167,7610,7142,3348,7244,9694,10402,7568,10022,1781,15178
13284,9143,15168,12418,5314,14158,14016,8303,6702,816,13637,13126,13401,9040,14342,5090,1108,12708,7312,1484
11728,4739,15741,8626,5735,10689,2748,14148,8921,15700,4985,59,13176,8973,14511,14395,4129,3179,3761,1519
9774,11488,3617,12332,16378,6858,4420,6247,2047,7370,14786,2845,5181,710,3609,12749,1018,15914,12866,13910
2058,10935,8968,13530,5647,14138,9746,94,13770,4333,7452,6385,15438,3710,3549,6118,6816,1066,12885,14413
1403,12767,962,11186,8703,1132,4091,8246,69,1224,7441,796,3383,8572,11696,11136,15413,6007,1592,5106
8659,4177,809,1026,14713,11547,8064,12565,15596,12278,599,13841,8635,9860,8376,4254,3846,14609,2199,3123
3175,13805,13196,7591,5841,10964,4505,12400,15136,16317,14201,6797,3092,935,13508,13679,8320,10974,8138,12177
6618,14224,313,10910,4038,13046,16376,12039,14231,15848,2768,15698,12194,9452,14226,10783,8735,15288,13667,1500
11319,10488,13220,11246,14877,7116,5865,6743,3661,7544,5957,5401,5539,5571,7186,15783,11314,4988,10767,5658
13911,1422,3595,13631,12771,13468,8652,15214,15341,2022,635,8121,6938,4855,6335,550,9555,14606,7916,3482
13652,3309,12389,6210,319,15440,11040,7095,12843,1727,9302,582,7269,8694,7663,12460,9578,9579,12472,7374
525,15677,13243,11828,5730,4147,648,2749,12527,10489,2027,553,11028,6273,13592,3998,11839,3479,342,12676
11080,6716,3542,10702,1704,10421,10269,1165,2780,14525,1511,3063,8893,14486,2462,9836,9662,633,7890,8279
9324,7411,14992,15091,15297,16367,9098,7559,14749,12134,2908,10454,12640,14057,4540,1468,9246,3299,1832,12671
1608,4067,10370,4820,8650,10385,4957,148,12291,3982,11103,6283,1251,9444,8429,11158,15749,14668,15175,4324
12610,13115,7121,7519,1826,12153,5921,4228,11870,5618,5352,11644,5274,7652,15317,12090,2907,7045,6489,10537
6009,2208,2970,671,6437,1040,12168,16023,11571,8336,12444,14780,3978,12102,11309,14,14853,8387,2602,3650
13425,12058,1613,7852,14865,15943,7525,2663,9637,10627,3888,86,10070,8824,5867,583,8404,9385,14977,11614
6625,1127,5864,7692,15427,3397,2243,1871,10090,13466,7639,87,10853,4932,2110,13779,11371,1183,10067,1848
11948,1741,4267,7443,4138,9057,12361,11789,15537,4944,11293,6850,7707,5140,920,12107,881,8851,15462,8801
10753,871,16323,330,15117,1844,8425,419,6073,12227,2912,7193,3631,12628,5150,2933,10958,7155,13477,10833
291,8104,5752,10797,14351,7995,5517,12625,9330,14215,7590,707,14227,14340,7466,9545,12579,8837,2422,8758
3100,10994,2913,15918,15711,4863,7266,1239,10372,13278,8187,8177,593,1956,1934,4512,6767,3619,14289,8453
12174,947,5816,7625,6212,11498,4840,7662,12024,2349,12430,12726,7445,8156,2245,13546,8698,14984,2914,7765
3819,13218,2295,4100,6169,8988,7128,9966,5686,3641,5456,11762,2699,4145,4741,12685,4700,1197,8641,13791
1909,15966,11325,4057,13087,13059,10805,15597,15533,9360,7787,5331,13618,8792,5985,776,9803,3971,2429,12249
1295,8242,2995,5513,15560,15108,10734,10159,13213,13120,3981,6619,8437,1717,8044,13414,1269,8133,12934,5576
12826,8070,13589,10649,5945,13692,15775,7386,1404,16206,12965,7858,5252,11837,1882,13854,9617,3150,5157,16211
13858,4472,5975,6578,15884,10600,9810,8456,12369,7380,715,16233,11628,16212,15568,3544,13573,8158,3958,9563
8424,1036,10239,10647,3607,6074,11440,14730,3037,12949,9574,10290,4112,222,288,642,15555,1650,8786,8375
11871,7775,8186,830,4797,1359,7375,4330,5112,5737,5795,9511,2445,848,15514,3519,11556,240,3127,4623
7250,14471,3882,1896,7802,991,5917,9857,4352,2806,6473,13630,1463,5592,1401,7213,10748,5051,5277,15696
14060,2093,7012,12158,9954,16240,2958,1233,15762,6502,7493,14110,11228,7016,1625,11471,1854,5200,1268,13318
2284,4636,10688,14530,12681,2655,13230,5101,1558,15455,16258,3632,4467,14797,4311,1253,1873,3902,1235,3046
6316,12240,5600,241,7503,6539,13281,47,15094,9914,11898,13,3779,14558,12150,13157,12081,15693,2029,14316
15151,13997,607,1217,1074,14197,12792,6547,2016,8664,14716,1083,4933,13718,13566,7066,6480,5421,452,6656
9273,520,7100,2258,8898,3750,11375,14261,6806,14924,2236,5543,13201,12062,3364,2502,2453,1787,13131,12898
4812,8506,8206,15576,12846,15584,5208,11470,14360,13953,3643,2724,70,9331,15337,13396,4868,49,15922,13128
8825,5604,10996,8358,11352,12968,2740,9036,12981,15959,8597,11322,12391,15782,5003,1837,12657,4564,14546,14363
1185,12832,1487,4862,8866,10414,7649,8080,11634,5548,14572,13648,5270,6644,8194,6,5144,9644,748,2180
2787,1573,12072,913,5947,12837,4130,14602,4943,15585,12487,14695,12741,11066,7378,7389,11513,14850,16340,10241
14915,697,7135,3886,12882,16159,11957,11906,6032,12023,11602,14715,16179,10235,15068,12696,11928,8432,12690,175
6663,4481,14504,5241,5343,11217,5751,11534,14062,6453,1313,4244,9627,15556,14527,2230,9630,4203,660,4364
2035,4073,4518,6339,15092,338,2975,14520,1895,9759,13798,14087,6565,2808,10335,4916,9253,8570,4798,2783
7654,4951,6741,1654,15139,11954,1123,1079,16071,1779,12718,6272,405,5189,2218,14414,3582,9964,1490,6281
11577,5080,15970,5017,14622,15426,8861,9148,9425,12490,8933,15270,2461,13647,13319,534,6802,14354,14981,9255
9205,2628,13971,3192,12205,2369,14700,14891,2132,6996,9656,11191,8819,729,11484,5079,8956,7301,12312,12624
5180,10172,12007,343,1975,6318,11671,3410,10712,2235,7401,11620,1000,13151,16161,2962,13621,7041,1653,839
9278,12026,14171,2953,3093,10324,486,11122,3938,14202,12790,11060,13193,14443,14181,4848,1942,5381,15166,2860
673,12131,11825,5581,9716,531,5969,12848,1481,7736,3327,5164,1950,14164,14817,143,10323,2526,11850,8163
7328,4930,8232,11442,8107,3415,4453,13831,14765,1202,2398,5246,385,2317,1256,6718,16363,6639,7644,11827
9665,2426,7928,3929,13149,3959,4773,5826,4261,11391,1661,12461,15439,10860,2207,11766,9084,10240,9683,1495
1687,13601,4806,11932,6451,13045,8347,7327,10195,6423,15448,13463,3642,15279,9764,14445,15512,10774,13860,14753
4760,187,15180,3706,5974,8252,13356,9689,10909,596,9197,14804,10670,13575,5779,8601,13959,15712,1559,2848
12425,11287,5031,14123,2108,14835,464,2225,4726,12706,5759,655,6902,8561,7784,12152,7874,2360,8047,2318
14386,11321,4227,819,1184,8902,12926,4519,13005,7274,15294,14849,12730,12931,10046,15213,9432,7575,4531,4361
2827,16062,15201,6275,15989,139,14127,15800,7357,3969,14406,2160,907,6478,15869,14688,1938,3898,12789,2458
16290,2442,16299,1476,8203,15016,5416,7616,11362,1602,1266,10326,5268,3006,3137,8705,3550,15864,13070,4457
11950,7076,16351,6309,3840,13605,8515,1698,2040,11522,14579,14075,15333,14371,3502,1609,9696,5579,16082,12033
14778,10059,1499,15358,14701,13552,15001,6864,4296,891,2649,13624,4062,15389,8959,5429,6564,2727,4896,15134
1333,3180,1122,3588,8751,6979,10184,2238,556,15374,13677,157,11150,12089,14169,3331,12139,2465,10729,13418
15145,11981,11632,10715,6076,2248,7201,14257,543,2439,13714,6932,1856,7222,6697,4978,3979,1528,15689,10308
2044,1888,13512,8285,10795,1031,10845,15623,6889,8558,3040,6161,10439,4344,13317,4269,5643,9806,2974,8464
12282,8463,511,4955,5468,842,10262,2173,943,6606,11895,10906,7748,2719,8266,10485,13899,7983,14752,6251
14880,15302,9419,8642,5663,10513,14119,15685,2945,14275,2677,15529,5070,1960,6166,3370,9831,9751,5374,11296
15545,12833,1714,15845,13192,12048,12916,5125,3408,12670,8980,12417,2812,11658,3675,3725,753,12639,11089,10448
4241,15608,10399,12008,4761,3491,923,14469,10645,5821,5047,524,7621,647,3655,2530,5857,11019,4644,14326
11601,10939,13824,4196,1068,2784,1301,14837,11985,5880,2189,1689,13685,1905,2835,5146,9462,15262,12002,9920
3583,11017,16287,12162,16221,10849,1362,3847,11,10957,4018,16152,9893,1522,14305,10415,2664,6645,3857,505
5524,5564,13082,10704,11222,6193,8281,8348,7779,3826,14554,2594,5285,1842,24,1098,16311,282,14393,7139
12006,7104,11032,5184,15810,15281,4582,9138,2436,1539,13979,16118,1293,15,13500,5997,15866,12841,9009,13354
3657,1973,3110,5691,2766,2364,11897,12736,14932,4528,9541,12608,6244,9833,13189,4637,1330,1280,16227,6529
8636,9521,10724,16154,6585,1258,9117,11864,15527,15631,12716,7607,4520,8618,8754,3835,1858,6561,6551,15562
10856,8969,1203,1049,2219,12761,4673,13144,12347,6284,13952,4343,10186,7569,9459,12727,9135,7332,14605,337
11791,14549,14671,7586,15860,7988,15900,4268,2257,7921,10088,15004,7843,14738,15602,2505,9971,6576,4345,11576
10659,8541,16043,3613,12748,7210,13223,2571,4380,16053,2509,4995,468,11654,14706,13013,11673,5336,10780,14532
5800,14306,351,11892,15595,10316,3584,11688,15612,8781,7508,8928,15133,7448,1244,12815,8702,3392,3182,13038
1232,6917,4094,1974,7613,10972,14834,13886,442,15058,15510,9799,5426,16128,10585,16239,8638,7627,12326,3705
8856,9029,1155,3727,7103,9851,10803,523,15089,2944,6798,15509,9169,6087,14118,1534,4548,7498,537,9674
10971,3116,9723,7364,15411,10997,10462,9660,14615,6681,12146,4819,2538,3943,5289,2712,7675,13932,2008,6988
9374,3535,1699,6509,11734,5440,8130,3337,5890,11999,12510,4751,14309,15216,13423,3060,6376,11144,12270,2356
998,10092,13469,14533,14374,1806,6964,16264,3569,5422,11118,10590,1126,3942,1228,6524,7344,6833,13889,7437
4631,14745,6904,6977,12873,12480,14156,13421,16285,12330,2577,15524,10300,1688,12119,2569,5885,11624,13083,12566
7841,451,3627,10641,14657,7289,13737,1843,9269,13768,9144,990,16133,15084,8469,938,9323,5055,11582,676
3111,2688,15059,6601,4307,16048,4572,11910,15131,6916,14534,1099,6895,7309,16293,7530,8627,14281,2919,14381
12779,10334,9616,14857,664,12532,2697,14539,8135,9880,1800,1575,6172,15097,16008,7052,11480,13699,15301,13927
7290,7097,15177,14620,10362,11744,14268,9085,102,13818,10934,11760,15431,7904,11116,11376,1015,7459,257,10361
16002,4897,15944,13556,12674,7047,3931,5777,16110,254,11176,13639,5622,827,708,14465,1514,11913,915,2228
1579,10086,10041,5811,4405,15189,1214,3612,7430,16124,7502,5690,13922,2637,239,11206,7049,5924,10765,16229
12491,11172,10441,12605,6874,5015,8389,868,10817,4678,14225,3293,8828,1411,545,3202,12341,13811,4696,10516
11693,13785,8840,15049,131,3708,4219,2172,12086,3022,3047,8268,9708,14296,14555,13210,8684,3246,11529,3339
6915,10328,162,14619,13539,5071,16009,6477,10825,10004,14861,10608,13264,15629,3678,3566,11054,7626,5973,5645
7354,8979,11641,4589,11062,14950,4340,418,8513,2648,11441,5334,12298,6812,3699,1902,11629,5942,6213,15113
4980,9118,14625,5570,11936,11474,5911,6877,15143,10847,15511,14831,2131,2660,13259,14862,11865,1628,92,3094
5026,1663,10279,10273,8467,16015,8725,16305,970,3493,4098,13479,4109,5138,6592,12405,14439,10985,657,4894
2385,4670,4784,10099,12218,8275,16165,996,12436,9492,7798,1442,11094,810,3637,3469,942,13936,10532,4124
2909,4576,3508,6075,1156,12325,12603,14920,3648,15893,1855,2670,14729,4118,4549,3008,684,381,8687,16125
14692,13392,15798,3034,3815,14018,14014,13681,568,10938,10253,11528,8498,6831,13715,7200,13415,15607,13441,15652
5478,2270,9892,8299,13044,13660,3363,15891,13682,7043,11274,7923,6536,10358,14282,499,10834,6556,5551,538
4477,7477,11987,4938,3581,1051,4844,15109,10621,2278,3953,14628,4455,3013,13983,6113,1412,859,7976,9638
3492,1533,9965,12668,4934,3484,7347,13803,14991,3556,9619,449,9206,14314,16056,6163,3686,7292,8231,3919
1734,6394,7587,11961,13368,12292,14993,12166,4828,7282,8131,15724,12401,4688,5707,15483,5239,14052,3909,11755
16153,14034,11079,13701,12434,9815,14979,15517,9056,14994,1624,5684,14300,5020,12070,16260,11518,12118,11886,1610
9782,7790,331,6317,7424,13147,3713,15956,9338,14366,4191,15563,4288,867,5197,8444,8363,10158,11229,13565
15209,3336,4542,13933,5233,15975,3340,7741,11215,13761,1870,6674,14860,12634,4710,13709,7218,4887,14472,353
9832,549,6239,15316,2720,14155,763,12488,2310,15978,8555,9398,1665,4867,9807,8048,1983,2291,1143,11002
6265,2048,11851,345,9070,11852,12938,14489,15247,11249,12704,14337,7956,10446,11986,8328,14651,4592,4110,16379
10718,300,6026,9086,478,2340,7082,1312,14160,10245,14216,2283,15377,11233,3023,9393,11135,8503,7735,2151
13121,9198,6727,9128,13411,16339,15686,3645,11636,16104,14233,12552,5006,6098,10039,14600,11785,15906,15181,3011
8081,280,7720,9614,5475,14044,4770,8483,14613,15430,15733,5666,1351,14105,5399,2489,10084,7449,15347,366
8060,1152,13651,4757,9068,14101,4385,13815,5446,5095,10561,14883,8712,15284,12521,3341,13567,761,15432,1371
8204,14933,198,13514,4171,2362,7844,6621,16288,408,3801,4586,5204,8949,5615,7985,5681,13945,13789,14624
15099,12099,8665,2940,10789,11559,10074,8175,16047,4740,2735,9612,10698,15490,13696,15617,2737,16308,4222,1240
161,6507,15904,6739,3880,13215,11787,2690,10868,13826,6824,9157,7046,12259,12059,13609,10018,3669,9433,9997
6010,15056,6040,6018,15211,8443,15465,3412,14697,183,15387,3476,15592,2776,2184,3928,4581,179,15241,1458
2014,9524,14290,1460,6359,5617,6599,11290,10601,6821,6158,4304,7896,6155,7212,7889,6999,4347,7849,5172
5043,6443,6692,16328,3608,5254,1570,10887,16306,8812,16296,13081,9992,9261,15564,15409,10384,4022,9000,7505
14687,223,7952,6361,15129,2120,3776,9010,10852,3910,1695,14944,15838,7957,11262,14972,14874,15878,2192,3267
6967,13873,10857,5701,15383,16236,3889,226,2603,636,2550,15742,8278,11456,15075,15384,11756,4233,3796,3712
1426,10139,15670,4607,10968,7767,3615,4975,2183,14408,12195,9998,9438,2158,11464,15014,5424,15841,12505,12874
12046,14450,5335,7794,9290,6109,14460,11719,15905,4239,7460,9606,4004,3966,10708,14895,10577,1990,10118,2046
5126,13535,5755,7661,15934,3722,5922,2343,13764,475,10899,11978,12277,8738,2823,3644,11729,16010,9531,10746
15913,14333,3651,6396,1572,10148,5732,2197,4921,972,5344,6310,785,10216,14779,15974,13533,5501,9266,4154
10178,15265,4444,9593,2339,3908,1912,4960,10522,5476,4602,10244,924,6192,15235,12540,13248,4321,7538,7450
7867,9785,4651,2129,1928,14643,15225,11478,14478,2652,3351,1340,123,5091,440,4056,6408,9019,5444,432
1940,15324,15223,12342,14648,14552,3960,16177,16352,6832,4323,14092,8568,30,7740,7786,297,5656,4948,10668
8732,6910,328,8292,10284,2168,9203,8739,11963,16187,146,15734,9208,5099,5018,558,14372,5086,6336,14759
716,2863,4198,14892,5719,11949,4845,8185,9153,13004,15940,9658,10808,7636,4169,8029,6826,4251,3640,10047
488,11538,14502,243,7708,2537,4373,8944,5482,483,12742,9312,14936,7646,15105,6778,3478,1853,16302,14499
8195,13581,1867,3091,10986,5361,3936,2081,9391,552,3974,15253,851,7318,15725,9650,14563,11530,1785,6008
15417,7592,14966,12598,15229,2499,8054,1416,3209,5708,12562,15429,12082,4783,5195,11580,4337,12642,12167,16380
12235,16256,4238,8891,7143,9796,10913,12585,13992,14368,16069,3322,4742,4490,1056,7468,14870,968,2200,2729
540,498,7395,9509,14792,14614,11356,11817,4929,12878,192,8055,8165,14654,15444,2371,9755,2148,12047,1452
8554,13481,14398,1926,8317,14324,8136,5597,14255,5601,4245,5510,3925,13553,6978,15889,6866,11234,15264,670
11238,3500,13695,10319,163,3792,8095,1723,13633,13713,367,9474,13964,14019,15965,12197,5219,13224,7716,2202
15174,15660,13955,6055,12774,1839,305,2485,11969,1209,6853,11974,10980,5688,7320,13806,3235,16170,14136,7818
13333,5074,15790,6657,14761,15354,11633,13529,1776,815,10602,7381,8408,389,11887,5632,12454,8249,13542,16374
2354,4878,15990,883,11419,11425,6442,152,8538,3628,5474,12620,6343,7977,16354,1190,12995,8974,7738,6936
10076,5342,8632,15318,7747,4232,14997,3021,5116,12050,9200,4052,5280,14998,3030,6972,10511,6900,6303,13593
5993,6154,1236,15482,8803,7962,2973,15917,2793,7409,652,5673,4186,2147,14298,10397,791,12840,10531,16377
6868,8063,14003,14568,1080,4506,5736,1850,14428,627,6968,13363,12308,13676,9787,16360,6462,7131,4099,6626
10687,7829,11900,605,15872,13916,3558,8994,7993,8826,10487,3940,15506,4123,13864,7944,7603,2335,3810,14578
15598,11524,11022,14740,9434,3866,982,7421,14951,3624,10109,11085,9801,3795,4993,8210,6484,3208,5188,6255
12045,3620,11838,8950,16344,2825,6870,9973,6607,5237,9983,1025,8673,15197,6913,9223,16093,10720,1577,14109
1616,9099,15736,16269,6538,10479,4822,1962,58,1352,8332,2075,4484,2687,11947,14756,1830,1555,10349,8430
11697,10672,674,14147,13526,8766,15653,13369,9642,3292,12652,8341,9464,12545,10642,15890,14005,2196,14800,7379
15857,1757,1260,1276,3602,3082,5231,8960,11194,4487,6324,111,2987,7385,3957,14453,84,2503,158,15548
15420,872,5265,10931,9292,15979,5245,2753,6784,2695,14053,9410,13809,14180,8686,16194,14318,895,13970,11110
840,14481,12818,7038,876,4117,3832,5077,1683,10863,7948,5775,14630,14704,15254,10782,3069,13516,911,8392
10175,7019,8948,2021,587,12933,2300,7339,3230,13579,9738,4903,5613,4656,12394,315,10097,2751,9903,10574
14140,9305,7465,15644,1697,1474,7094,4704,205,7566,14777,2374,1081,15232,7279,12648,1791,16144,9024,1548
8877,3305,7750,15807,11013,625,133,2679,13419,5242,9435,11521,15812,15342,15721,15565,5171,9021,13758,15986
13476,6398,4859,5964,2636,14983,12230,4470,37,16102,8442,15275,16234,4885,9436,5276,10270,9046,512,3360
5013,12854,13716,1999,2085,15242,12772,7410,1748,14551,14584,11209,7535,8940,12402,11165,9140,153,13767,7481
13422,13549,754,8290,13427,16156,2614,15361,10959,5002,16100,16068,12957,2059,13293,15886,12304,628,11684,11411
15793,6059,6924,1334,14968,11357,6881,6331,5370,6495,13104,6976,7376,3472,3273,13958,8876,14437,3596,10077
7035,10896,14230,14724,11584,6043,12886,10732,2401,11662,10356,13338,6425,5011,6676,8955,12781,15759,6953,1033
6031,5044,3720,2704,2645,6491,9766,8440,5662,12927,4513,15557,10918,9240,3723,2680,10405,7360,10378,2394
15587,10056,14175,12109,437,16214,14477,1712,3662,15350,5151,9427,12717,9900,8518,9791,12721,8183,14223,2504
16041,4298,9088,747,12435,2233,14122,3395,6894,1833,9352,4478,8171,16006,2452,4671,13337,13302,10496,11195
5296,9225,1775,10105,3552,4106,5065,2066,13158,8270,14125,11497,8202,16031,14399,8645,4005,13071,7947,15237
6079,4809,1187,2541,14617,3398,7241,13037,11515,13424,5012,11353,9477,1679,12387,10634,11065,9343,7728,14735
9959,115,3279,13444,1652,264,7847,12499,3597,13612,12519,11830,4300,16051,14232,15982,15406,186,1621,12877
12103,473,14942,9910,2177,5951,6112,4318,13968,15487,4272,5758,4193,13143,4329,2858,10991,13941,15850,7617
3941,16086,9168,10498,7647,10954,5648,15006,3466,4680,15195,7107,1907,14353,15806,8058,11918,14820,7561,7033
8591,3485,13488,15308,16158,3075,14219,5163,7753,14369,3731,13197,5635,1366,6488,5670,8822,886,7487,8354
14070,11781,5790,10578,15530,14341,10977,4555,2701,15159,12891,8212,515,6628,13309,2052,3064,15964,6092,4429
6241,14474,6708,8957,9743,11621,2739,14903,15401,2982,454,3026,8670,14565,15634,15269,2423,16198,5461,10685
5836,12992,12803,16000,5173,12121,7860,641,16309,15187,12468,9720,5418,13076,3467,4954,5127,7366,16294,4579
7136,15898,993,13132,10752,971,6369,13852,2367,3355,3136,1546,12723,12747,822,16255,15669,9516,11604,6517
2350,128,11853,7827,6481,12775,11179,4392,9288,6731,1568,10515,10495,15692,14656,11821,577,11213,8846,9220
838,8291,640,994,15457,12824,6091,15933,15268,259,2167,3887,8364,14029,9368,8522,4479,8745,7989,4750
12638,5591,6572,15526,4076,362,9044,5152,15910,10534,13486,8750,12941,8380,10117,7202,15220,12851,13141,10995
15833,10827,5229,13944,6380,217,15567,3287,2635,11073,7322,6613,5054,8615,14691,15875,3153,6623,9726,10277
10303,11991,10941,10812,6133,15233,15706,8849,10512,1347,2644,2763,1817,2121,15157,15920,1667,4870,14137,5273
4574,12514,14712,6591,14459,8551,10297,7745,10509,7427,8764,11736,5825,3983,12987,399,2942,15925,15638,15464
11258,10760,13912,5991,7146,8350,3964,14771,16250,15856,15581,4489,12035,4045,16186,10408,10745,41,4715,2557
12310,14336,13754,354,6785,16298,16029,6952,9181,6047,10930,8294,3590,9590,15215,411,5059,1617,8882,5520
10919,5072,5596,13492,7752,7524,13724,11354,11943,10315,2922,3184,5384,8323,14718,6890,15553,1,5918,7861
10045,12234,5898,12404,12130,14247,9980,13702,5834,4184,908,7181,15639,7088,5760,13139,9005,13649,10219,3536
12243,817,15764,13322,11330,2276,3930,6056,4744,8853,11253,10699,15037,4752,1491,6402,12117,11021,11495,11141
8761,8646,9495,7815,728,6843,3907,4900,737,14529,12812,11532,3567,323,8399,1885,5108,13502,4507,11218
12918,16111,2135,14732,15366,9377,15307,4977,3794,10684,9229,13720,14844,3413,14507,15859,6522,564,15767,8398
7908,7951,7819,8381,14359,16337,12636,12687,7167,3926,12988,10142,2353,1793,6997,6121,14989,12985,8046,855
7486,15048,1603,11313,14458,14266,13608,13393,2807,5743,3704,13835,8173,6258,3416,4480,5858,1343,10558,13541
11878,10528,13746,3143,771,12672,4898,10709,13011,12125,60,9605,6694,10892,757,3481,12962,7655,2950,7087
12719,481,7382,16143,15393,9542,6630,13172,10567,8454,2297,10207,6672,9678,15385,12740,2765,6762,7319,2404
3944,15716,10265,7622,5977,14679,15272,11912,417,9956,10327,5978,14347,8521,12655,5033,4156,11630,7763,5193
8010,3873,1502,1486,14456,2077,4172,1242,2017,10493,9881,14576,8260,379,5793,803,11702,14209,12309,7500
12113,6973,15485,6497,12012,3807,5582,15962,2166,1230,14384,13138,5113,1583,10624,8020,3738,1124,5723,10298
14935,14806,9190,12856,1927,9995,12769,11412,6965,11831,8935,2540,9597,8240,14544,14401,5878,1733,3647,8476
6242,2435,4459,6340,2479,4523,10610,14879,15995,659,16030,11541,15415,16019,841,15027,2567,16341,10565,12316
10549,503,14093,12584,16054,8409,5824,11959,2520,11508,13376,4043,6052,6677,15549,3276,2759,6683,2742,15625
1899,8043,12698,5376,263,1947,16217,1811,9692,15394,4305,11622,13538,3147,7492,9675,6634,3359,12758,5731
1731,3258,4461,13232,2517,7451,6931,4965,3683,14805,829,9080,7258,6649,15063,16007,12380,3845,12991,14505
16346,8452,8528,145,14064,1506,119,5608,4772,7303,622,13990,1065,1517,10140,8145,7325,14190,11824,4055
15022,12455,4734,4642,8723,8090,8592,11731,9437,952,10206,14575,9517,10891,7526,12894,344,11606,296,4719
6861,9389,14742,2117,726,9132,3041,5578,11486,12466,14769,8992,16016,2496,16092,4450,2651,1953,6513,3079
1891,9978,16066,7504,1840,15121,2365,45,13903,137,1331,5705,1692,15193,13103,7698,3315,12236,14153,7842
15600,1786,976,9092,7673,14497,13222,4202,13198,15960,8257,4164,2931,261,6834,10962,15339,8100,1125,10769
1732,7129,10254,4924,9430,6391,12482,14644,14813,7897,1964,12659,6869,948,14810,7975,1012,1332,13977,13326
10970,3238,15569,8267,6267,11799,3545,5525,15973,15574,13034,7578,11059,2407,13654,8598,2936,3414,10424,2529
3066,13304,15162,5266,8590,2010,1141,11626,15791,14669,12922,4386,12739,4278,12350,5939,13307,3707,14244,5996
2691,634,11764,1144,4150,3176,12807,15678,12531,7877,11432,9840,6504,10550,10829,3963,8134,8078,2543,8094
13313,15267,3105,12601,15441,5526,7982,4263,10406,16150,10596,5929,7036,11202,4501,11815,13895,11318,5638,16310
14719,7418,12331,3278,6811,3163,1413,3201,4060,13162,6537,13240,9835,13726,2161,1986,3471,14095,1281,1396
11307,12861,12849,2125,7902,14149,9756,1432,15126,8211,7413,7072,12485,4394,13110,951,11466,4936,11550,11120
10917,11211,12256,14217,199,9868,13636,8872,3967,992,13620,14301,4765,6876,15102,3668,12233,14967,16246,14103
8918,10967,9238,8648,2583,965,4415,8693,15578,85,9211,4614,6399,15488,5486,7619,5327,8500,181,6311
7688,11732,7152,13266,10706,16085,15261,4999,4157,10983,9770,16295,1282,7541,10840,2874,1008,10037,1879,6072
6037,9045,14610,860,14242,3821,5689,13364,2162,682,975,421,7699,2411,7532,3509,14854,8161,15740,15614
10069,11180,15828,9544,2187,11603,247,1812,11143,9301,13594,13497,15731,7331,15751,14702,2083,13478,7321,15273
7924,6085,8588,5508,12678,16079,14637,4990,3874,15348,10705,2501,3121,4283,7656,9940,11648,5823,14686,15123
15375,1838,4801,3837,11163,16034,16017,12869,11855,16207,581,1136,15540,7125,15388,4351,9643,3677,9595,7137
12522,151,13723,13263,5791,12959,3489,6188,14787,2539,3376,141,6715,14313,14134,10646,13894,4237,1299,14211
4778,14094,3805,3463,1307,5154,8008,3516,474,5868,14373,5147,5607,11025,15928,11844,14080,7960,6939,12094
9376,14045,5905,5529,15024,54,4852,1376,3189,3307,8993,12004,2319,16372,1755,1082,6855,4365,10575,15183
15942,2979,8883,13339,12575,15832,292,13402,10605,2282,4831,546,14358,5302,14885,10192,12074,3313,10285,5994
13658,2957,15449,1441,8915,10628,15961,3198,4265,13101,15452,15140,13840,1634,16028,6878,13007,194,9183,10383
6705,3326,14441,11549,4262,3445,13091,14803,8449,10609,4596,2418,13271,10409,1288,5740,1437,575,1633,5820
6631,3061,6186,8253,9370,4009,11627,12284,12844,9666,774,15882,15182,1696,4448,10902,11600,1011,16373,15502
11779,13880,1188,16361,9712,7831,6792,13366,4970,1028,15551,14978,16116,14027,1062,3932,3823,4140,11832,5895
1044,12390,1865,11919,8167,11964,12294,13234,11068,3156,15445,10425,1509,3218,14245,321,15497,7118,13340,9747
4909,2800,9233,11972,3211,15081,13515,5024,12470,5910,1874,8841,11340,2718,8526,9316,2212,3507,352,3729
3592,12367,13015,1088,5436,2007,14104,9789,11336,5568,5367,4728,14913,1671,4007,3255,11544,7293,9192,13300
7884,12568,5999,12619,2918,5488,441,11184,16196,5428,13664,3765,14953,6356,12224,8192,15055,1381,5699,15179
10217,14930,294,15619,4243,14303,14228,6096,8622,6093,15423,4371,1405,8007,10051,16106,13813,13199,13976,8569
2280,4226,12339,7653,23,3366,2396,5283,6574,13564,13493,2762,15656,5117,13849,15835,13367,15851,7697,8731
98,5801,8258,13024,2801,9703,7302,10579,4183,3295,11880,16098,13379,14931,326,5279,12518,7359,15484,6122
5397,630,2565,16324,12542,6835,10255,3870,15330,3772,1397,5679,1681,2250,6313,15618,11941,2667,10678,2000
14917,32,5430,15532,1574,15577,14990,7542,3206,1989,5748,4889,2803,9523,4101,9928,12333,7926,4411,4039
10048,9350,7372,9732,8934,2904,1181,10563,10854,273,7966,9858,5145,12524,12311,1869,10043,14370,11835,12660
12728,9303,13683,6772,11631,894,13766,10508,3758,612,2797,15554,4471,8174,3984,1298,9406,5949,912,5161
3475,8344,15842,7555,15005,16134,11308,1339,11140,16065,1199,13016,15968,11045,8681,13517,10665,14321,4063,4207
8474,10830,5271,15679,4685,651,15997,2871,12355,6914,3129,2449,6961,4132,4250,14595,12064,2868,13982,1554
5803,4510,3260,14444,4282,7300,1164,6682,14760,13532,12699,15877,3716,11564,8300,3140,5304,15671,4537,10437
15327,3438,171,13775,7630,9907,6060,11575,10380,15586,4753,10676,15454,3553,12286,15792,5217,16333,4175,4508
6051,2813,13717,2926,12986,2910,5447,2554,7805,14417,12576,11494,10965,2446,10548,3342,9647,1828,10497,11067
16146,12416,13703,11623,825,11952,958,10340,10842,255,2984,13686,10072,6701,168,1023,9440,16369,16126,9299
14198,6636,15100,12399,6941,10690,14015,9667,10947,10181,318,5409,3244,3824,2996,12289,5176,988,4749,16055
13926,1317,12653,5956,7730,4092,10584,14243,916,4535,10838,13634,8668,15463,11454,12694,16097,5114,5133,6803
5406,3039,9899,3261,1473,4377,11585,12597,11007,2493,8215,11235,9596,15503,8040,6140,7025,15819,9609,7211
5966,12011,4190,12371,11699,3455,5839,1318,863,4802,10612,13786,14470,412,4664,5650,9933,2352,5377,2866
2484,15907,5305,8530,6790,10230,4104,10015,13550,5319,8482,7169,5744,2802,15591,7577,7335,11938,1512,3016
563,5347,10890,3141,15613,15738,6392,13635,11593,16222,8053,284,9457,9562,5354,4466,4833,14377,7277,15781
13655,9387,11749,4286,7439,2791,9242,11169,3515,3114,7833,6604,5349,15815,10703,13067,15932,6970,11074,4024
13247,8342,14001,14664,8147,9155,5875,177,8663,1071,4736,10227,398,8995,639,4849,3225,8900,3518,13377
2431,9113,3495,15713,11638,7156,2960,11463,13728,13255,11679,1219,6107,13289,2638,10232,9456,8466,10927,14213
2285,4120,11616,5537,6671,3760,10191,16277,10480,6405,11666,2654,9865,10594,12386,16188,3149,10879,4036,5535
14974,2223,11945,3868,1373,10332,11519,15332,5544,7774,884,4824,16058,11940,16083,10828,2947,13522,9512,16020
3736,2564,3356,10721,2165,9366,3314,6838,15640,10268,2524,918,6787,15071,7834,1168,10110,191,1387,2716
6035,2457,4634,5692,10431,12666,15641,2324,13320,7721,5492,11829,9460,4387,12577,13395,15703,4566,4667,12969
8807,5941,6492,11687,6658,7536,9939,14808,2296,7803,13388,16199,1208,14650,12271,5045,7906,2312,11171,3103
2731,2709,13273,2188,5817,10321,4926,7090,3737,5952,359,4277,4258,9634,12060,2558,2430,12073,3653,9300
10082,5466,10087,8536,7864,13470,870,15355,8606,2549,13160,12847,8148,8108,9097,9717,1982,13270,12543,6929
8901,509,1142,14638,15357,7830,4412,7440,2849,492,2609,8600,2464,9924,3976,3439,11782,160,10949,16291
6942,6424,9047,14661,8368,875,1034,15086,1875,484,12221,7743,2348,15169,3291,6445,9891,11743,15346,9688
5981,8838,311,9241,15897,9565,4646,12475,3799,9422,6984,3652,5507,15718,1093,10435,13948,6985,6373,14098
11492,7863,424,1836,13020,16035,3829,6598,2232,16283,14284,6449,6993,248,9822,1407,6935,15754,12715,15521
4137,2142,11137,4029,16218,15953,7220,5787,1532,16225,7824,588,13446,2096,1290,4745,12857,11905,6557,10781
11820,1720,13851,11083,463,5490,10988,8998,15379,26,3168,180,8371,8038,9925,6049,11608,1350,10555,11667
9171,9334,7826,2133,8050,7668,11995,2591,12852,10999,5559,8000,1849,6233,5464,5058,6847,13106,7163,12079
2779,9396,2624,3702,1686,11051,16121,14825,8003,13257,5222,10007,14263,6030,14890,13461,13694,16223,16224,16320
3072,620,9798,15701,3682,10198,3920,12238,7624,11297,3071,1507,12973,14436,1900,8774,15785,10318,14383,7093
12994,5136,15161,15809,10291,2015,606,15624,7930,7705,8269,14517,1345,650,16191,4789,9654,15353,13328,9147
4622,10394,6735,14799,10494,15299,5297,10032,7015,15611,12972,8141,1991,11242,9202,548,445,12587,7910,15937
1744,7835,15546,114,6789,3458,3531,12661,7084,4952,3045,13578,2744,274,15376,2408,6660,7034,3831,5763
9364,13053,15020,15930,9319,13902,172,5355,8931,9325,11709,2830,4865,1120,10804,12890,11204,9623,562,7343
5275,8669,12777,15996,5767,7456,2534,15435,14965,1524,15518,3378,9035,2593,5671,13290,8514,2895,16313,9584
8899,13410,5203,7715,12646,12799,5567,9677,8727,10763,9636,1218,4320,4617,7092,13443,14259,9121,1769,2323
11716,11081,8446,8880,15304,13776,10743,13843,10581,11363,3058,1834,8021,1462,1984,7946,10396,11747,3913,4289
391,11983,15364,4084,8834,2155,2786,15118,12664,10225,5168,36,3939,8611,1414,14906,8910,9963,6534,5396
3621,4649,662,14537,12005,6667,1835,228,13182,101,14091,5512,6184,6750,12420,2547,9599,14272,2325,2878
3789,12106,1427,13256,12191,2478,8310,8325,1394,3085,11146,2584,7412,12785,14547,2055,9587,8486,15051,8459
869,1978,8651,14031,11121,121,5119,3744,9089,1979,10576,3504,4315,11310,7918,3606,11278,8385,3174,13999
6854,2522,5972,15034,10683,10036,252,15695,6363,15111,14191,12680,8656,10674,12362,16189,2857,1135,14462,7727
12315,8525,10469,9,13887,8229,9682,3095,793,3233,6141,11914,13029,4449,9902,13591,6678,15697,4654,7840
4825,9015,1121,14773,13155,3338,561,15021,11427,3205,15945,16142,4619,3695,14422,4493,11304,15572,9421,12768
8182,11562,3530,5852,727,4456,9733,13674,7194,8666,8487,6987,11420,8620,2410,13426,4713,6347,6500,9287
13544,12745,5037,1461,5005,4284,5060,8284,11373,3010,8629,293,10304,14074,6110,12586,15258,1094,14163,9388
209,15127,4028,5943,7226,13094,1379,4027,6038,6264,9141,2527,3896,11338,9102,7886,7478,2301,516,2832
1447,13920,15513,5238,6409,10,8248,4214,7789,14873,13898,11701,13662,9927,14194,6780,11710,15952,11453,5363
984,654,46,3025,14693,15010,2227,2590,10802,11256,14344,3802,10885,14500,14009,5398,8087,6011,7133,15737
9455,3448,2032,5143,10350,13870,15887,5432,2260,7659,1557,11044,9967,8037,9931,12382,3689,12377,10897,5958
14162,1446,12872,6191,8678,6704,4165,10535,10474,7002,8089,814,12186,2097,14536,973,9415,2020,13869,4941
2006,10141,15093,9861,2239,9488,1408,2357,14090,5724,15238,12019,1903,10200,15757,3234,173,5672,6342,3563
15468,3268,50,6897,6444,7882,12269,8563,15664,567,7171,1561,15164,9681,11197,12976,14179,1606,1171,8441
11239,2302,1322,13938,12944,4266,6156,7518,14582,7102,8451,8114,14144,14798,13571,7074,14239,4731,3918,5703
4158,11342,6755,13258,9232,15651,4762,3730,2867,8477,6655,7442,7393,14025,7602,5341,3285,15921,14483,3742
1587,2287,2005,15643,11579,15403,4034,12206,12725,5598,9534,2978,13179,15950,2330,6722,8088,10202,16089,14685
8254,13238,4826,2456,4179,2937,9718,7990,2817,12320,4937,2372,13072,11740,3199,4912,504,10616,15816,5379
10749,3523,8529,16105,9249,14187,1772,8939,15758,5550,4605,3089,12737,12142,2084,15494,1878,8016,4659,14580
13323,13772,7254,667,14545,310,3181,1691,2039,4717,2700,2743,8565,2560,5555,9735,14775,3317,9193,9962
